time division length width area intensity CMx CMy
0 0 50.0594 12.5051 626 78.885 609.026 574.425
1 0 51.1051 11.8775 607 80.883 608.758 574.232
2 0 50.0562 11.6869 585 82.2803 609.125 574.354
3 0 54.0965 12.3853 670 80.3881 609.175 572.951
4 0 54.0223 12.6985 686 79.8615 609.293 571.761
5 0 58.0519 12.6783 736 78.9484 609.516 572.136
6 0 61.1287 13.7742 842 76.8373 609.863 568.822
7 0 63.2662 13.0085 823 78.1215 609.821 567.605
8 0 64.1145 12.6025 808 79.6324 610.239 568.35
9 0 66.2622 12.6467 838 79.753 610.158 568.28
10 0 67.2666 12.5322 843 82.0593 610.61 566.116
11 0 71.2497 13.2492 944 79.9396 610.715 565.345
12 0 72.175 13.1486 949 81.0126 610.317 563.026
13 0 73.1869 12.6662 927 82.7001 610.329 562.775
14 0 75.2887 12.2462 922 83.6258 609.946 560.825
15 0 80.2329 13.2365 1062 80.693 610.561 559.787
16 0 81.2933 13.6174 1107 80.6296 610.737 558.117
17 0 86.1897 13.1222 1131 80.8709 610.314 555.708
18 1 47.1496 10.244 483 81.0725 611.364 576.253
19 0 49.2024 11.3816 560 79.5232 610.95 574.198
20 0 50.3344 10.9667 552 80.5815 611.308 573.716
21 0 54.1508 11.7265 635 78.6583 611.044 572.959
22 0 54.1899 11.9579 648 79.4074 611.052 572.31
23 0 54.1712 11.2975 612 81.7467 611.297 570.956
24 0 57.1918 12.4144 710 79.0958 610.958 569.913
25 0 59.0954 12.3698 731 79.3365 611.375 569.382
26 0 60.1417 12.1214 729 80.3759 611.344 568.048
27 0 63.1218 13.5294 854 77.6323 611.803 567.093
28 0 62.0675 11.9869 744 81.5618 611.228 565.98
29 0 66.1609 12.5603 831 79.4116 611.294 565.656
30 0 68.1534 12.7506 869 79.4062 611.463 564.123
31 0 71.2752 13.2444 944 78.5964 611.733 563.033
32 0 72.1872 12.2321 883 80.6455 611.831 561.488
33 0 74.168 13.0245 966 79.1594 611.943 560.719
34 0 79.2033 13.6989 1085 77.012 611.993 560.7
35 0 81.1446 12.9768 1053 78.6135 612.048 559.404
36 0 84.3871 14.0543 1186 76.5236 612.137 556.431
37 0 87.199 13.4291 1171 77.5517 612.131 554.325
38 1 45.0934 10.201 460 78.3043 613.074 577.504
39 0 44.0631 10.2126 450 79.3667 612.393 576.02
40 0 46.0547 10.8784 501 78.0519 612.353 574.715
41 0 49.0397 11.6028 569 76.9508 612.796 573.54
42 0 50.0365 12.5109 626 73.9313 612.296 572.971
43 0 52.0914 12.2093 636 74.4371 611.679 572.467
44 0 53.0378 12.6325 670 74.4881 611.922 570.609
45 0 55.0365 11.6468 641 75.6927 612.668 571.977
46 0 59.0603 12.2925 726 73.3444 612.298 569.982
47 0 60.1319 12.5225 753 74.587 611.744 568.475
48 0 58.0659 12.503 726 75.8926 611.697 568.848
49 0 62.1531 12.8071 796 74.2073 611.59 568.308
50 0 63.0592 12.1632 767 74.7392 610.717 567.05
51 0 66.0707 12.3353 815 74.5816 610.972 565.772
52 0 67.1097 12.636 848 74.3196 611.147 564.278
53 0 71.0501 12.6108 896 73.6674 610.766 563.161
54 0 72.198 12.1195 875 66.2343 610.121 562.265
55 0 74.1034 12.3881 918 67.0349 610.259 561.3
56 0 77.0986 11.816 911 68.6422 610.649 558.24
57 0 81.1738 12.4178 1008 66.5972 610.895 557.256
58 0 84.2301 12.1334 1022 66.6663 610.788 555.944
59 0 87.0442 12.1892 1061 66.5815 610.768 557.494
60 1 48.0454 11.052 531 66.1243 611.463 574.075
61 0 46.0418 10.0126 461 69.3254 611.471 573.876
62 0 51.0839 10.9819 561 66.615 611.772 573.629
63 0 52.0864 10.521 548 68.3522 611.097 571.894
64 0 53.075 11.87 630 66.5111 611.398 572.148
65 0 56.0577 12.5228 702 65.6239 611.839 569.497
66 0 57.0573 12.2333 698 66.7923 611.602 567.907
67 0 56.0499 11.7574 659 68.6935 612.124 567.683
68 0 60.0154 12.2802 737 66.6744 612.186 568.517
69 0 61.0624 12.8066 782 66.3708 612.501 565.399
70 0 64.1213 12.6323 810 66.5753 612.625 564.836
71 0 66.0269 13.1765 870 65.3874 612.844 564.641
72 0 67.0763 13.2387 888 65.6441 613.082 561.359
73 0 68.1195 12.3753 843 67.1423 613.077 562.251
74 0 71.1238 13.8491 985 64.8599 613.289 560.36
75 0 75.0535 13.5237 1015 64.8256 613.695 559.024
76 0 76.0836 13.5114 1028 65.4737 613.609 558.217
77 0 77.1211 13.0574 1007 66.576 613.961 557.584
78 0 80.1272 14.0776 1128 65.2943 613.713 553.803
79 0 83.1308 13.5329 1125 65.8382 614.155 556.068
80 0 86.1244 13.7824 1187 65.6175 614.37 551.963
81 1 44.0358 10.6958 471 67.7877 614.989 571.898
82 0 44.0491 11.2374 495 67.3939 615.287 571.208
83 0 48.0513 11.1548 536 66.5522 615.823 571.386
84 0 46.0886 12.0854 557 67.8492 615.846 568.914
85 0 50.039 12.0706 604 66.9272 616.31 568.977
86 0 51.0821 12.568 642 66.391 616.288 567.095
87 0 53.1167 12.5008 664 66.2048 616.238 566.547
88 0 54.1684 12.978 703 65.4694 616.701 566.211
89 0 55.1304 11.7539 648 66.8627 616.733 564.36
90 0 56.0616 13.3782 750 65.2533 616.605 564.125
91 0 56.0525 12.9521 726 68.405 617.112 563.099
92 0 59.0939 13.5547 801 67.5668 617.104 560.86
93 0 61.0804 13.1139 801 67.9101 617.131 560.22
94 0 62.2231 13.2748 826 67.4722 617.311 560.085
95 0 64.1863 13.3829 859 66.6636 617.406 558.291
96 0 67.0796 13.2231 887 65.9808 617.641 556.628
97 0 69.1049 13.6749 945 91.6339 617.526 558.049
98 0 71.0556 13.1306 933 65.6281 617.483 555.603
99 0 72.0872 12.7623 920 66.6043 617.184 554.041
100 0 77.1084 13.4227 1035 65.8174 617.582 553.474
101 0 78.0687 12.2328 955 67.6859 617.727 551.316
102 1 44.0433 10.9892 484 66.2727 618.157 567.74
103 0 43.0433 11.7324 505 65.4772 618.453 569.232
104 0 44.0321 10.992 484 67.5041 618.366 567.849
105 0 46.0284 11.8188 544 67.6783 618.612 566.145
106 0 46.0857 11.2616 519 68.9229 618.848 565.314
107 0 47.104 12.8651 606 66.896 618.762 564.903
108 0 47.0566 12.1768 573 67.9372 618.279 565.682
109 0 50.064 11.8448 593 67.2496 618.641 564.769
110 0 51.0862 11.4904 587 67.8296 618.584 563.779
111 0 51.1139 12.5406 641 67.3448 618.048 561.619
112 0 53.1562 12.0212 639 67.9922 618.031 561.191
113 0 54.1073 12.5676 680 67.7382 618.032 560.418
114 0 55.1735 12.3791 683 67.5593 618.277 559.848
115 0 58.0952 13.3402 775 65.7935 617.876 559.826
116 0 61.0352 13.5823 829 65.2292 618.133 558.865
117 0 61.0627 13.0522 797 67.34 617.984 557.085
118 0 65.1815 12.9791 846 66.8877 617.995 555.207
119 0 65.1238 13.2517 863 67.19 617.615 554.847
120 0 67.1281 13.6753 918 66.5664 617.605 553.906
121 0 71.1446 13.5499 964 66.6629 617.682 552.085
122 0 73.069 13.4394 982 67.0061 617.794 550.744
123 0 75.1205 13.2986 999 67.5846 618.131 548.912
124 1 40.1555 11.4804 461 65.3254 617.601 568.961
125 0 41.1141 10.3614 426 67.4624 617.824 568.406
126 0 40.0282 11.2671 451 67.1463 617.92 568.188
127 0 42.0517 11.367 478 67.3787 618.092 566.559
128 0 41.0332 12.039 494 68.0526 617.923 565.753
129 0 44.0688 11.7317 517 68.9362 618.029 565.567
130 0 47.0183 13.2927 625 65.792 617.837 565.544
131 0 47.0293 12.8643 605 67.4727 617.403 566
132 0 51.0397 12.4609 636 67.7437 616.943 564.689
133 0 49.052 12.3135 604 69.4636 616.672 564.038
134 0 52.0835 12.7296 663 68.6094 616.57 562.712
135 0 52.0403 12.5672 654 69.7554 616.483 562.254
136 0 55.1048 12.8845 710 69.493 616.392 560.711
137 0 58.0673 13.1744 765 68.8275 616.239 560.207
138 0 59.1158 12.8223 758 69.6187 616.485 559.356
139 0 62.0809 13.4985 838 68.611 616.147 558.162
140 0 64.079 13.3585 856 69.2558 615.926 557.272
141 0 64.0975 13.2298 848 70.7559 615.765 556.445
142 0 68.126 13.6218 928 69.8384 616.088 556.279
143 0 70.0994 12.6963 890 71.3933 615.815 555.089
144 0 73.0695 13.015 951 71.1409 615.866 553.744
145 0 73.0692 12.9877 949 72.0906 616.383 552.865
146 0 78.076 13.9608 1090 69.3697 615.9 551.379
147 1 42.0372 10.9665 461 69.9089 616.725 568.495
148 0 41.0162 9.58157 393 72.1374 616.664 569.331
149 0 41.0561 11.4234 469 71.1365 616.663 566.015
150 0 45.0265 11.5932 522 69.9866 616.63 566.42
151 0 47.0493 12.1149 570 68.5561 616.618 564.974
152 0 48.033 13.0744 628 67.4713 616.64 564.414
153 0 47.1299 12.073 569 69.4359 616.35 564.714
154 0 49.1027 12.26 602 69.5781 616.791 564.233
155 0 54.1507 12.4467 674 67.7003 617.151 564.832
156 0 55.1068 13.4285 740 66.8378 617.308 564.726
157 0 54.1536 12.6123 683 69.2035 617.346 563.037
158 0 55.0757 12.9821 715 68.7021 617.192 562.439
159 0 57.1376 12.2336 699 69.6667 617.17 562.19
160 0 60.1015 13.3108 800 68.0188 616.959 560.382
161 0 62.1377 12.762 793 68.715 616.858 559.396
162 0 63.1797 12.8997 815 68.708 616.908 558.723
163 0 66.102 13.5851 898 67.4699 616.509 558.487
164 0 68.168 12.7772 871 69.1079 616.458 556.646
165 0 69.0886 12.6359 873 69.2199 616.922 554.659
166 0 71.0879 13.0683 929 68.7922 616.803 553.565
167 0 75.192 13.8845 1044 66.8218 617.352 552.887
168 0 76.1735 12.9704 988 69.0051 617.932 551.843
169 0 78.1446 12.5025 977 69.6264 617.696 551.367
170 0 80.1901 12.5202 1004 69.8805 617.87 548.21
171 1 42.2383 11.8613 501 69.5309 618.856 567.691
172 0 44.2214 11.6459 515 69.7981 618.338 567.452
173 0 46.136 12.5932 581 68.2754 618.408 566.682
174 0 48.1791 12.3913 597 69.2194 618.283 564.838
175 0 49.1519 12.2274 601 69.6772 618.408 563.938
176 0 50.1072 12.8125 642 68.8754 618.833 562.679
177 0 52.1635 13.0743 682 68.0733 618.771 561.708
178 0 53.0446 12.3104 653 69.8423 618.991 561.628
179 0 55.0691 13.8553 763 67.5963 618.634 560.096
180 0 57.0437 13.0777 746 68.248 618.862 560.515
181 0 59.0923 13.0982 774 68.9057 618.708 558.535
182 0 60.1155 12.5259 753 69.9044 618.845 556.896
183 0 63.1009 13.0584 824 68.6966 618.374 556.206
184 0 64.1211 13.1626 844 68.5332 619.225 556.519
185 0 67.0575 13.3617 896 68.5859 618.729 554.589
186 0 68.0494 13.3726 910 69.333 619.27 552.441
187 0 70.0663 12.9163 905 69.4619 619.406 551.845
188 0 72.146 13.445 970 69.0485 619.435 550.074
189 0 76.1302 13.004 990 69.9071 619.308 547.341
190 0 78.1046 12.9186 1009 70.6323 619.395 546.301
191 1 41.0439 10.6959 439 70.3007 619.923 565.519
192 0 42.0381 11.0614 465 69.5333 620.297 565.488
193 0 42.0587 11.1511 469 68.2324 620.294 564.972
194 0 45.0338 11.7245 528 66.1496 620.275 564.328
195 0 45.0285 12.3477 556 65.1888 620.917 563.597
196 0 45.0285 12.2589 552 160.288 620.933 563.625
197 0 49.1267 12.6001 619 66.1454 620.255 560.572
198 0 49.0752 11.6148 570 69.607 620.449 560.095
199 0 54.1876 11.9954 650 67.9062 620.052 559.02
200 0 54.1434 12.393 671 68.0611 620.262 558.368
201 0 56.1227 12.7578 716 67.3128 620.511 556.496
202 0 60.0595 13.1037 787 65.8145 620.33 556.578
203 0 61.0931 13.2585 810 66.037 620.153 556.307
204 0 63.0628 13.1932 832 66.2861 620.162 555.337
205 0 63.0776 12.3499 779 68.3697 620.361 552.261
206 0 67.0582 13.5256 907 66.3319 620.372 551.936
207 0 69.0624 13.2634 916 66.7031 620.507 551.776
208 0 69.0445 13.2813 917 67.3217 620.896 550.656
209 0 71.0956 13.1794 937 67.4642 620.454 548.763
210 0 74.0579 13.503 1000 66.838 620.439 546.898
211 0 78.0661 13.6807 1068 65.8006 620.309 545.195
212 0 81.154 12.8028 1039 66.8094 620.148 545.629
213 0 85.092 13.6088 1158 65.3351 620.222 547.016
214 0 87.0787 13.505 1176 66.2024 620.361 541.28
215 0 89.1251 13.812 1231 65.7108 619.957 540.392
216 1 48.0275 10.9937 528 65.6799 619.733 562.693
217 0 50.0423 12.1697 609 64.7685 619.228 560.787
218 0 51.025 11.1318 568 66.2958 619.012 560.868
219 0 53.1537 12.906 686 63.6516 618.421 559.004
220 0 54.1216 12.1393 657 65.8813 617.979 560.076
221 0 57.0874 12.0517 688 66.2035 618.124 558.86
222 0 59.1209 12.8888 762 65.0171 617.92 557.6
223 0 59.0222 12.4191 733 66.2674 617.714 558.252
224 0 61.0554 13.0046 794 65.8086 618.069 556.36
225 0 62.0833 12.6604 786 66.43 617.827 556.173
226 0 64.1434 12.9709 832 66.4075 617.591 554.412
227 0 64.1434 12.9086 828 170.054 617.592 554.407
228 0 69.1032 13.6028 940 66.2287 616.996 552.689
229 0 70.1713 13.4813 946 66.9006 617.235 552.36
230 0 74.0703 13.5277 1002 66.3962 617.31 550.694
231 0 76.0938 13.6673 1040 67.1183 617.202 548.795
232 0 80.1821 14.043 1126 66.6874 617.09 549.525
233 0 81.1178 13.0551 1059 69.2125 617.355 547.06
234 0 86.3575 13.6062 1175 67.5889 617.22 547.729
235 0 86.2328 14.1478 1220 68.0934 617.409 545.52
236 0 90.1797 13.7392 1239 69.2179 617.429 542.552
237 0 92.136 14.0553 1295 69.2903 617.285 539.986
238 0 95.1594 13.8925 1322 69.9667 617.098 540.567
239 0 99.2421 13.9356 1383 70.1981 617.098 538.513
240 0 101.345 13.9326 1412 69.1537 617.086 538.073
241 0 104.19 13.1394 1369 70.5252 616.671 536.115
242 0 109.205 14.3309 1565 68.7898 616.499 532.463
243 0 112.195 13.7974 1548 69.5245 616.275 532.285
244 0 117.238 14.6284 1715 67.712 616.338 531.35
245 1 57.0419 11.6055 662 69.0453 616.539 561.665
246 0 57.0956 12.1551 694 69.4294 616.278 559.68
247 0 58.0617 12.0217 698 69.8123 616.223 557.845
248 0 62.0582 12.1982 757 69.321 616.382 557.543
249 0 62.121 12.6849 788 68.9607 616.208 555.08
250 0 66.104 12.2232 808 68.8861 616.337 556.199
251 0 68.1038 13.0389 888 68.1678 616.225 554.34
252 0 69.1692 12.8381 888 68.3975 616.455 553.269
253 0 75.2251 14.0379 1056 66.0369 616.304 551.631
254 0 75.2751 13.1252 988 68.3026 616.242 550.191
255 0 79.4181 12.0502 957 69.8171 616.54 548.602
256 0 82.3304 12.7899 1053 68.8272 616.236 546.181
257 0 86.4245 13.6535 1180 66.7856 615.914 547.177
258 1 44.3788 10.6357 472 69.3136 615.72 566.881
259 0 47.1975 11.0175 520 68.9365 616.044 566.756
260 0 47.3554 11.5932 549 69.0929 615.546 565.898
261 0 48.2236 11.8407 571 68.373 615.765 565.184
262 0 50.1728 12.6563 635 68.2756 615.51 563.345
263 0 51.0739 13.5294 691 66.8263 615.789 564.757
264 0 52.1548 12.1945 636 69.1761 615.484 564.052
265 0 55.2679 12.756 705 68.1248 615.513 563.217
266 0 57.0142 12.8565 733 68.4734 615.506 561.971
267 0 58.104 12.8391 746 69.2292 615.378 561.912
268 0 60.2898 12.5229 755 69.8225 615.686 559.587
269 0 62.2254 13.0815 814 68.7973 615.645 558.308
270 0 63.1889 13.515 854 68.897 615.948 557.06
271 0 67.1237 13.7954 926 67.6674 616.019 555.596
272 0 68.2949 12.4753 852 69.9026 615.854 555.447
273 0 70.4278 13.4464 947 68.6938 615.847 553.356
274 0 73.2427 12.6293 925 70.2032 616.124 551.73
275 0 74.274 12.8039 951 69.9905 616.687 551.364
276 0 77.2219 13.6101 1051 69.2873 616.699 549.552
277 0 81.4345 14.6007 1189 66.9706 616.874 549.373
278 0 84.3302 13.8029 1164 68.5129 617.138 547.547
279 0 85.301 13.3293 1137 70.0413 616.936 546.169
280 0 88.2535 13.2573 1170 70.2427 617.591 544.067
281 0 91.2988 13.1656 1202 70.0824 617.558 541.774
282 1 48.0559 10.7999 519 69.1888 617.759 566.224
283 0 48.0681 11.6917 562 68.8701 617.9 565.226
284 0 51.0086 13.0174 664 67.3509 618.348 562.961
285 0 52.0545 11.9682 623 68.504 618.52 563.079
286 0 54.1419 12.3564 669 68.0359 618.901 562.271
287 0 57.0693 13.1594 751 66.5073 618.827 561.86
288 0 58.0473 13.4373 780 66.8564 618.873 560.072
289 0 59.057 13.0721 772 66.9352 618.968 558.898
290 0 60.0911 13.4462 808 66.8205 618.933 556.938
291 0 63.0886 13.9011 877 65.61 619.478 556.425
292 0 65.1123 12.5936 820 67.7549 619.848 555.154
293 0 65.1123 12.6397 823 169.586 619.842 555.134
294 0 68.1153 13.022 887 67.4927 620 553.821
295 0 72.1115 14.1586 1021 65.6024 620.207 551.951
296 0 75.0515 13.6173 1022 66.183 620.317 550.548
297 0 77.147 14.0252 1082 66.0887 620.345 549.825
298 0 80.0646 14.0636 1126 65.4494 620.12 549.55
299 0 83.2988 13.4216 1118 67.0259 620.353 546.422
300 0 83.1526 13.7939 1147 67.2633 620.528 546.29
301 1 44.1857 11.6554 515 67.1864 621.249 567.219
302 0 45.0314 12.4802 562 66.9288 621.247 565.687
303 0 47.0362 12.4585 586 68.1416 621.491 563.637
304 0 48.1516 13.2498 638 66.7414 620.966 563.475
305 0 51.0967 13.132 671 67.0835 621.383 561.283
306 0 51.1528 13.6649 699 66.319 621.262 560.19
307 0 53.0692 14.2456 756 65.2513 621.324 559.583
308 0 55.1086 13.6821 754 65.4828 621.436 559.741
309 0 55.1374 12.9676 715 67.6643 621.529 557.702
310 0 59.0992 13.2151 781 66.3099 621.504 556.727
311 0 60.0619 13.0865 786 66.5891 620.874 556.464
312 0 60.0619 13.1198 788 172.678 619.857 556.505
313 0 65.3034 13.8278 903 65.577 620.89 553.508
314 0 69.266 14.567 1009 63.3489 620.964 552.779
315 0 69.1271 14.3359 991 64.3855 620.607 552.354
316 0 71.1462 14.1118 1004 166.605 620.587 552.05
317 0 74.1019 13.6299 1010 65.8396 620.433 549.783
318 0 78.1006 13.8283 1080 65.188 620.791 547.742
319 1 40.0684 11.4055 457 67.2188 621.201 567.068
320 0 40.057 11.7333 470 68.6851 620.938 565.6
321 0 42.1033 13.0868 551 66.4936 620.996 564.617
322 0 42.1259 13.3172 561 65.6453 620.8 565.56
323 0 43.047 12.6373 544 67.3897 620.816 563.926
324 0 46.1752 13.817 638 65.069 619.925 562.353
325 0 48.1699 13.9091 670 65.7104 619.6 561.118
326 0 49.0411 14.4776 710 64.9775 619.642 559.738
327 0 52.1009 14.5295 757 64.2919 619.931 560.188
328 0 52.0578 13.4658 701 66.729 619.73 558.986
329 0 54.1591 14.0696 762 65.8097 619.57 559.332
330 0 55.1933 14.0234 774 66.2817 619.14 557.903
331 0 58.0909 14.133 821 65.9842 618.515 556.263
332 0 59.118 14.3104 846 65.805 619.044 557.654
333 0 62.3261 13.5898 847 67.1535 618.872 555.489
334 0 64.2671 13.8951 893 67.0605 618.613 554.609
335 0 67.1837 13.8724 932 67.2436 618.703 553.085
336 0 69.2829 14.8089 1026 66.4123 618.304 551.908
337 0 70.2932 14.3399 1008 68.0655 618.167 550.132
338 0 72.1868 14.7811 1067 68.1481 618.274 550.188
339 0 74.2129 14.2428 1057 69.7105 617.816 548.278
340 0 76.2782 13.2803 1013 71.1836 617.956 549.307
341 0 80.5225 14.4928 1167 69.9083 617.686 545.886
342 1 39.3421 12.8361 505 72.6733 617.873 565.366
343 0 40.3627 13.3539 539 72.1132 617.805 564.957
344 0 42.3691 13.642 578 72.91 617.611 564.228
345 0 43.2665 14.0062 606 72.3845 617.545 563.469
346 0 44.0889 14.8337 654 71.2003 617.752 562.372
347 0 46.1207 14.2236 656 71.9207 616.974 563.512
348 0 46.3586 13.6329 632 73.7057 617.092 562.642
349 0 49.2901 14.7697 728 71.3379 617.003 561.438
350 0 50.2529 14.6857 738 72.0786 617.959 560.356
351 0 52.2453 13.5514 708 73.7387 617.593 558.903
352 0 55.4729 14.3493 796 72.0804 617.673 559.848
353 0 55.1286 14.4752 798 72.8672 617.228 558.282
354 0 58.4085 14.7752 863 71.6454 617.651 558.483
355 0 58.4559 14.5922 853 72.9168 617.613 557.11
356 0 63.3414 14.7771 936 71.8387 616.929 556.087
357 0 65.2939 15.0244 981 70.7859 616.33 555.627
358 0 65.2016 13.9567 910 73.7934 615.676 555.184
359 0 69.24 13.6048 942 73.5701 616.161 552.315
360 0 72.4405 14.26 1033 72.062 616.507 551.986
361 0 74.3555 14.4576 1075 72.1479 616.475 549.016
362 1 36.6657 12.8458 471 74.5648 616.047 566.586
363 0 38.2974 12.0113 460 75.7478 616.05 565.58
364 0 40.2509 12.8941 519 74.8439 616.114 564.499
365 0 42.5476 12.6212 537 74.7821 616.112 564.19
366 0 44.3418 13.9597 619 72.8708 616.795 563.126
367 0 46.2947 14.5589 674 72.184 616.653 562.031
368 0 48.497 13.1142 636 74.011 616.453 562.698
369 0 50.5047 13.9195 703 71.4822 617.014 563.718
370 0 51.2763 14.1976 728 72.0302 617.716 559.367
371 0 51.5157 14.2675 735 72.566 617.336 558.631
372 0 56.3236 14.0794 793 71.0593 617.508 558.042
373 0 58.4626 13.9576 816 71.2623 617.511 557.189
374 0 60.5807 13.7172 831 71.8339 617.3 556.649
375 0 62.3299 13.4927 841 72.8597 616.949 554.6
376 0 64.4347 13.9366 898 70.137 616.994 554.287
377 0 66.21 13.8348 916 70.5688 616.658 552.139
378 0 68.3163 13.7595 940 70.4904 617.274 551.913
379 0 71.2642 13.7516 980 70.1653 617.473 549.291
380 0 74.4234 14.619 1088 68.9485 617.825 547.054
381 0 78.2148 13.7826 1078 69.8776 618.358 547.842
382 1 41.211 11.6716 481 71.6674 617.886 564.95
383 0 43.1176 12.7094 548 69.7482 617.971 564.741
384 0 45.1819 13.3018 601 68.9484 618.579 562.674
385 0 46.0438 13.1179 604 70.1175 618.603 561.452
386 0 48.1136 12.7407 613 69.7798 619.325 561.349
387 0 49.179 13.156 647 69.5301 619.706 560.444
388 0 51.1583 12.8816 659 69.8027 619.938 559.493
389 0 52.1836 12.8201 669 70.42 619.587 558.567
390 0 55.0806 13.3622 736 68.9878 619.602 556.817
391 0 56.1772 13.0302 732 69.9249 619.913 555.907
392 0 56.4301 12.9541 731 70.4514 619.836 555.787
393 0 59.0892 13.3019 786 70.1667 619.842 553.929
394 0 63.1386 13.7 865 68.9988 619.956 552.941
395 0 64.3381 13.0405 839 69.7902 619.923 551.238
396 0 66.3419 13.1742 874 70.1705 620.902 549.793
397 0 68.2685 12.4801 852 71.1925 620.521 549.737
398 0 70.6887 12.9299 914 71.2265 621.536 549.104
399 0 72.7576 13.1258 955 71.3906 621.06 547.166
400 1 41.4072 10.7228 444 67.3131 622.243 565.155
401 0 42.3541 11.1677 473 66.6237 622.279 563.448
402 0 41.3927 10.8957 451 67.9002 622.461 562.401
403 0 44.3493 11.229 498 65.4076 622.309 563.133
404 0 46.3431 10.8107 501 65.7545 622.611 561.762
405 0 46.3065 11.2511 521 65.7985 622.321 561.426
406 0 48.3602 10.9801 531 65.435 622.456 561.49
407 0 50.2904 11.8313 595 64.3445 622.2 559.161
408 0 51.2952 10.4883 538 66.0669 622.405 558.645
409 0 52.2834 11.036 577 65.331 622.241 559.251
410 0 54.2406 10.73 582 65.0515 622.273 558.558
411 0 57.3162 10.9219 626 64.4105 622.019 558.157
412 0 59.2539 11.4423 678 63.2861 621.942 556.378
413 0 60.172 11.4006 686 64.2536 621.52 553.538
414 0 62.248 11.5345 718 63.9067 621.428 553.727
415 0 65.2434 11.3575 741 64.1457 621.305 552.799
416 0 65.3857 11.9292 780 63.8641 621.347 550.703
417 0 67.3073 11.2172 755 65.0013 621.453 550.672
418 0 70.306 11.8624 834 64.2746 621.355 547.8
419 0 72.4235 10.9909 796 64.8781 620.863 548.095
420 0 75.4068 12.0944 912 63.4682 620.405 546.465
421 0 77.4457 11.6081 899 63.8209 620.113 546.577
422 0 80.586 12.1485 979 63.858 619.37 545.056
423 1 42.4738 9.65301 410 63.4732 619.702 565.039
424 0 44.4969 10.4726 466 61.8348 620.054 564.337
425 0 46.3758 10.9971 510 62.0627 619.202 562.375
426 0 45.3813 10.2245 464 63.7586 619.131 562.998
427 0 48.3017 11.2211 542 62.1808 619.004 561.843
428 0 49.2969 11.238 554 62.4621 618.749 561.112
429 0 49.2892 10.0631 496 64.9738 618.986 561.825
430 0 51.3161 10.7374 551 64.6279 618.817 559.639
431 0 53.3058 11.4997 613 63.8597 618.527 559.101
432 0 55.2853 11.7029 647 64.3447 618.606 558.017
433 0 55.2756 11.6507 644 64.0047 618.29 557.234
434 0 57.2285 10.9386 626 65.1901 618.292 555.427
435 0 59.2457 10.6843 633 65.4013 618.251 556.916
436 0 62.2484 11.5023 716 63.0223 618.14 554.496
437 0 62.2207 10.6878 665 65.1549 618.119 555.092
438 0 65.2131 11.9914 782 63.4412 617.643 552.794
439 0 68.1962 11.8188 806 63.2506 617.614 552.648
440 0 69.1872 10.8691 752 63.7327 617.366 552.448
441 0 72.2378 11.4345 826 63.1174 617.383 550.22
442 0 73.4322 11.5072 845 62.7976 617.159 549.927
443 0 75.2673 11.3462 854 62.9637 617.201 551.056
444 0 80.3024 11.0582 888 63.0124 617.627 550.002
445 0 83.26 11.338 944 62.8411 617.796 548.456
446 1 43.1939 9.39947 406 62.7266 618.64 567.399
447 0 44.1743 10.3227 456 62.2829 618.419 566.263
448 0 44.2524 10.2367 453 62.7373 617.993 565.02
449 0 48.3508 10.9202 528 61.553 617.513 563.955
450 0 49.3045 11.0943 547 61.8117 617.32 562.781
451 0 50.0308 11.5529 578 63.1471 618.784 560.697
452 0 52.0657 12.2345 637 62.1256 618.394 560.446
453 0 53.0766 11.8319 628 63.0494 617.568 560.6
454 0 53.0373 12.3875 657 62.8143 617.551 560.143
455 0 55.0741 11.9838 660 63.0803 616.908 559.148
456 0 57.2072 12.5684 719 62.5661 616.713 557.876
457 0 57.1098 12.8174 732 62.8811 616.904 557.633
458 0 62.3446 13.1046 817 61.8152 616.859 557.417
459 0 61.2692 13.4325 823 61.8092 617.806 555.179
460 0 63.5263 13.2071 839 62.5864 618.155 554.826
461 0 64.3997 13.4007 863 63.0788 617.666 555.262
462 0 68.417 13.3446 913 62.7437 617.923 554.241
463 0 71.4262 13.7485 982 62.2892 617.087 553.586
464 0 72.2648 12.7448 921 64.7329 617.329 550.076
465 0 73.449 13.1928 969 64.8896 617.505 550.049
466 0 76.4308 13.6594 1044 64.0048 617.117 549.382
467 0 81.6222 12.9622 1058 64.7543 616.952 547.073
468 0 83.2633 13.6074 1133 64.3954 616.456 545.071
469 1 43.2769 10.5599 457 65.663 617.584 567.376
470 0 44.2589 10.6871 473 65.9725 617.154 566.3
471 0 46.3199 11.0968 514 66.323 617.381 565.319
472 0 48.3 12.1118 585 65.0667 617.361 564.41
473 0 48.2048 12.7166 613 65.9527 616.589 564.488
474 0 50.2324 12.3426 620 67.0871 617.056 564.326
475 0 52.1171 12.2992 641 66.9189 617.279 563.676
476 0 53.1062 12.0137 638 67.2053 617.056 563.273
477 0 55.101 12.341 680 66.3603 617.24 559.803
478 0 57.0605 13.2316 755 65.6252 617.113 559.654
479 0 60.2184 12.903 777 65.8327 616.893 559.337
480 0 61.0486 12.9569 791 65.6359 617.374 558.219
481 0 61.1115 12.9599 792 66.2424 617.338 557.631
482 0 64.1671 12.7947 821 65.9172 617.459 557.21
483 0 66.1005 12.829 848 66.1498 617.267 554.334
484 0 69.1212 13.2087 913 65.5882 617.097 554.142
485 0 72.0909 13.4552 970 65.4 617.501 552.043
486 0 74.1022 13.0091 964 66.1245 617.723 550.528
487 0 75.1076 12.076 907 67.5259 617.777 550.624
488 0 79.2056 12.6254 1000 66.706 617.828 549.642
489 1 39.0784 11.1571 436 66.9656 617.95 567.858
490 0 42.0324 10.825 455 66.7648 617.958 568.585
491 0 44.0723 11.1862 493 66.2394 618.032 567.951
492 0 45.0808 12.3778 558 64.6039 618.156 566.077
493 0 47.0694 11.4087 537 65.8827 617.905 564.978
494 0 46.0331 11.8827 547 66.1883 618.431 563.307
495 0 47.03 11.8435 557 66.6284 618.35 563.228
496 0 49.0799 12.3676 607 65.5898 618.275 562.031
497 0 51.0079 12.0766 616 66.0373 617.911 560.549
498 0 53.0182 13.2596 703 64.862 618.708 559.324
499 0 54.0662 12.5772 680 65.8956 618.279 558.493
500 0 58.089 12.8251 745 65.2644 618.2 558.176
501 0 59.1282 13.0056 769 65.0546 618.57 557.618
502 0 59.1134 13.2627 784 65.824 618.108 556.395
503 0 61.0807 13.9324 851 64.7626 618.228 555.295
504 0 65.1001 13.9631 909 63.9648 618.089 555.626
505 0 65.0916 13.3965 872 65.7087 618.401 554.562
506 0 68.0871 13.3799 911 65.2755 617.931 552.649
507 0 70.0988 13.7092 961 65.436 618.579 551.86
508 0 73.0929 13.7496 1005 65.1751 618.312 550.103
509 0 73.0938 13.0244 952 67.3918 618.453 550.169
510 0 78.0851 13.7927 1077 65.4522 618.22 549.221
511 0 81.1146 12.8953 1046 66.7304 618.328 546.931
512 1 42.1054 11.0675 466 70.0451 619.114 565.506
513 0 44.0906 12.1341 535 67.9252 619.329 566.944
514 0 45.0729 11.8697 535 69.3308 619.406 565.454
515 0 47.2329 11.9197 563 68.7247 619.034 563.961
516 0 49.2412 12.388 610 66.8098 618.99 562.89
517 0 52.1073 12.3591 644 66.6584 619.057 561.834
518 0 54.0981 13.1982 714 64.972 618.896 560.669
519 0 54.178 11.9236 646 67.0743 618.613 561.344
520 0 58.217 13.1577 766 64.9648 618.804 559.527
521 0 57.2167 12.5837 720 66.8083 618.779 559.436
522 0 59.2387 12.6606 750 67.2667 618.852 557.247
523 0 61.0883 13.636 833 65.7935 619.798 557.292
524 0 62.1985 12.2833 764 68.3076 620.008 557.253
525 0 65.111 13.3618 870 67.008 619.987 554.51
526 0 65.2617 12.197 796 69.9158 620.062 554.239
527 0 69.2166 13.595 941 67.2922 620.279 552.702
528 0 71.2626 12.9661 924 68.276 620.475 551.824
529 0 74.388 13.3624 994 67.9266 620.688 550.584
530 0 76.3262 13.2851 1014 68.4556 620.315 549.353
531 1 41.1808 11.2431 463 68.1231 620.944 568.102
532 0 41.0854 11.3909 468 69.5577 620.553 566.137
533 0 43.3729 11.136 483 68.7433 620.723 565.814
534 0 44.3581 12.1962 541 68.4529 621.1 564.085
535 0 46.1962 12.014 555 68.0144 620.877 563.187
536 0 46.4275 12.5141 581 68.895 620.633 562.141
537 0 50.2124 12.3874 622 68.172 620.31 560.894
538 0 51.1369 13.3367 682 66.6012 620.935 559.786
539 0 52.2037 13.0642 682 67.2786 620.963 558.45
540 0 52.2944 12.7165 665 68.1669 620.568 558.486
541 0 55.2175 12.8039 707 67.9533 620.795 558.066
542 0 56.2785 13.22 744 67.4368 620.297 557.09
543 0 58.3591 12.5944 735 68.8748 620.322 556.848
544 0 60.196 12.9909 782 68.2136 620.019 555.127
545 0 61.5136 13.688 842 67.5202 620.05 555.422
546 0 64.2208 13.1577 845 68.2213 619.741 554.976
547 0 65.3973 13.0128 851 68.3231 619.409 554.281
548 0 68.2219 13.8519 945 66.8741 619.634 551.581
549 0 68.331 12.7907 874 69.4199 619.699 550.771
550 0 72.2382 13.0679 944 68.8136 619.375 550.433
551 0 73.5172 13.0038 956 69.4749 619.547 550.832
552 0 76.3148 13.9422 1064 68.4323 619.558 548.455
553 0 77.427 13.6387 1056 69.8286 619.443 547.33
554 0 80.5263 13.3869 1078 70.1345 618.902 547.367
555 0 82.3594 13.9268 1147 70.34 619.846 546.065
556 0 86.5129 13.7667 1191 70.3552 619.653 544.53
557 0 88.5278 14.0973 1248 70.0681 619.246 543.426
558 1 48.3943 11.6543 564 71.1578 619.64 563.135
559 0 51.4522 11.1949 576 72.4948 619.307 562.394
560 0 51.3153 11.4586 588 72.801 619.561 562.071
561 0 54.2478 12.1111 657 72.1872 619.116 561.184
562 0 55.3251 12.3994 686 71.1443 619.226 560.608
563 0 55.6034 13.1287 730 71.5986 618.755 559.573
564 0 59.4882 13.0782 778 71.1478 618.59 558.708
565 0 59.1862 12.9591 767 72.3703 618.572 557.529
566 0 62.2168 13.5976 846 70.9586 618.306 556.258
567 0 65.1859 14.0368 915 69.5727 618.528 554.822
568 0 66.3649 13.1696 874 71.1957 618.997 554.701
569 0 69.3305 13.6015 943 69.6893 618.795 552.043
570 0 71.2006 13.2021 940 70.8394 618.738 551.541
571 0 74.3162 13.6848 1017 69.939 618.732 550.473
572 0 74.4557 13.3771 996 71.0331 618.607 549.242
573 0 79.3227 13.6783 1085 70.5032 618.76 547.746
574 0 81.2782 14.4073 1171 68.8659 618.717 546.735
575 0 84.1954 14.2407 1199 69.6622 618.239 544.581
576 0 85.36 13.941 1190 71.5815 618.03 542.775
577 0 89.489 13.633 1220 71.1205 617.502 541.968
578 1 44.7259 10.419 466 72.706 617.433 564.672
579 0 48.4241 11.8742 575 71.24 617.87 562.247
580 0 49.4248 11.8159 584 71.7397 617.349 562.558
581 0 51.6395 11.9095 615 71.3382 617.223 561.631
582 0 53.5733 12.4129 665 70.6992 617.414 560.871
583 0 55.3535 12.4473 689 70.9405 616.858 559.907
584 0 55.3914 12.6734 702 70.594 617.085 559.983
585 0 56.4931 13.2583 749 69.968 617.251 559.726
586 0 58.6337 13.0471 765 70.1621 617.583 557.288
587 0 60.4812 13.0619 790 69.6418 616.692 557.635
588 0 62.7076 13.4434 843 69.0985 617.269 556.849
589 0 61.4248 12.6822 779 70.4685 616.979 555.874
590 0 66.5472 13.1486 875 68.0651 616.669 555.475
591 0 68.5101 12.801 877 69.0068 616.36 553.066
592 0 70.7587 13.3553 945 67.672 616.223 552.054
593 0 72.4137 13.1053 949 68.3836 616.085 551.26
594 0 75.6942 13.8056 1045 66.8383 616.152 549.295
595 0 77.6437 13.7423 1067 66.0665 616.101 547.837
596 0 81.7468 13.444 1099 65.909 616.171 548.005
597 0 85.8726 13.1707 1131 65.6782 616.048 548.427
598 0 87.802 13.5532 1190 64.6765 616.272 546.105
599 0 92.6528 13.8582 1284 64.1386 616.322 543.404
600 1 48.6111 11.3966 554 65.1534 616.69 565.399
601 0 49.4815 10.7313 531 66.0395 615.932 565.181
602 0 50.687 11.206 568 65.5616 616.049 563.489
603 0 52.645 11.891 626 64.2859 615.984 562.907
604 0 54.6521 12.5704 687 63.2445 615.876 562.962
605 0 56.7629 13.2481 752 61.8843 616.528 561.461
606 0 57.5742 13.1482 757 62.3593 616.181 560.254
607 0 60.4665 12.9328 782 62.9271 616.468 559.535
608 0 62.5568 12.9323 809 64.1347 616.01 558.284
609 0 62.5932 12.6371 791 64.8394 615.932 556.724
610 0 65.5849 13.5854 891 63.6195 616.318 555.294
611 0 66.6117 13.7664 917 64.3871 616.024 554.875
612 0 69.5248 13.1608 915 65.2481 615.887 553.298
613 0 71.5955 14.0791 1008 64.7093 616.513 552.737
614 0 73.68 13.0429 961 66.5151 616.545 550.633
615 0 77.554 13.8484 1074 65.5019 616.552 549.764
616 0 80.6192 14.0537 1133 65.7705 616.232 548.436
617 0 81.6413 13.7308 1121 66.2988 616.446 546.919
618 0 84.6801 13.6278 1154 67.1239 616.341 546.211
619 0 86.463 13.7978 1193 66.5239 616.343 544.738
620 0 89.3921 13.7708 1231 66.762 616.377 543.634
621 1 44.4818 10.9033 485 66.6454 616.656 568.103
622 0 45.3245 11.8258 536 67.6287 616.924 565.838
623 0 46.2982 12.4195 575 67.3061 617.064 565.666
624 0 46.3837 12.5044 580 67.9655 616.421 563.183
625 0 50.4208 13.0898 660 65.7485 616.802 563.409
626 0 48.3602 12.7584 617 68.0583 617.147 562.575
627 0 51.3968 12.1408 624 69.1138 617.42 562.266
628 0 55.3982 13.069 724 66.8854 617.773 561.388
629 0 55.2435 13.1056 724 67.9047 617.667 561.329
630 0 58.4576 13.6338 797 66.5997 617.913 560.868
631 0 58.5584 13.4225 786 67.3321 617.884 560.008
632 0 60.335 13.6405 823 67.4666 617.937 558.104
633 0 61.2972 12.9859 796 68.5477 618.048 557.108
634 0 63.3183 14.1349 895 66.8492 617.904 556.669
635 0 66.4056 13.2218 878 67.6629 618.429 554.762
636 0 68.3653 13.9691 955 66.7016 618.067 554.038
637 0 71.2655 14.1583 1009 66.1744 618.326 551.744
638 0 72.2434 13.9528 1008 66.6369 618.486 550.785
639 0 75.5154 13.0569 986 67.6704 618.938 550.407
640 0 77.2561 13.4099 1036 67.5985 618.75 548.656
641 0 80.4136 13.6544 1098 66.8989 619.122 548.014
642 0 84.3636 13.8093 1165 66.5039 619.775 547.241
643 0 86.2538 13.6342 1176 66.949 620.05 543.851
644 0 86.2413 14.1463 1220 66.9926 619.923 541.835
645 0 90.3373 13.7153 1239 67.3245 620.138 541.939
646 0 94.219 13.7021 1291 66.8435 620.088 540.247
647 0 96.2486 14.3379 1380 65.6399 620.551 537.61
648 1 53.2223 10.2776 547 68.1682 621.172 560.576
649 0 56.1675 12.0888 679 65.62 620.558 559.423
650 0 56.1477 11.5588 649 66.5162 620.142 559.16
651 0 59.1527 11.7831 697 66.3314 619.445 556.684
652 0 62.2595 13.1546 819 64.2894 619.017 555.829
653 0 66.315 12.6216 837 64.4241 619.026 555.68
654 0 65.344 13.5743 887 64.0023 619.311 553.95
655 0 68.3729 12.5781 860 65.5953 619.716 551.753
656 0 69.3432 12.2867 852 65.6772 619.141 552.224
657 0 73.2367 13.0945 959 64.0803 619.325 549.947
658 0 73.2367 13.1218 961 163.887 619.311 549.942
659 0 79.2924 12.435 986 64.6582 619.263 546.21
660 0 82.4101 12.2436 1009 63.9921 619.69 545.853
661 0 85.3159 12.8112 1093 62.7832 619.226 542.584
662 0 90.4107 13.494 1220 61.182 619.262 541.406
663 1 46.1878 10.5656 488 63.3811 619.881 562.346
664 0 47.1525 10.8584 512 61.8984 619.859 562.967
665 0 49.3179 11.7199 578 61.2993 619.969 560.585
666 0 51.2273 13.3913 686 58.3994 620.44 560.251
667 0 54.3185 12.1322 659 60.3869 620.895 558.624
668 0 54.2471 12.8117 695 60.5525 621.311 556.692
669 0 54.1947 12.5658 681 61.3392 620.953 555.344
670 0 55.288 12.3173 681 61.3671 620.982 555.717
671 0 57.4238 12.7473 732 60.8101 621.255 553.439
672 0 60.4968 12.8106 775 59.9381 621.763 554.583
673 0 63.5892 12.3763 787 60.5756 621.69 554.093
674 0 64.8539 13.1372 852 60.3404 621.833 551.202
675 0 66.6996 12.6987 847 60.6175 621.862 550.048
676 0 68.8239 12.3794 852 61.4648 621.812 549.237
677 0 70.6291 12.417 877 61.2212 621.538 549.216
678 0 70.8265 12.3682 876 61.9064 621.421 546.541
679 0 76.9322 12.9205 994 60.4517 621.742 545.983
680 0 77.7538 13.0669 1016 61.3356 621.523 543.842
681 1 41.7311 10.0165 418 62.6722 622.292 562.919
682 0 43.5402 10.3582 451 62.9978 622.284 562.576
683 0 45.7144 11.3531 519 62.0482 622.597 562.372
684 0 47.7669 11.4305 546 63.3242 622.833 558.985
685 0 48.7151 11.7007 570 64.2018 622.742 559.733
686 0 50.4647 11.83 597 63.809 622.462 559.791
687 0 52.4154 12.0575 632 64.3006 622.384 558.087
688 0 53.6052 13.0025 697 63.3572 622.245 556.605
689 0 55.2616 13.0832 723 63.8603 621.788 556.404
690 0 57.4249 12.9561 744 64.0753 621.672 556.011
691 0 57.319 13.2591 760 64.5461 621.939 553.895
692 0 60.4868 13.6063 823 63.3402 621.889 553.14
693 0 62.4477 13.115 819 64.0293 621.775 552.803
694 0 63.4235 13.5912 862 63.7019 621.215 551.993
695 0 65.7028 14.0329 922 63.1345 621.362 553.347
696 0 66.5788 13.1423 875 65.2331 621.765 550.183
697 0 68.7261 13.8375 951 64.2029 621.635 550.422
698 0 70.5966 13.4284 948 64.8671 621.572 547.466
699 0 75.9657 14.0853 1070 62.6159 621.818 548.352
700 0 74.604 13.2433 988 65.2136 621.086 546.722
701 0 79.447 13.3926 1064 64.063 621.128 545.816
702 0 80.4776 13.3702 1076 64.7788 620.748 543.743
703 0 84.5675 13.6459 1154 64.1473 620.477 542.481
704 1 46.4597 11.2356 522 64.6379 621.303 564.274
705 0 45.5347 11.0026 501 65.7006 620.577 562.89
706 0 47.4231 11.1549 529 65.8053 620.372 560.739
707 0 47.3786 12.4529 590 66.3559 620.092 559.315
708 0 49.492 12.6081 624 65.6699 619.679 559.998
709 0 51.2065 12.7523 653 65.8714 619.614 557.542
710 0 51.1406 12.6514 647 66.5487 619.41 557.38
711 0 54.2056 13.4303 728 65.7775 619.224 555.966
712 0 57.107 13.571 775 65.5535 619.057 557.009
713 0 57.1702 13.1887 754 66.5902 619.772 556.406
714 0 59.2253 13.3727 792 66.3485 619.639 555.788
715 0 60.4206 13.6543 825 66.0182 619.524 555.413
716 0 62.6283 13.5083 846 66.3333 619.553 555.563
717 0 65.3971 12.6917 830 67.5964 619.531 553.271
718 0 66.591 13.5153 900 66.4678 619.288 552.309
719 0 69.4609 13.5328 940 65.7287 619.19 551.987
720 0 73.7082 14.2047 1047 64.2321 618.596 550.851
721 0 76.4297 14.039 1073 64.8891 618.608 549.028
722 0 78.6057 14.0448 1104 64.9484 618.422 548.284
723 0 80.573 13.1185 1057 66.3661 618.285 548.883
724 0 83.4277 13.1971 1101 66.5268 618.174 545.951
725 1 44.2119 11.2413 497 69.4064 618.467 563.412
726 0 48.3284 12.1047 585 66.7538 618.176 563.718
727 0 47.3444 11.617 550 68.5255 617.958 563.164
728 0 51.1329 12.712 650 67.3969 618.185 562.189
729 0 51.0958 12.8973 659 68.2868 618.502 560.806
730 0 54.1075 12.9742 702 67.6296 617.893 559.732
731 0 53.2092 13.118 698 67.7479 617.663 559.377
732 0 54.2445 12.6649 687 69.3537 617.38 558.511
733 0 57.2999 13.2112 757 67.6658 617.39 557.906
734 0 59.1626 13.8094 817 67.6242 617.322 556.58
735 0 61.154 12.8855 788 68.1497 617.074 555.871
736 0 63.1814 13.39 846 67.5626 616.853 555.578
737 0 66.1333 13.5484 896 66.7589 616.895 555.434
738 0 67.2807 13.57 913 66.9003 616.689 554.768
739 0 69.0909 13.75 950 67.22 616.412 552.382
740 0 72.2099 13.6546 986 67.6258 615.894 551.056
741 0 73.3257 13.8696 1017 67.9154 616.362 551.148
742 0 74.2031 12.8836 956 70.3305 616.493 549.273
743 0 77.2595 13.4352 1038 69.8189 616.448 547.889
744 0 78.2082 13.7326 1074 70.3706 616.577 547.636
745 0 82.1846 12.9465 1064 71.3487 616.24 547.46
746 0 83.1414 14.2408 1184 69.8843 616.878 545.372
747 0 87.09 13.7789 1200 70.8008 616.329 545.536
748 0 88.2067 14.0806 1242 70.5676 616.51 544.813
749 0 93.2 14.3026 1333 70.117 616.318 541.86
750 0 95.1522 13.9776 1330 70.8083 616.03 541.176
751 0 98.1949 14.6342 1437 69.7822 615.69 538.681
752 0 99.1527 14.2911 1417 71.765 615.32 537.966
753 0 103.176 14.8872 1536 70.8327 615.124 537.296
754 0 105.209 14.8656 1564 71.2072 615.404 533.611
755 0 110.302 14.143 1560 72.2974 615.112 533.802
756 0 113.195 14.4794 1639 72.0635 615.067 531.714
757 0 117.107 14.6447 1715 72.2723 615.204 530.467
758 0 121.209 14.8009 1794 72.0808 615.058 527.047
759 0 124.253 14.5107 1803 72.9634 615.099 525.439
760 0 131.195 15.8314 2077 70.5985 614.781 523.514
761 1 62.059 12.4881 775 74.9471 614.879 557.226
762 0 64.0692 12.986 832 75.1226 614.977 555.233
763 0 65.1094 13.5157 880 75.642 615.247 553.902
764 0 69.0882 13.4176 927 76.0421 615.176 554.425
765 0 69.09 14.3002 988 75.4089 614.781 552.118
766 0 71.1224 13.5541 964 77.6359 614.395 550.023
767 0 74.0927 14.1714 1050 76.5438 614.692 548.67
768 0 77.1068 14.5902 1125 75.48 614.7 547.554
769 0 79.0487 14.3962 1138 75.6775 614.837 546.888
770 0 82.1024 14.555 1195 75.0845 614.725 546.761
771 0 83.0786 13.9627 1160 77.2966 615.253 545.996
772 0 86.1062 14.2615 1228 76.5456 615.467 544.895
773 0 88.2878 13.9997 1236 77.572 615.085 542.789
774 0 92.1656 14.4631 1333 75.6857 614.985 542.087
775 0 94.128 14.289 1345 76.4558 615.054 540.146
776 0 98.3186 14.5547 1431 75.7666 615.105 538.504
777 0 102.247 14.3574 1468 75.6396 615.183 537.659
778 0 107.219 15.0626 1615 73.7146 615.289 533.791
779 1 64.175 11.7959 757 78.9789 615.325 555.281
780 0 66.1762 12.3005 814 78.898 615.014 553.281
781 0 70.0873 13.526 948 76.4905 615.062 553.706
782 0 73.0805 13.1362 960 76.8677 615.531 552.766
783 0 74.1239 13.0862 970 78.3093 615.711 549.694
784 0 75.2455 13.9277 1048 76.9676 616.273 548.024
785 0 78.2007 13.6188 1065 77.2385 616.279 547.217
786 0 81.22 13.5804 1103 76.9583 616.436 547.117
787 0 84.1468 13.7854 1160 77.2336 616.378 544.949
788 0 86.1203 14.2591 1228 76.5594 616.371 544.274
789 0 89.1061 14.1966 1265 76.4727 616.534 544.589
790 0 91.1805 14.4 1313 76.278 617.053 542.612
791 0 95.1242 15.0014 1427 75.0673 617.214 540.251
792 0 95.131 14.0963 1341 77.613 617.793 539.69
793 0 100.23 14.6464 1468 76.346 618.354 538.94
794 0 103.235 14.9464 1543 75.6526 617.588 537.099
795 0 106.159 14.8645 1578 75.5292 617.843 534.035
796 0 110.21 15.4432 1702 74.2638 617.592 532.824
797 0 113.21 14.5747 1650 75.18 618.15 531.837
798 0 116.413 14.6547 1706 73.6647 618.375 528.822
799 1 42.0786 13.9263 586 70.2901 617.549 450.654
800 0 46.0227 13.7541 633 69.425 617.926 449.387
801 0 47.0537 14.1966 668 68.2186 618.338 449.831
802 0 48.1595 14.5766 702 68.0541 618.016 448.785
803 0 49.0646 14.3484 704 68.3082 618.52 448.553
804 0 49.0308 14.4807 710 68.2732 618.497 449.677
