time division length width area intensity CMx CMy
0 0 47.2678 12.6936 600 115.593 743.93 489.16
1 0 47.444 12.6887 602 115.012 743.914 489.193
2 0 48.2631 12.4111 599 114.876 744.232 487.586
3 0 51.2811 14.3523 736 109.784 743.512 487.976
4 0 50.3015 12.6239 635 116.513 744.446 487.18
5 0 53.225 13.4899 718 112.657 746.514 488.306
6 0 54.1469 13.371 724 118.849 745.662 485.927
7 0 50.3467 11.2023 564 126.401 746.066 481.929
8 0 57.1898 15.2125 870 109.595 745.785 485.447
9 0 57.1868 13.3772 765 118.766 746.159 482.31
10 0 59.1429 13.7633 814 116.015 745.924 481.935
11 0 60.0966 13.6447 820 117.215 745.845 482.506
12 0 62.107 15.9563 991 109.369 745.395 482.562
13 0 64.2074 15.0761 968 111.095 746.004 481.377
14 0 65.2116 14.66 956 113.351 746.346 480.079
15 0 67.2041 14.7759 993 113.504 745.749 478.584
16 0 69.1304 15.0296 1039 111.173 745.599 479.603
17 0 74.1767 16.7034 1239 106.544 745.111 477.291
18 0 76.3418 15.7319 1201 108.604 745.439 476.172
19 1 41.1362 11.9846 493 110.369 746.775 493.974
20 0 40.0968 11.8463 475 113.838 745.775 493.093
21 0 41.0782 11.685 480 112.456 747.067 492.912
22 0 42.0201 11.6611 490 112.143 748.002 491.988
23 0 42.0201 11.7563 494 144.998 748.986 491.917
24 0 46.0441 14.7685 680 106.769 748.419 490.156
25 0 46.0561 13.1796 607 110.534 748.445 490.32
26 0 46.1569 14.5591 672 108.144 747.494 488.975
27 0 50.2145 16.0113 804 102.777 747.808 488.276
28 0 52.1261 15.0596 785 106.929 748.022 487.103
29 0 52.0919 13.6682 712 109.066 748.424 487.09
30 0 56.3585 15.9337 898 101.509 748.669 485.938
31 0 55.1148 14.3156 789 107.138 748.994 484.271
32 0 56.1325 13.9313 782 108.216 748.804 484.618
33 0 60.134 16.6628 1002 100.678 748.96 481.44
34 0 62.2052 14.7415 917 104.144 748.9 480.727
35 0 64.1968 16.6831 1071 101.841 749.276 479.627
36 0 65.2717 14.6158 954 106.857 749.602 478.216
37 0 67.1859 15.1966 1021 105.689 749.338 478.793
38 0 71.2423 15.0051 1069 104.6 749.837 478.627
39 0 73.19 14.9201 1092 104.789 748.76 477.212
40 0 74.1862 16.4451 1220 102.403 749.417 473.091
41 0 79.5864 15.4675 1231 103.556 749.184 475.426
42 0 79.3314 14.6852 1165 105.626 748.985 472.404
43 0 84.4944 16.0602 1357 102.609 749.469 471.215
44 0 86.4873 14.8461 1284 104.839 749.389 470.976
45 0 89.4807 16.9087 1513 101.201 750.299 469.278
46 0 89.4807 16.8528 1508 132.579 751.284 469.301
47 0 95.4682 15.4292 1473 104.176 750.684 465.157
48 0 98.757 17.7405 1752 99.9264 750.584 462.771
49 0 102.665 15.5652 1598 103.172 750.201 463.018
50 1 51.2723 11.6242 596 103.166 749.305 488.639
51 0 50.3049 10.5159 529 143.306 750.44 487.412
52 0 57.1441 13.2822 759 98.1265 750.69 485.648
53 0 57.1187 12.0451 688 100.651 751.856 482.193
54 0 59.192 12.8396 760 99.9026 751.071 482.612
55 0 62.0569 14.245 884 99.543 751.681 484.525
56 0 64.1303 13.5973 872 100.811 750.56 483.925
57 0 67.1093 14.5732 978 99.4243 751.365 481.764
58 0 70.049 14.7468 1033 100.305 750.21 479.568
59 0 70.0687 13.7008 960 102.722 750.226 477.368
60 0 76.1875 14.4643 1102 100.734 750.374 476.929
61 0 76.141 13.8559 1055 102.375 750.197 474.854
62 0 78.1952 14.4638 1131 102.583 750.015 470.812
63 0 81.1891 14.6325 1188 103.627 750.123 470.849
64 0 85.1721 15.3219 1305 102.833 749.192 469.078
65 0 88.1492 13.6019 1199 105.583 749.549 468.125
66 0 92.1785 15.6219 1440 101.127 749.36 466.279
67 0 95.1817 15.6858 1493 102.38 748.825 463.539
68 0 98.2558 15.48 1521 100.917 748.677 462.68
69 0 101.193 17.1751 1738 98.1122 748.744 461.356
70 1 53.1306 10.3142 548 102.498 747.845 485.735
71 0 55.1391 12.278 677 99.4579 748.445 484.52
72 0 56.1379 13.5559 761 96.2733 747.329 482.716
73 0 60.0683 13.3848 804 97.1604 749.502 479.812
74 0 60.1669 13.5955 818 97.4951 750.057 479.966
75 0 60.1669 13.6952 824 126.706 751.021 480.051
76 0 66.099 13.9336 921 96.6059 752.281 478.579
77 0 68.1434 13.5743 925 96.7676 752.114 476.386
78 0 69.1191 13.238 915 97.7475 752.216 476.084
79 0 73.1395 14.6022 1068 95.1985 752.445 475.947
80 0 77.113 15.1466 1168 94.1378 753.252 475.467
81 0 78.1716 15.3253 1198 92.9065 753.605 476.913
82 1 41.0274 11.3826 467 94.0621 752.874 492.683
83 0 39.0676 10.981 429 96.7762 751.357 491.937
84 0 44.0653 10.7795 475 96.4653 751.754 491.088
85 0 43.1498 10.7069 462 94.7771 751.922 493.18
86 0 44.335 12.6085 559 96.712 752.519 488.83
87 0 48.2804 12.8209 619 94.6284 752.74 488.787
88 0 49.2523 12.9943 640 94.8422 752.555 486.308
89 0 52.1013 13.7616 717 92.0418 752.463 485.633
90 0 52.1566 12.0215 627 95.8963 752.852 486.049
91 0 53.1115 13.5752 721 93.5784 753.743 483.795
92 0 56.0348 12.9384 725 94.2179 754.105 483.63
93 0 56.0973 11.7653 660 97.6227 753.152 483.789
94 0 57.0572 14.0035 799 95.015 753.015 481.7
95 0 61.0997 15.8757 970 90.8835 752.823 481.103
96 0 66.2181 17.7444 1175 87.0417 753.35 481.715
97 0 65.1511 16.3773 1067 90.7854 752.885 477.867
98 0 66.2251 13.5145 895 95.6123 752.373 477.969
99 0 69.2378 14.3708 995 94.8111 752.458 476.581
100 0 70.1589 13.84 971 96.6807 753.627 476.445
101 0 74.2059 15.3627 1140 94.457 754.304 474.23
102 0 76.1133 14.8331 1129 95.2445 755 474.677
103 0 79.2568 15.0019 1189 96.7956 753.926 472.973
104 0 81.1633 15.2902 1241 95.7542 754.509 472.327
105 0 81.1633 15.3271 1244 134.855 755.5 472.191
106 0 87.1345 15.4244 1344 98.0863 754.753 470.043
107 1 45.0265 10.8603 489 99.6258 755.172 491.44
108 0 47.0398 12.6063 593 97.3103 755.622 491.381
109 0 48.0472 13.8822 667 95.5292 755.664 491.72
110 0 50.1377 12.6851 636 99.5881 755.171 488.697
111 0 50.2082 12.8465 645 98.4403 753.778 486.96
112 0 55.1356 12.5871 694 98.134 753.999 489.261
113 0 54.224 12.6143 684 100.154 753.471 487.583
114 0 56.1991 13.2031 742 99.2358 753.42 487.796
115 0 57.1897 14.9153 853 97.7995 753.097 485.94
116 0 58.2051 13.9678 813 100.074 752.373 483.943
117 0 60.2186 14.4972 873 99.1821 752.517 483.699
118 0 60.1579 13.7139 825 100.036 751.328 483.371
119 0 65.2021 14.7848 964 96.6774 751.83 482.255
120 0 66.1312 15.061 996 96.3474 752.073 481.777
121 0 68.2884 15.8006 1079 95.24 752.158 480.036
122 0 71.2121 15.3345 1092 96.9377 751.899 479.038
123 0 72.2039 14.736 1064 99.2115 751.994 477.414
124 0 76.1791 15.7655 1201 97.353 751.361 478.175
125 0 78.2168 17.0679 1335 96.594 751.796 475.133
126 0 80.3375 13.5055 1085 103.33 751.656 474.367
127 0 83.2329 15.6549 1303 101.263 752.27 472.772
128 0 86.3069 15.3406 1324 102.034 752.506 469.857
129 0 88.4622 13.7686 1218 105.996 752.755 467.538
130 1 48.1683 10.2349 493 104.507 752.625 489.162
131 0 49.4348 12.299 608 99.676 753.337 491.426
132 0 50.3193 12.8778 648 98.4846 753.708 490.281
133 0 51.3995 12.3931 637 99.4239 754.137 487.542
134 0 53.3176 13.1289 700 99.2686 754.476 484.579
135 0 54.0989 13.3644 723 99.408 754.777 485.77
136 0 56.1749 13.8496 778 99.6555 753.814 485.199
137 0 59.0945 15.0268 888 97.4977 754.283 484.981
138 0 59.1531 14.3188 847 99.2503 753.906 482.109
139 0 62.1824 13.2353 823 101.124 755.089 481.485
140 0 65.2092 15.5039 1011 96.7102 755.597 481.011
141 0 69.2759 14.767 1023 97.4467 755.343 482.644
142 0 69.2589 15.1605 1050 99.1333 754.557 480.779
143 0 72.3429 14.3622 1039 101.287 754.481 479.127
144 0 74.2148 14.3907 1068 102.68 753.639 477.699
145 0 74.379 13.8749 1032 104.288 753.244 478.078
146 0 79.3235 15.8087 1254 100.563 753.439 475.399
147 0 81.3434 15.6005 1269 102.405 753.358 473.768
148 0 85.4394 15.906 1359 102.141 753.804 472.239
149 0 86.4017 14.9187 1289 104.796 752.74 470.562
150 0 86.4017 14.884 1286 143.213 751.747 470.632
151 1 48.2691 11.1458 538 102.914 753.524 491.747
152 0 47.195 10.1706 480 106.448 753.362 491.223
153 0 50.1965 12.2519 615 103.709 752.522 488.737
154 0 52.0747 12.4629 649 103.47 752.159 488.43
155 0 52.1215 13.9674 728 101.652 751.988 484.863
156 0 56.2605 13.3308 750 102.315 752.015 485.328
157 0 59.0613 13.3759 790 100.586 751.986 485.544
158 0 58.0496 14.8321 861 100.185 752.281 483.082
159 0 63.132 14.7627 932 98.3734 751.863 483.115
160 0 63.1527 12.3985 783 104.391 752.784 481.155
161 0 67.2071 15.1026 1015 100.623 751.845 480.159
162 0 70.0934 14.2667 1000 103.22 752.686 478.959
163 0 71.3444 13.9044 992 104.467 752.685 477.188
164 0 74.3208 13.8319 1028 104.21 753.43 476.032
165 0 74.1695 13.55 1005 107.229 753.59 473.96
166 0 77.2502 13.6828 1057 106.907 752.253 473.603
167 0 81.2059 13.9153 1130 107.052 752.359 472.702
168 0 82.3691 13.2574 1092 109.931 752.23 472.588
169 0 85.2323 14.396 1227 108.629 752.487 472.234
170 1 46.1728 9.44279 436 110.126 753.81 493.067
171 0 48.1465 12.275 591 108.721 753.272 489.876
172 0 51.2122 10.642 545 109.653 753.42 490.89
173 0 49.6055 11.1883 555 109.387 753.65 489.723
174 0 52.1772 11.5184 601 107.616 752.814 489.043
175 0 54.3136 12.0044 652 106.06 752.89 488.897
176 0 57.1053 13.7115 783 102.257 752.959 486.612
177 0 58.143 13.1572 765 102.882 752.838 487.093
178 0 60.2093 13.4531 810 102.142 752.896 486.444
179 0 62.1616 12.2101 759 103.83 752.287 485.726
180 0 64.2351 12.7345 818 102.204 752.576 484.315
181 0 67.1314 12.8256 861 101.438 751.567 482.206
182 0 67.1451 13.4187 901 101.06 751.546 479.883
183 0 69.2978 12.6122 874 102.823 751.117 480.596
184 0 71.2938 13.788 983 99.9654 750.983 478.675
185 0 76.1869 13.7294 1046 100.334 751.249 475.997
186 0 76.1671 14.3106 1090 99.3037 750.822 475.859
187 0 79.2741 13.4849 1069 101.565 750.492 471.449
188 0 82.3088 13.6194 1121 101.811 750.387 471.35
189 0 83.2687 13.5105 1125 103.56 749.965 467.236
190 0 86.4483 15.1189 1307 102.41 749.443 466.03
191 1 49.3026 9.65467 476 103.901 750.779 489.09
192 0 50.3124 9.12299 459 107.536 750.778 486.059
193 0 52.3326 10.7963 565 105.485 751.586 484.981
194 0 53.0907 10.6045 563 104.517 752.007 486.137
195 0 54.0763 10.3742 561 106.487 752.492 483.34
196 0 54.0763 10.4667 566 123.159 754.479 483.231
197 0 59.1245 13.4462 795 98.6314 751.831 482.453
198 0 60.069 12.9518 778 99.8907 752.211 483.351
199 0 61.0358 12.2223 746 102.206 752.32 479.976
200 0 65.0769 13.1076 853 99.6155 752.948 480.199
201 0 66.0886 12.6799 838 102.709 753.675 477.965
202 0 69.0432 13.2815 917 101.132 752.771 477.74
203 0 71.1908 13.822 984 100.506 752.398 477.011
204 0 73.0587 13.1538 961 103.22 753.267 475.943
205 0 78.1539 15.559 1216 98.7336 753.412 474.549
206 0 81.0925 14.0087 1136 101.745 753.948 474.358
207 0 80.0736 11.964 958 106.735 752.942 472.939
208 0 87.1103 15.7272 1370 98.0971 753.191 473.606
209 0 89.1541 14.3684 1281 101.79 751.858 472.067
210 1 46.0405 10.8166 498 100.829 752.273 493.217
211 0 48.0476 9.80279 471 100.921 753.064 494.202
212 0 50.0485 12.2281 612 97.8056 752.382 491.974
213 0 51.037 11.1488 569 100.026 751.761 490.32
214 0 55.0465 14.8783 819 90.9316 751.484 489.054
215 0 55.0465 14.7875 814 128.988 751.518 489.075
216 0 56.1099 12.6003 707 96.2588 749.197 487.827
217 0 57.0856 12.9104 737 95.6052 749.65 485.033
218 0 58.1777 14.387 837 93.3369 748.693 483.849
219 0 60.1087 14.9895 901 92.3696 748.716 482.224
220 0 61.119 11.584 708 97.7359 748.96 483.994
221 0 64.3058 13.2181 850 95.8647 748.719 481.32
222 0 65.2387 11.9408 779 99.1232 749.053 480.189
223 0 68.3344 13.5364 925 96.4011 749.591 477.617
224 0 70.206 14.0444 986 94.783 749.494 478.27
225 0 74.2406 14.7493 1095 93.4895 749.885 475.195
226 0 74.2483 13.0239 967 97.4623 750.7 474.215
227 0 77.2492 14.4338 1115 94.4395 751.047 474.654
228 0 78.1259 11.5583 903 100.14 750.606 471.105
229 0 81.2801 13.0536 1061 96.8624 750.682 470.315
230 0 83.2633 12.4304 1035 97.5575 751.706 468.073
231 0 86.3997 13.2871 1148 94.9573 751.074 469.22
232 1 45.2723 7.77517 352 97.1392 751.861 485.903
233 0 48.2381 10.7591 519 92.8882 752.131 488.031
234 0 50.2598 11.0426 555 92.3261 752.723 487.265
235 0 49.1732 7.97182 392 94.7959 752.811 489.48
236 0 51.2191 10.7968 553 91.5443 753.295 486.926
237 0 51.2262 9.13594 468 94.4338 753.226 485.857
238 0 53.1204 9.39375 499 93 752.874 487.956
239 0 57.1608 11.109 635 91.1764 753.009 483.869
240 0 59.115 12.8563 760 88.7316 752.792 483.089
241 0 62.371 13.5961 848 87.8019 751.598 484.883
242 0 61.2029 10.6367 651 93.9877 751.23 483.848
243 0 63.3127 11.1352 705 93.5106 751.05 481.576
244 0 65.2877 11.7327 766 91.8486 751.214 481.339
245 0 68.3917 12.0775 826 91.4225 751.404 480.452
246 0 71.2012 13.5532 965 90.3865 750.724 476.304
247 0 71.2012 13.5391 964 123.22 750.706 476.136
248 0 76.2501 12.4721 951 91.3039 750.237 478.358
249 0 79.2784 13.3454 1058 90.6654 749.301 475.933
250 0 79.1993 12.336 977 93.6571 748.527 473.017
251 0 84.3029 14.8512 1252 89.7061 748.99 472.481
252 0 87.3192 13.8343 1208 92.2185 749.177 471.66
253 0 89.2193 14.0665 1255 93.0008 749.546 470.974
254 1 45.0248 9.52809 429 96.303 750.462 488.774
255 0 50.1033 10.7179 537 93.4562 751.238 489.836
256 0 50.1394 9.69298 486 94.2675 751.687 490.315
257 0 53.0362 11.8598 629 93.6836 750.153 485.994
258 0 55.0433 11.5909 638 92.8856 750.498 485.895
259 0 54.0266 10.4578 565 96.4425 751.265 483.731
260 0 55.0766 11.0936 611 96.3126 751.517 481.913
261 0 59.0789 11.8486 700 95.2814 751.794 481.524
262 0 60.073 11.4694 689 96.4819 752.255 477.559
263 0 62.1085 13.1061 814 93.9238 752.36 480.26
264 0 62.1085 13.1222 815 133.232 752.391 480.189
265 0 68.0513 13.8572 943 92.0414 752.677 480.299
266 0 67.0914 12.4457 835 95.4659 752.989 478.261
267 0 71.0761 14.1961 1009 93.328 753.656 477.598
268 0 74.1886 14.5844 1082 92.5305 753.636 477.226
269 0 77.0778 16.1266 1243 90.4666 753.469 475.39
270 0 79.1464 13.5951 1076 95.4312 752.789 474.456
271 0 79.0492 12.625 998 98.3397 752.24 473.591
272 0 84.0575 14.4306 1213 95.0033 751.697 473.204
273 0 86.1255 15.7677 1358 94.1561 750.709 470.301
274 0 88.2553 14.5374 1283 97.1216 751.143 470.62
275 1 47.0726 12.6613 596 93.5453 750.404 492.104
276 0 46.1208 7.95736 367 98.1144 750.234 493.97
277 0 50.1211 10.5145 527 94.2125 750.543 492.336
278 0 52.2142 11.472 599 94.5142 749.868 493.871
279 0 54.1197 14.5973 790 88.7544 748.787 492.419
280 0 54.146 14.1654 767 91.0613 749.323 489.211
281 0 56.3456 15.0677 849 89.9847 749.947 486.906
282 0 58.2406 14.9552 871 89.1757 750.02 484.995
283 0 58.108 15.3679 893 90.7301 749.295 485.189
284 0 60.296 13.7157 827 93.9879 748.973 485.169
285 0 63.339 14.8881 943 91.3139 749.4 483.735
286 0 65.2248 15.3009 998 92.2074 749.358 484.131
287 0 66.3136 14.6124 969 95.3767 749.16 479.2
288 0 69.2251 15.8902 1100 93.02 749.833 478.431
289 0 70.3759 14.2947 1006 96.7584 749.799 476.794
290 0 73.2359 15.2657 1118 94.8435 750.387 476.493
291 0 76.2126 14.4071 1098 96.6184 750.27 476.532
292 0 76.2729 14.907 1137 96.9903 751.022 475.87
293 0 79.3297 15.4671 1227 96.683 750.723 474.09
294 0 82.278 15.7272 1294 95.8478 750.879 473.075
295 0 86.288 14.7413 1272 98.452 751.656 472.068
296 1 47.2159 10.8226 511 94.726 751.603 494.237
297 0 45.1063 10.2425 462 98.0433 751.424 493.903
298 0 50.1239 11.7908 591 95.577 752.565 492.081
299 0 46.141 9.9261 458 99.1747 752.463 493.194
300 0 51.1716 12.7024 650 94.5846 752.614 491.862
301 0 52.1207 12.1833 635 96.3732 753.391 490.485
302 0 54.1095 12.9922 703 93.7425 753.137 492.208
303 0 56.094 14.44 810 93.4877 753.307 488.751
304 0 58.1922 13.3867 779 94.8049 753.647 489.543
305 0 60.1462 14.5313 874 93.5332 753 488.183
306 0 62.07 14.3548 891 94.8799 752.534 488.042
307 0 64.0834 13.342 855 96.4246 752.722 487.715
308 0 63.1003 13.5023 852 148.813 753.736 487.62
309 0 69.2419 15.1209 1047 93.809 752.388 485.863
310 0 72.0698 15.0965 1088 94.2243 750.912 484.976
311 0 74.0854 13.5789 1006 98.161 750.023 482.645
312 0 76.0636 15.303 1164 95.8797 749.976 480.503
313 0 79.2414 14.8029 1173 96.0725 750.119 480.917
314 0 81.2274 14.5025 1178 97.6222 749.7 477.509
315 0 81.2274 14.4902 1177 141.893 749.709 477.591
316 0 87.1864 15.2317 1328 96.1559 749.672 475.335
317 0 90.237 16.2461 1466 95.8622 749.085 472.025
318 1 49.1668 11.9796 589 98.0781 748.621 491.657
319 0 50.1473 12.204 612 96.8546 749.126 491.768
320 0 52.2335 12.5207 654 97.9281 748.919 488.976
321 0 55.183 13.6636 754 93.7626 749.825 489.671
322 0 55.1607 14.0136 773 94.4515 749.64 487.84
323 0 57.0888 13.768 786 96.1056 751.275 486.52
324 0 59.1199 11.9418 706 99.7181 751.885 485.445
325 0 61.0892 13.6522 834 97.0983 753.07 484.213
326 0 62.3214 11.7295 731 102.027 753.082 482.587
327 0 65.1321 13.4342 875 100.353 753.529 481.096
328 0 68.1896 14.6943 1002 97.8323 753.725 482.266
329 0 69.0729 13.9418 963 100.069 753.772 481.673
330 0 71.1605 13.6312 970 101.723 754.004 480.146
331 0 75.1682 14.5806 1096 100.356 754.616 477.452
332 0 79.1339 15.2021 1203 99.5004 754.25 478.596
333 0 79.2426 13.0738 1036 103.634 753.832 478.888
334 0 84.132 15.8798 1336 98.7904 753.573 477.058
335 0 85.2815 13.133 1120 104.73 753.319 477.297
336 0 86.3388 12.949 1118 105.454 753.21 476.136
337 0 92.1774 14.6023 1346 103.265 752.356 473.727
338 0 95.3045 12.8955 1229 106.365 751.353 475.234
339 1 54.0802 11.409 617 90.1378 751.476 492.459
340 0 53.1237 12.6121 670 100.988 750.309 493.758
341 0 54.1781 12.4774 676 100.271 750.701 492.784
342 0 59.1499 13.2883 786 99.1196 751.26 488.079
343 0 59.0992 12.6567 748 101.158 751.13 489.306
344 0 61.1004 13.3551 816 100.988 750.566 487.36
345 0 65.1245 13.1594 857 100.267 749.814 487.568
346 0 65.057 13.8801 903 100.953 750.069 485.202
347 0 68.056 14.0326 955 101.803 748.977 482.714
348 0 68.1386 13.1937 899 105.204 748.116 481.209
349 0 72.2433 14.4096 1041 102.667 748.034 479.622
350 0 72.174 13.8277 998 105.251 748.317 479.693
351 0 76.1964 12.9009 983 106.84 748.392 476.638
352 0 79.3747 14.3623 1140 104.178 748.716 476.153
353 0 82.1798 13.799 1134 105.02 748.776 474.578
354 0 83.2195 14.2875 1189 105.754 750.111 472.723
355 0 87.3511 15.0199 1312 104.072 750.652 469.245
356 0 92.3072 14.3976 1329 104.953 752.215 468.765
357 0 94.3364 13.7699 1299 104.072 752.472 467.861
358 0 97.3811 14.4484 1407 102.723 752.601 464.979
359 1 55.2272 11.9325 659 98.4765 753.654 491.196
360 0 56.2447 11.5033 647 102.745 753.55 486.731
361 0 59.157 11.2075 663 101.988 754.24 488.145
362 0 59.1672 12.5576 743 102.743 754.552 484.347
363 0 62.3685 12.5223 781 100.7 754.004 486.438
364 0 66.2397 13.3757 886 97.6749 754.499 487.041
365 0 68.4351 13.8671 949 98.4605 754.481 484.276
366 0 70.4397 14.0404 989 97.8918 754.074 484.23
367 0 75.1721 13.9547 1049 97.7264 752.697 483.701
368 0 77.2751 14.4031 1113 98.2525 752.224 480.843
369 0 81.2472 13.9574 1134 99.4471 751.621 478.269
370 0 85.304 14.1611 1208 98.5993 751.109 479.047
371 0 86.3522 13.6765 1181 99.9162 751.296 477.241
372 0 89.2733 14.6964 1312 99.8963 749.319 476.117
373 0 92.2295 15.1362 1396 98.4205 749.181 473.285
374 1 49.1107 10.4254 512 100.266 749.365 495.51
375 0 52.2381 11.0264 576 100.163 748.639 493.424
376 0 52.2411 12.1552 635 97.2315 748.953 492.589
377 0 54.2936 10.259 557 99.3285 749.093 492.445
378 0 57.3581 12.3435 708 98.1427 747.773 487.816
379 0 59.4388 14.6537 871 93.7865 749.048 488.928
380 0 60.2783 14.1344 852 96.831 748.975 486.992
381 0 61.1734 13.8132 845 98.7953 749.121 485.368
382 0 61.1961 14.3146 876 98.1815 749.382 485.862
383 0 66.1623 15.5829 1031 95.289 749.664 484.594
384 0 65.22 15.578 1016 98.5551 751.229 483.383
385 0 68.2812 14.0156 957 101.601 751.126 481.887
386 0 68.1367 13.561 924 102.611 751.972 477.906
387 0 72.4042 13.8942 1006 100.918 752.352 478.796
388 0 75.2434 13.7554 1035 101.058 752.754 477.609
389 0 77.4029 14.4697 1120 98.7143 753.658 478.494
390 0 81.352 15.0211 1222 98.1203 753.419 476.735
391 0 83.5261 15.4443 1290 98.069 753.934 474.205
392 0 84.2207 13.8565 1167 100.896 753.535 474.087
393 0 87.3266 14.6691 1281 98.4832 753.734 469.934
394 1 49.2007 9.34947 460 102.374 755.4 494.63
395 0 48.1798 11.3948 549 102.408 754.463 492.648
396 0 50.18 10.9406 549 102.776 754.308 492.512
397 0 53.1268 12.009 638 100.361 753.597 491.734
398 0 56.195 13.1328 738 97.813 753.293 492.444
399 0 58.1647 13.8572 806 97.0558 752.284 489.868
400 0 60.2075 14.749 888 95.036 752.709 488.598
401 0 62.1719 15.5376 966 93.9048 752.177 486.525
402 0 61.0968 13.274 811 100.338 752.284 487.82
403 0 66.0652 14.2889 944 97.0858 751.525 484.656
404 0 68.2126 13.8537 945 99.0825 751.212 483.205
405 0 70.2797 13.8447 973 99.7605 750.717 480.768
406 0 71.2541 13.3747 953 100.914 750.476 479.59
407 0 76.1898 15.7764 1202 96.0358 749.865 476.81
408 0 79.3352 14.5585 1155 98.3498 750.109 477.249
409 0 81.2155 15.2311 1237 97.2571 750.194 475.462
410 0 82.2286 15.2137 1251 98.9424 749.359 474.125
411 0 84.2796 15.057 1269 99.2009 749.303 471.384
412 0 87.3095 14.3742 1255 100.504 748.535 468.28
413 0 91.237 14.7418 1345 101.197 748.745 465.196
414 0 94.2054 15.7847 1487 99.5118 749.486 465.13
415 0 95.2687 13.6771 1303 105.315 749.721 463.594
416 0 101.3 15.0149 1521 102.24 750.842 463.434
417 0 102.132 14.5302 1484 104.197 750.898 462.759
418 0 107.31 15.3573 1648 102.307 751.982 459.183
419 0 107.381 14.2017 1525 106.201 753.13 458.032
420 1 60.1724 10.5198 633 103.169 754.79 486.42
421 0 61.1223 11.158 682 103.701 755.17 483.348
422 0 63.2006 10.4904 663 104.774 754.784 484.584
423 0 65.1638 11.7703 767 103.382 755.819 483.318
424 0 69.1376 13.1332 908 101.435 755.541 484.149
425 0 71.2952 14.98 1068 100.083 756.29 481.595
426 0 74.1275 13.9489 1034 102.291 756.005 480.644
427 0 78.1456 14.3066 1118 100.199 754.66 481.752
428 0 80.2645 16.0594 1289 97.8192 753.982 479.26
429 0 83.1757 15.2088 1265 98.5036 753.085 480.074
430 0 87.2468 14.522 1267 100.113 752.378 477.326
431 0 89.208 14.2812 1274 101.064 751.223 474.159
432 0 92.1578 13.8675 1278 101.547 750.652 472.655
433 0 96.5167 14.0701 1358 101.755 750.862 469.113
434 0 99.6409 13.6992 1365 102.974 750.13 465.834
435 1 52.0451 10.1258 527 98.6053 749.841 492.956
436 0 55.0574 11.7332 646 96.209 749.124 489.701
437 0 58.0792 12.5174 727 94.8267 748.671 486.952
438 0 59.1135 12.6198 746 95.3914 748.295 484.916
439 0 61.1552 12.3947 758 95.7005 749.135 485.067
440 0 61.1686 14.4028 881 92.3246 748.512 483.778
441 0 62.2114 13.7435 855 94.7766 748.987 482.505
442 0 62.2148 13.6784 851 129.478 749.011 482.512
443 0 67.141 13.3748 898 97.0479 749.077 481.009
444 0 67.1815 12.5332 842 100.618 749.669 478.067
445 0 70.2454 14.2785 1003 96.9113 750.138 478.398
446 0 70.3596 13.5163 951 100.812 751.45 476.835
447 0 74.1702 13.6039 1009 102.564 751.991 476.292
448 0 75.2683 13.153 990 104.222 753.398 474.891
449 0 80.1849 13.9802 1121 103.287 755.053 474.454
450 0 82.2401 13.947 1147 103.485 755.206 473.697
451 0 86.2162 14.6028 1259 101.572 755.346 471.156
452 0 89.3135 13.7381 1227 103.77 755.689 471.091
453 1 47.1077 10.338 487 101.382 757.415 495.023
454 0 50.0385 10.1322 507 101.998 756.552 494.424
455 0 50.0375 9.65276 483 132.236 755.578 495.201
456 0 52.3019 12.6764 663 99.3002 755.228 489.591
457 0 56.2346 12.1633 684 98.6155 754.908 493.167
458 0 56.2535 12.6748 713 98.4208 754.195 490.042
459 0 58.1571 13.1884 767 96.0078 753.415 489.467
460 0 60.1495 13.8322 832 94.72 753.257 490.395
461 0 61.1418 12.6918 776 97.768 752.454 487.966
462 0 61.1599 12.9824 794 97.6927 751.565 485.945
463 0 65.1365 13.464 877 95.0148 750.778 485.813
464 0 66.2039 13.5339 896 95.3192 749.637 481.945
465 0 70.1455 13.1299 921 95.0738 749.417 481.218
466 0 70.1333 13.2177 927 125.961 749.408 481.388
467 0 75.1433 14.1596 1064 94.5611 748.516 478.934
468 0 75.1487 14.2651 1072 95.6875 747.866 473.627
469 0 78.1479 13.2953 1039 97.6006 747.457 474.007
470 0 81.1417 13.3963 1087 98.7029 747.328 471.768
471 0 83.2392 13.2149 1100 99.0282 747.776 469.918
472 0 87.1646 14.0539 1225 97.369 748.478 467.5
473 0 90.1971 15.7322 1419 94.907 748.519 465.825
474 0 92.4167 13.4283 1241 101.43 749.741 465.34
475 1 49.1538 11.108 546 98.044 749.819 489.22
476 0 50.0516 10.4093 521 99.2438 751.027 486.165
477 0 51.1087 10.8788 556 97.3993 752.432 487.408
478 0 54.0446 11.3795 615 95.2618 754.41 488.408
479 0 56.0612 12.6826 711 95.9873 756.84 485.821
480 0 59.0302 14.0098 827 92.6542 756.605 484.763
481 0 60.2184 13.8164 832 92.9603 757.239 487.475
482 0 63.1665 13.8365 874 93.2506 757.664 485.905
483 0 64.2431 12.7329 818 96.1002 757.517 486.483
484 0 68.2501 11.9853 818 97.1149 757.571 487.438
485 0 69.2175 13.4937 934 97.1852 756.484 482.364
486 0 73.2466 14.6628 1074 93.4814 756.219 482.922
487 0 77.1235 15.1575 1169 92.9709 755.086 483.81
488 0 80.1161 15.7022 1258 92.0533 754.645 482.004
489 0 81.1687 16.09 1306 91.5727 753.567 482.757
490 0 85.3272 14.0752 1201 95.2814 752.6 481.03
491 0 87.2921 15.2935 1335 94.1109 751.869 477.857
492 1 49.0775 11.4105 560 92.9321 752.279 497.668
493 0 48.04 12.1565 584 93.9041 751.837 495.668
494 0 49.0851 9.08627 446 97.861 751.697 495.54
495 0 51.1174 12.5398 641 92.2871 749.888 493.485
496 0 51.0536 11.6348 594 94.4024 747.781 492.367
497 0 53.1301 12.14 645 95.4589 745.814 487.879
498 0 57.158 13.7514 786 92.2875 745.926 486.312
499 0 57.1398 12.0231 687 94.9796 748.536 485.984
500 0 61.141 13.8859 849 91.4052 748.167 484.214
501 0 64.2517 14.63 940 91.3574 748.746 482.06
502 0 64.3216 12.5774 809 95.3572 749.677 480.261
503 0 68.2794 14.0745 961 93.2123 749.93 478.633
504 0 70.2549 15.2587 1072 91.3507 751.099 479.007
505 0 73.1918 14.3322 1049 93.1306 752.501 476.491
506 0 75.2442 13.8084 1039 94.2252 754.58 476.208
507 0 78.1955 13.6325 1066 94.0075 754.64 477.359
508 0 80.1902 14.74 1182 93.8063 756.277 473.886
509 1 45.0799 10.4037 469 93.3945 759.403 495.821
510 0 45.0586 11.2076 505 91.9287 759.808 498.016
511 0 48.0716 10.9628 527 92.7533 760.702 497.106
512 0 48.0193 10.9748 527 95.334 760.757 495.362
513 0 52.1095 12.3586 644 88.3649 759.525 495.947
514 0 53.0845 13.8082 733 86.4734 759 497.065
515 0 54.1722 11.1681 605 92.6893 758.347 496.326
516 0 56.077 14.1234 792 89.8308 756.89 496.578
517 0 58.0861 12.4815 725 89.8772 754.68 494.679
518 0 60.0432 12.3911 744 89.8804 753.652 494.409
519 0 62.1076 11.947 742 90.7507 752.795 493.712
520 0 65.109 13.7001 892 88.3991 750.916 489.554
521 0 70.1493 12.73 893 88.5823 749.856 491.619
522 0 68.1004 11.6886 796 92.8241 748.849 488.334
523 0 73.2956 13.6297 999 90.2122 747.142 485.472
524 0 76.2855 13.2004 1007 94.5601 745.668 483.816
525 0 77.3061 12.6898 981 96.0877 745.063 482.801
526 1 41.2205 9.36428 386 93.0699 745.474 501.865
527 0 42.1434 7.75923 327 95.6606 745.131 500.266
528 0 45.1593 12.5777 568 91.3239 743.306 495.211
529 0 47.2094 11.0359 521 92.4434 743.246 495.129
530 0 48.1855 11.2689 543 91.5304 744.013 493.877
531 0 49.2158 9.7936 482 93.612 744.158 493.919
532 0 51.2397 11.6902 599 90.0267 744.77 493.18
533 0 53.3073 12.4186 662 89.5332 746.002 492.178
534 0 55.381 13.7231 760 91.8013 747.322 489.858
535 0 57.3473 11.6658 669 93.7369 749.133 491.031
536 0 57.3473 11.8053 677 132.538 750.149 491.001
537 0 61.3912 12.4611 765 91.5974 751.759 490.754
538 0 60.5498 10.8506 657 94.2298 753.311 491.099
539 0 62.2453 12.274 764 92.9725 753.449 491.872
540 0 66.3542 13.0813 868 90.8744 753.779 492.335
541 0 69.3668 13.3061 923 90.7768 752.582 491.291
542 0 72.486 13.2164 958 91.0835 753.377 491.184
543 0 73.8041 13.861 1023 93.8192 752.01 486.572
544 0 73.8041 13.8339 1021 140.051 750.003 486.598
545 0 80.7488 13.3377 1077 92.5376 748.871 486.339
546 0 84.52 13.8074 1167 92.5167 747.232 482.218
547 0 89.0553 14.9345 1330 91.0759 746.289 475.868
548 1 49.3829 9.51746 470 94.5021 745.462 496.891
549 0 49.4309 9.52844 471 94.7983 743.773 496.055
550 0 53.5518 10.7746 577 95.6447 742.525 491.347
551 0 56.4474 13.0918 739 91.9851 741.564 491.267
552 0 56.4587 11.2472 635 94.9276 741.444 491.2
553 0 59.3582 13.1069 778 92.1093 741.332 489.49
554 0 62.3243 14.8417 925 88.6205 740.825 488.664
555 0 63.2397 13.4093 848 89.375 740.901 487.013
556 0 65.2878 13.6013 888 89.4741 740.378 485.313
557 0 64.514 12.2299 789 92.5272 740.354 482.115
558 0 68.355 13.0056 889 90.8526 740.669 480.403
559 0 68.355 12.8886 881 138.89 740.641 480.254
560 0 70.3389 12.5393 882 93.3345 742.432 477.423
561 0 73.441 13.453 988 91.5121 743.421 477.721
562 0 73.441 13.4394 987 137.65 744.443 477.762
563 0 76.7886 12.0721 927 95.3463 746.665 470.534
564 0 83.0086 16.432 1364 87.893 748.439 471.765
565 0 84.8568 14.5657 1236 92.1076 750.355 468.609
566 1 44.5316 10.6441 474 94.1519 752.251 489.802
567 0 47.5891 10.8638 517 93.4255 753.089 491.484
568 0 51.5109 12.8322 661 91.1846 753.557 490.64
569 0 50.4783 10.7769 544 97.6324 753.726 489.498
570 0 55.4899 14.2188 789 89.7858 755.389 491.132
571 0 54.0989 12.9393 700 92.06 753.347 492.387
572 0 58.2135 13.8456 806 89.2556 753.759 493.515
573 0 58.2135 13.8112 804 132.546 753.761 493.399
574 0 65.1272 13.0053 847 90.2149 752.66 495.58
575 0 68.1562 12.9115 880 92.6261 750.853 491.819
576 0 71.1835 14.1465 1007 90.6207 748.685 492.005
577 0 73.1108 12.8025 936 93.8109 747.79 490.819
578 0 75.307 14.8193 1116 90.7778 746.527 486.099
579 0 79.3849 15.4689 1228 90.7899 745.861 485.046
580 1 43.2404 9.18124 397 92.6877 745.489 505.353
581 0 45.4254 10.7209 487 91.2485 745.06 502.195
582 0 44.3038 12.166 539 91.1429 744.184 500.152
583 0 46.2755 11.0642 512 92.3086 742.953 498.17
584 0 48.2398 11.8574 572 93.1119 743.189 495.823
585 0 50.3382 12.3167 620 92.9435 742.958 495.819
586 0 52.2599 12.4761 652 91.3344 743.601 494.623
587 0 53.0696 12.9076 685 94.7445 744.174 490.926
588 0 56.0602 13.3428 748 89.7888 744.769 490.882
589 0 55.0804 13.1807 726 91.9697 744.665 488.653
590 0 56.0744 12.6974 712 93.7612 746.011 489.018
591 0 58.0539 12.5917 731 94.9644 746.231 488.324
592 0 60.1315 12.8884 775 94.3845 748.919 488.31
593 0 63.2956 14.3138 906 95.9735 750.503 488.189
594 0 64.1006 13.7284 880 98.8443 753.216 487.01
595 0 66.1867 14.2325 942 97.4299 754.108 488.5
596 0 68.096 14.6117 995 98.0814 755.977 485.948
597 0 71.2185 14.0132 998 98.0641 756.933 487.729
598 0 72.1005 13.9944 1009 101.28 756.962 485.619
599 0 76.1534 13.289 1012 101.277 756.841 487.116
600 1 43.0429 11.1052 478 97.728 755.389 506.573
601 0 44.1025 11.9268 526 95.7567 752.681 509.317
602 0 46.079 11.2416 518 95.7587 751.817 510.367
603 0 47.1219 12.5632 592 94.7753 748.75 509.829
604 0 49.3583 12.5612 620 93.3323 747.932 508.852
605 0 50.1503 12.3628 620 94.0548 745.952 508.847
606 0 51.2563 12.0961 620 95.6694 743.984 507.571
607 0 52.2028 12.6813 662 95.9245 744.367 507.193
608 0 54.2115 13.558 735 94.9279 742.71 506.41
609 0 54.2115 13.558 735 136.15 740.736 506.269
610 0 58.1676 14.2691 830 94.3964 739.963 504.211
611 0 61.1848 13.5818 831 96.917 738.966 502.245
612 0 63.1347 13.3049 840 97.5619 738.149 501.87
613 0 64.1643 13.8395 888 99.0327 737.329 499.661
614 0 67.2484 14.5877 981 97.1774 737.123 498.353
615 0 70.1424 13.6722 959 98.097 736.628 496.279
616 1 37.1478 11.0639 411 95.7762 736.504 511.552
617 0 38.1796 10.1363 387 99.3488 738.171 509.021
618 0 39.2427 10.5242 413 98.7506 737.821 509.315
619 0 40.3311 10.637 429 101.233 738.294 505.699
620 0 42.2117 12.2715 518 98.2954 739.143 506.32
621 0 42.2591 12.4707 527 100.898 740.133 504.85
622 0 43.0221 12.6214 543 101.4 742.759 504.991
623 0 48.0572 14.129 679 95.4757 744.94 506.897
624 0 49.0671 12.6358 620 100.468 746.665 506.945
625 0 50.0966 12.6955 636 102.228 747.258 505.447
626 0 52.0819 13.2484 690 100.726 747.436 506.678
627 0 55.0431 14.1526 779 99.3582 747.508 504.99
628 0 56.0312 14.1707 794 102.009 746.538 503.331
629 0 59.0954 13.2667 784 102.408 746.5 505.283
630 0 60.2032 15.0989 909 99.462 744.587 505.487
631 0 62.0918 14.4142 895 101.619 743.991 505.589
632 0 65.2019 13.834 902 101.768 742.838 506.722
633 0 70.3462 15.3384 1079 99.6766 742.141 506.887
634 0 72.2704 14.0445 1015 102.302 741.785 504.343
635 0 73.3826 14.1995 1042 102.681 740.265 503.943
636 0 76.2786 15.2467 1163 102.048 738.714 498.85
637 1 40.2186 8.82675 355 106.039 739.048 519.177
638 0 42.2928 10.8529 459 108.19 735.85 515.076
639 0 47.2783 12.2889 581 103.685 735.501 513.671
640 0 47.4496 12.5818 597 103.077 735.578 512.022
641 0 50.2254 11.2493 565 104.349 735.269 509.165
642 0 51.2759 13.9442 715 99.9105 734.565 505.876
643 0 51.2437 13.6602 700 100.449 734.374 504.124
644 0 55.3243 14.641 810 97.8506 735.123 504.475
645 0 55.2621 13.246 732 103.107 735.974 502.986
646 0 59.2059 16.3835 970 95.3247 737.154 502.255
647 0 59.2855 13.494 800 101.774 738.581 501.961
648 0 59.1666 16.0226 948 98.5665 739.47 499.636
649 0 63.1096 13.5162 853 102.124 741.125 498.626
650 0 64.1445 14.327 919 100.866 742.661 498.246
651 0 68.071 14.8228 1009 99.5223 743.817 495.228
652 0 71.3564 15.3035 1092 98.837 744.004 495.623
653 0 74.3584 14.9143 1109 98.9134 744.922 494.863
654 1 37.1143 10.4542 388 103.031 746.977 514.884
655 0 41.0591 12.1289 498 100.673 746.275 514.225
656 0 38.0937 10.3429 394 106.34 746.533 514.322
657 0 43.1803 12.552 542 100.507 745.825 514.413
658 0 44.0979 14.173 625 99.424 745.878 513.232
659 0 45.1371 13.2485 598 102.217 744.98 513.696
660 0 49.3602 13.8978 686 100.86 744.448 512.863
661 0 50.2837 14.637 736 99.8288 744.065 511.455
662 0 51.2605 13.8703 711 100.983 742.909 509.963
663 0 55.2395 14.066 777 99.3269 742.409 508.641
664 0 57.2248 13.0014 744 99.9234 741.544 506.39
665 0 58.1091 13.1649 765 99.9882 741.495 504.375
666 0 61.2623 14.9358 915 94.1814 740.684 502.162
667 0 63.2307 15.0085 949 94.7418 739.509 499.975
668 0 67.2285 15.4548 1039 92.206 738.686 496.906
669 0 67.1241 14.5104 974 93.693 739.415 496.339
670 0 70.0894 14.453 1013 93.1846 739.094 490.566
671 0 72.1289 15.2089 1097 92.3473 739.131 490.173
672 0 75.3448 14.8119 1116 93.1165 739.051 485.355
673 1 42.1948 11.7076 494 93.5931 740.346 503.028
674 0 42.1532 10.7228 452 93.8451 740.135 500.695
675 0 43.1314 10.4332 450 93.12 740.889 499.589
676 0 46.1978 12.663 585 89.9043 741.839 499.456
677 0 45.1084 10.109 456 98.3399 743.116 500.5
678 0 47.1337 12.9419 610 93.8721 743.757 497.433
679 0 49.2919 12.6998 626 93.4137 746.479 499.035
680 0 53.3269 13.4266 716 92.845 748.585 497.222
681 0 52.2369 13.4388 702 94.6667 749.937 497.684
682 0 56.162 14.9923 842 90.9418 751.944 499.31
683 0 56.0611 14.9123 836 93.6531 753.173 495.638
684 0 57.1174 13.0608 746 97.634 753.243 497.635
685 0 62.1442 13.9031 864 96.7338 753.559 495.77
686 0 64.1228 14.0668 902 99.0377 753.054 496.119
687 0 68.1708 13.8916 947 100.401 751.766 495.467
688 0 71.322 15.2407 1087 97.4959 750.681 493.649
689 0 73.1102 14.485 1059 98.7526 750.042 494.329
690 0 75.2294 14.4093 1084 98.9511 748.754 492.346
691 1 39.0607 12.6214 493 95.5335 747.377 510.438
692 0 42.0856 12.0231 506 96.6601 745.852 508.071
693 0 42.1894 10.3106 435 97.3816 744.763 507.795
694 0 44.1435 12.3234 544 96.943 743.331 501.232
695 0 47.3628 13.5972 644 93.7811 741.309 498.266
696 0 49.2725 13.8414 682 95.4692 740.522 494.924
697 0 50.1204 13.1683 660 96.3848 742.188 496.464
698 0 50.2913 13.3423 671 96.8316 742.08 496.68
699 0 52.1722 13.9154 726 96.6488 742.494 493.187
700 0 53.1847 12.8232 682 98.8109 743.004 490.996
701 0 54.1204 13.3037 720 97.8847 743.485 490.976
702 0 57.155 14.2245 813 95.6384 744.622 489.234
703 0 60.0969 15.5416 934 93.7334 745.037 487.335
704 0 62.1051 17.1323 1064 90.4483 744.343 487.003
705 0 64.2114 15.2777 981 94.3721 745.822 486.127
706 0 67.1024 15.9458 1070 93.314 746.819 484.194
707 0 68.1703 15.0359 1025 97.2449 748.47 483.269
708 0 68.1528 14.086 960 100.058 751.667 481.726
709 0 73.248 15.2905 1120 97.8938 753.742 482.599
710 0 75.1373 15.1456 1138 100.461 755.732 481.858
711 0 78.2952 15.3649 1203 100.274 756.856 483.223
712 1 42.0675 12.7177 535 101.086 758.26 502.168
713 0 44.0864 13.1333 579 100.478 758.13 501.354
714 0 45.0533 14.0278 632 99.8101 758.036 501.859
715 0 47.2087 14.8913 703 101.144 757.457 502.471
716 0 47.2079 14.1078 666 103.171 756.695 503.374
717 0 50.1879 13.6288 684 105.23 755.491 502.171
718 0 53.1638 15.2171 809 102.67 754.213 501.677
719 0 55.1167 14.7687 814 103.813 752.725 501.038
720 0 57.2619 15.4204 883 101.899 750.879 501.465
721 0 59.0557 16.3574 966 100.999 749.518 500.139
722 0 60.0731 15.5977 937 104.131 747.576 496.114
723 0 62.1372 15.4014 957 104.767 746.482 494.782
724 0 64.228 15.4917 995 104.982 744.472 493.448
725 0 67.2193 15.2337 1024 106.548 743.591 491.102
726 0 69.2069 16.2701 1126 105.922 742.742 487.933
727 0 72.258 15.846 1145 106.525 742.562 485.846
728 0 75.1325 16.0383 1205 106.3 741.769 482.653
729 0 77.1569 16.3692 1263 106.49 742.38 481.974
730 0 79.1231 15.6718 1240 108.598 742.743 479.265
731 1 41.0567 11.6668 479 113.82 742.935 496.443
732 0 46.038 13.5757 625 106.234 742.358 497.957
733 0 45.1511 13.1558 594 111.682 744.135 495.29
734 0 48.2253 13.5406 653 110.536 744.858 495.179
735 0 51.0869 14.4264 737 109.768 747.282 494.757
736 0 54.1258 15.6118 845 106.647 749.073 495.386
737 0 54.124 15.5753 843 107.9 750.652 495.35
738 0 57.0891 15.432 881 108.93 752.254 496.317
739 0 59.1996 14.1893 840 111.944 753.223 496.745
740 0 61.1543 14.537 889 112.432 754.071 495.861
741 0 67.1337 16.5789 1113 105.055 754.527 497.595
742 0 67.0754 14.8639 997 112.419 753.699 496.4
743 0 72.1269 14.7795 1066 111.241 752.328 496.282
744 1 41.0487 11.4254 469 114.03 750.597 512.426
745 0 41.0822 11.0753 455 114.42 749.411 513.822
746 0 43.1647 11.9774 517 113.257 747.6 512.994
747 0 45.1285 13.6942 618 110.121 746.299 511.591
748 0 48.0464 14.3611 690 109.025 744.714 508.901
749 0 50.1571 15.1923 762 106.49 743.171 508.718
750 0 52.2605 14.9444 781 108.12 740.778 505.549
751 0 53.112 14.6106 776 109.455 740.505 503.923
752 0 56.0581 14.7347 826 109.191 739.831 501.538
753 0 59.0417 14.2103 839 110.148 738.565 499.173
754 0 58.0357 13.7674 799 112.345 739.562 498.367
755 0 63.076 15.0453 949 108.025 740.094 496.387
756 0 65.0973 14.1634 922 110.47 739.874 493.898
757 0 67.2019 15.3418 1031 107.283 739.262 493.148
758 1 35.1047 10.6254 373 108.029 740.689 506.839
759 0 36.0561 11.0661 399 108.925 740.747 505.108
760 0 35.0358 9.30477 326 110.681 741.853 505.058
761 0 37.0101 9.91621 367 111.569 743.144 502.967
762 0 40.0182 12.9191 517 103.83 743.662 503.066
763 0 44.0249 12.9018 568 103.669 745.129 501.604
764 0 44.1948 14.2098 628 102.306 748.234 500.462
765 0 44.1645 13.9479 616 103.365 748.609 502.112
766 0 47.1851 14.051 663 103.189 750.962 502.459
767 0 46.189 13.8345 639 105.366 752.484 502.321
768 0 50.2089 14.9774 752 102.121 753.218 500.827
769 0 50.2052 13.6042 683 106.471 753.287 501.987
770 0 54.2861 14.9946 814 103.8 753.174 501.271
771 0 55.2026 12.7349 703 108.408 752.607 500.492
772 0 59.1463 13.2722 785 108.062 752.4 499.406
773 0 61.1469 13.7865 843 108.969 750.966 498.792
774 0 65.1921 14.0815 918 103.341 749.716 497.678
775 0 69.327 14.1359 980 94.5398 748.478 499.069
776 0 70.2062 14.899 1046 92.9847 746.856 494.912
777 0 73.2777 13.6467 1000 95.168 744.614 492.556
778 0 75.4244 13.9875 1055 94.3668 742.409 491.125
779 0 79.1925 13.5114 1070 94.9234 741.92 488.219
780 1 44.0926 12.0882 533 91.9644 741.203 505.071
781 0 45.1581 10.9836 496 94.2944 740.601 501.996
782 0 47.0724 11.6629 549 92.5355 740.053 501.474
783 0 49.1746 12.6488 622 89.8633 740.215 500.969
784 0 51.2121 13.6491 699 88.887 739.632 497.017
785 0 52.2576 14.8112 774 87.385 740.242 495.961
786 0 55.1385 13.2938 733 89.1201 740.003 495.169
787 0 56.144 12.4323 698 89.3166 740.799 495.441
788 0 58.2124 12.6605 737 89.0583 741.582 491.647
789 0 61.2868 13.5592 831 87.8628 743.201 491.232
790 0 63.1748 14.9902 947 85.6315 745.72 491.183
791 0 66.2683 15.5278 1029 84.0894 746.929 491.524
792 0 68.2395 14.3172 977 88.1689 748.798 490.305
793 0 71.1346 14.2547 1014 86.8481 750.339 491.093
794 0 73.1526 14.2852 1045 88.4459 751.482 490.848
795 0 80.1586 15.7812 1265 85.6221 751.682 489.688
796 0 84.1783 14.398 1212 89.2434 751.373 490.619
797 1 42.0789 12.3815 521 86.9347 751.637 510.779
798 0 45.1275 10.9024 492 91.1585 750.809 510.293
799 0 47.0922 12.0827 569 89.0615 749.837 511.64
800 0 49.0728 13.266 651 91.235 748.373 509.77
801 0 53.0965 12.9952 690 89.0174 746.365 510.174
802 0 54.1702 14.9713 811 85.7361 744.915 508.527
803 0 55.0849 13.5246 745 89.9651 743.216 504.702
804 0 57.0884 13.6805 781 89.4187 741.431 505.334
805 0 58.1052 12.6323 734 92.0613 739.999 502.262
806 0 61.0499 14.6929 897 89.0803 738.991 499.516
807 0 65.3026 13.2613 866 90.6536 737.965 498.379
808 0 66.14 15.1951 1005 91.5831 738.414 495.881
809 0 69.101 14.5729 1007 92.6276 738.633 493.315
810 0 72.2118 15.9669 1153 90.0416 738.409 490.859
811 0 75.1305 14.4149 1083 92.94 738.996 488.298
812 0 76.2108 14.6042 1113 94.2713 738.542 483.836
813 1 38.0109 10.1287 385 94.8727 740.182 504.597
814 0 41.0777 11.7095 481 91.7713 740.827 503.102
815 0 41.0524 12.6667 520 91.0615 741.808 501.11
816 0 44.0484 12.7814 563 91.206 742.861 500.27
817 0 44.1838 12.8101 566 93.0212 744.553 500.846
818 0 46.1725 12.9514 598 93.6288 745.783 500.582
819 0 47.1537 13.2121 623 95.2584 748.432 499.075
820 0 49.193 13.0506 642 95.7336 749.283 499.643
821 0 50.0627 13.2034 661 97.4735 751.197 498.446
822 0 52.133 13.4464 701 98.204 752.143 498.622
823 0 56.2004 13.8433 778 97.2584 752.539 497.206
824 0 59.124 14.4104 852 95 751.376 495.439
825 0 61.1253 13.1206 802 98.7282 750.115 496.137
826 0 66.1883 14.7005 973 94.5036 749.513 496.24
827 1 33.2045 11.4442 380 98.2342 748.561 510.853
828 0 34.0974 11.2619 384 98.2344 746.932 511.549
829 0 37.0383 12.0686 447 96.7987 746.66 509.991
830 0 40.129 13.2323 531 95.1017 745.122 509.557
831 0 40.2246 12.1567 489 96.8384 743.98 507.988
832 0 44.0927 13.7438 606 94.7343 743.211 505.875
833 0 42.0842 13.4017 564 97.6223 742.863 504.709
834 0 45.0648 13.8689 625 96.1888 741.894 502.522
835 0 48.1142 15.2761 735 91.9061 741.98 500.49
836 0 49.2071 14.4085 709 94.4951 741.619 500.37
837 0 49.0864 13.9957 687 96.0975 742.348 496.988
838 0 52.0556 15.08 785 91.8382 741.678 497.741
839 0 55.1369 15.126 834 91.2722 741.833 495.891
840 0 57.1143 14.8649 849 92.6431 742.693 494.461
841 0 56.2014 13.5584 762 96.3504 743.378 492.61
842 0 62.1887 15.1153 940 92.433 743.868 493.102
843 0 65.0974 14.5474 947 93.2724 745.827 492.743
844 0 65.0323 14.2083 924 95.8734 747.819 491.01
845 1 36.052 10.79 389 97.2571 749.442 505.799
846 0 37.0369 11.745 435 96.8161 751.145 507.147
847 0 38.0127 11.9434 454 95.7797 753.238 508.278
848 0 38.03 11.7539 447 96.4049 753.935 508.515
849 0 42.0592 15.074 634 91.7871 754.554 507.918
850 0 43.0376 14.4525 622 95.0547 753.907 508.293
851 0 45.1263 14.7364 665 94.5639 753.723 507.74
852 0 47.1291 15.0862 711 93.948 751.751 509.149
853 0 48.1039 14.7805 711 95.1364 750.428 508.2
854 0 51.1098 15.32 783 93.0511 748.347 509.162
855 0 51.1322 13.9247 712 98.5604 746.654 508.001
856 0 57.0906 15.2214 869 91.0955 744.01 505.284
857 0 59.1009 16.0742 950 91.3484 743.048 502.329
858 0 61.1254 15.6236 955 91.3319 741.477 502.012
859 0 61.0334 15.3686 938 93.5107 739.803 499.227
860 0 67.1815 17.0583 1146 89.1117 738.829 497.894
861 0 70.2406 17.0984 1201 89.3847 737.774 494.046
862 0 70.1469 13.7996 968 96.0486 737.46 491.503
863 0 73.0613 15.4665 1130 93.0496 738.115 489.506
864 0 75.2958 16.4949 1242 92.0258 738.464 485.32
865 0 80.2066 16.2705 1305 92.3218 738.156 485.613
866 1 42.0086 10.4264 438 96.758 739.333 504.082
867 0 42.0159 11.9955 504 94.3313 739.647 501.103
868 0 45.1517 14.263 644 90.5155 739.312 501.148
869 0 46.147 14.0638 649 90.7057 741.051 500.103
870 0 48.1373 15.2273 733 89.4393 741.82 498.076
871 0 50.0238 14.2532 713 90.9369 743.569 498.56
872 0 51.1243 14.9244 763 90.1101 745.481 499.54
873 0 52.047 14.2756 743 93.541 746.646 496.417
874 0 55.1984 14.4388 797 91.6713 747.543 497.551
875 0 59.044 14.6332 864 91.0231 749.127 496.631
876 0 63.0706 14.8722 938 90.0608 750.962 496.72
877 0 66.1551 15.1916 1005 89.8856 751.768 495.347
878 0 69.1254 14.5533 1006 93.5368 751.667 494.572
879 1 38.0977 11.0243 420 91.8 750.217 510.402
880 0 37.0492 10.8235 401 92.1721 748.419 511.082
881 0 40.0937 9.70227 389 94.1979 746.864 511.121
882 0 43.0558 11.4735 494 94.0202 745.437 509.719
883 0 47.0766 14.1897 668 89.4311 744.596 509.07
884 0 48.1771 14.5297 700 87.8714 742.87 505.677
885 0 51.0363 14.8913 760 84.0197 742.489 504.649
886 0 52.0519 15.1964 791 82.9874 740.709 502.551
887 0 53.1189 12.7262 676 86.5592 739.701 500.416
888 0 55.1327 15.1271 834 83.2878 738.572 497.626
889 0 57.0721 15.0687 860 84.1023 738.235 496.097
890 0 59.0636 14.205 839 86.826 738.362 493.503
891 0 61.2226 14.9455 915 86.3464 738.151 491.43
892 0 63.3872 14.1038 894 87.2763 737.651 488.383
893 0 65.1458 13.7384 895 88.5642 739.115 487.369
894 0 68.1016 15.0804 1027 86.1198 739.388 486.58
895 0 70.2573 15.1301 1063 87.4431 740.595 483.256
896 0 74.2412 13.6986 1017 89.3894 741.029 483.893
897 1 41.0156 12.9219 530 88.2811 743.098 499.191
898 0 41.0817 11.0755 455 91.0462 743.969 500.771
899 0 46.1046 12.8837 594 89.1027 746.352 500.116
900 0 45.1169 13.4539 607 90.3509 748.488 500.105
901 0 50.1021 14.4505 724 86.3992 751.311 500.92
902 0 48.2798 12.7797 617 90.5802 751.66 502.083
903 0 52.2857 12.6421 661 89.938 753.467 502.685
904 0 54.3407 13.7098 745 88.4362 753.821 503.434
905 0 55.1227 14.6763 809 89.0643 753.016 501.859
906 0 59.2645 13.2963 788 90.2792 751.805 501.982
907 0 63.2651 13.6568 864 88.6956 750.684 504.027
908 0 65.281 13.7712 899 91.5317 748.943 502.577
909 0 69.3288 12.6499 877 93.4116 746.719 501.319
910 0 74.4167 14.056 1046 89.1329 745.033 498.456
911 0 77.3569 13.7544 1064 89.4417 742.887 497.102
912 1 39.2611 10.7485 422 94.5284 741.642 511.983
913 0 43.2003 12.0138 519 92.1272 740.694 511.141
914 0 47.2756 12.2473 579 91.3869 740.078 509.827
915 0 48.2376 13.7652 664 89.7093 739.663 506.538
916 0 53.245 14.6681 781 86.2676 739.305 505.475
917 0 52.3652 13.1767 690 89.7464 738.197 504.451
918 0 53.3757 13.6392 728 91.3091 737.569 501.659
919 0 55.2791 13.6942 757 91.0462 737.799 500.342
920 0 59.3314 13.8712 823 90.7315 738.112 498.503
921 0 62.3514 14.4985 904 90.2799 739.052 496.636
922 0 65.3346 15.566 1017 88.0796 739.856 496.426
923 0 65.2877 13.9383 910 92.2505 740.2 496.195
924 0 67.3529 14.0751 948 92.3418 741.709 494.282
925 0 69.4694 13.9342 968 93.4277 743.358 492.746
926 0 73.4056 14.7536 1083 90.6094 745.41 493.579
927 1 41.2751 11.6535 481 93.3347 747.759 510.035
928 0 41.282 12.3541 510 94.3098 749.604 508.653
929 0 45.5584 11.7871 537 98.5158 751.641 506.635
930 0 48.4299 12.3684 599 98.2838 752.162 509.669
931 0 50.273 13.9837 703 97.2162 751.956 510.147
932 0 52.0924 12.8042 667 97.8441 751.217 510.774
933 0 55.1377 14.7812 815 92.2724 750.756 508.464
934 0 56.0586 15.6087 875 91.2697 748.243 509.056
935 0 59.0601 14.4937 856 92.5572 746.956 507.005
936 0 61.1563 15.0271 919 90.5604 744.625 504.461
937 0 63.0255 15.581 982 91.9654 743.872 502.128
938 0 65.0576 15.3249 997 95.7452 742.151 498.517
939 0 69.1225 15.8704 1097 93.2297 740.675 497.156
940 0 71.0784 15.7432 1119 96.2788 739.518 494.429
941 0 72.0904 15.0367 1084 97.6854 739.035 493.111
942 0 75.1032 15.5253 1166 98.4022 738.029 489.321
943 0 81.0788 16.6258 1348 95.4585 737.03 487.058
944 0 83.2114 15.4426 1285 98.5946 737.692 484.527
945 0 84.4617 15.3206 1294 98.9451 737.512 484.196
946 0 89.1923 16.7055 1490 96.0477 737.139 481.057
947 0 91.3013 16.4072 1498 97.6716 737.266 478.29
948 1 48.1213 12.136 584 102.86 739.562 498.031
949 0 50.208 12.508 628 103.277 740.186 496.994
950 0 52.1043 13.9144 725 99.2966 740.799 497.55
951 0 54.0402 12.6757 685 104.279 742.234 494.79
952 0 56.0766 15.1578 850 100.444 744.811 493.356
953 0 58.0208 14.4431 838 101.801 746.81 492.14
954 0 60.1729 15.4388 929 100.399 748.549 491.783
955 0 64.1327 15.6862 1006 99.2863 750.183 492.77
956 0 66.1103 14.3397 948 103.233 752.241 491.59
957 0 70.1537 15.9364 1118 99.1306 753.036 491.971
958 0 73.1029 15.4303 1128 101.504 754.005 488.978
959 0 79.0901 15.0082 1187 100.906 754.168 487.591
960 0 83.0557 15.5679 1293 100.422 753.568 486.148
961 0 87.0706 13.5637 1181 104.628 752.965 487.127
962 0 90.265 15.4102 1391 101.219 751.646 485.426
963 0 96.1476 16.2563 1563 99.7127 749.786 482.162
964 0 99.2132 14.9577 1484 102.364 747.966 480.918
965 0 107.162 18.3274 1964 94.4949 746.616 474.473
966 1 55.187 11.8868 656 103.407 744.707 505.569
967 0 60.2291 14.7271 887 98.5039 743.237 501.602
968 0 61.1821 14.6285 895 98.3877 742.426 499.82
969 0 65.2713 14.9223 974 97.9867 741.246 497.337
970 0 67.2604 15.3731 1034 96.793 740.563 493.916
971 0 70.2651 16.2954 1145 94.8271 740.763 491.81
972 0 73.2823 16.1703 1185 96.3975 740.535 487.839
973 0 76.1766 15.8841 1210 96.9471 740.486 484.643
974 0 79.4387 13.9227 1106 101.513 740.347 482.163
975 1 40.3542 12.6133 509 100.193 740.2 499.383
976 0 40.2692 13.5836 547 99.9616 740.947 498.559
977 0 44.435 13.8404 615 99.587 741.642 498.195
978 0 42.3103 12.9756 549 103.778 742.177 497.29
979 0 45.416 12.8589 584 105.099 743.728 497.014
980 0 45.2673 13.7848 624 104.676 745.84 496.245
981 0 49.3037 15.3741 758 101.062 747.724 494.86
982 0 51.1766 14.6356 749 104.069 749.862 494.76
983 0 53.2994 14.6531 781 104.704 751.698 494.94
984 0 53.2994 14.5968 778 140.18 753.715 494.843
985 0 55.3717 14.5742 807 106.802 754.109 495.979
986 0 59.4632 15.0681 896 105.757 754.261 496.818
987 0 62.8007 14.6973 923 106.69 753.423 495.535
988 0 66.418 14.9658 994 106.395 752.709 494.107
989 0 70.5022 16.3541 1153 102.343 750.592 494.961
990 0 75.5095 16.5674 1251 101.011 749.421 493.217
991 0 80.2945 16.041 1288 99.6762 748.274 489.887
992 1 43.4496 11.5766 503 103.72 746.672 508.62
993 0 44.2023 13.1441 581 101.198 744.083 506.162
994 0 45.4029 12.6203 573 101.855 742.33 503.639
995 0 46.3065 12.1149 561 102.898 741.845 503.012
996 0 51.3806 14.2466 732 99.7691 741.41 501.022
997 0 49.428 13.6967 677 102.492 740.951 497.814
998 0 54.3411 14.9979 815 97.9252 739.279 493.872
999 0 58.3831 15.3469 896 96.1317 739.25 489.767
1000 0 59.7891 14.6682 877 97.6454 738.97 489.332
1001 0 61.484 14.4428 888 99.0203 739.554 485.329
1002 0 63.437 14.5499 923 98.5125 739.803 484.251
1003 0 64.376 14.1357 910 101.223 741.066 482.421
1004 0 67.6268 14.4174 975 100.72 741.243 481.778
1005 0 70.4233 14.143 996 101.931 742.436 480.658
1006 0 75.5613 16.1458 1220 96.6041 742.433 479.622
1007 0 76.3372 14.8158 1131 100.839 744.392 477.117
1008 0 80.4568 14.2685 1148 102.082 746.418 477.569
1009 0 84.6078 14.644 1239 102.567 749.025 476.694
1010 0 88.5828 15.4206 1366 101.523 751.086 473.902
1011 1 43.2891 10.7417 465 102.29 751.877 499.144
1012 0 46.2781 10.8259 501 101.76 752.521 499.479
1013 0 48.1399 11.9028 573 101.059 753.902 503.517
1014 0 52.0902 12.248 638 101.158 754.928 503.379
1015 0 54.1123 14.8765 805 96.4795 753.743 502.076
1016 0 56.1668 12.7477 716 101.747 752.573 502.831
1017 0 58.1621 12.7231 740 103.164 751.846 501.43
1018 0 64.1863 13.1025 841 100.554 750.088 500.188
1019 0 67.3337 14.5395 979 97.7886 748.011 500.106
1020 0 69.2933 13.4212 930 101.022 746.175 496.205
1021 0 74.3712 13.6074 1012 99.4298 745.002 495.365
1022 1 41.0368 10.8927 447 100.056 745.331 509.324
1023 0 40.1039 9.82448 394 100.721 744.135 509.401
1024 0 43.0275 11.1789 481 97.553 743.204 508.235
1025 0 45.123 12.4105 560 96.1429 741.871 503.084
1026 0 48.0303 12.7628 613 94.0783 741.178 502.147
1027 0 48.0508 13.1736 633 93.7062 741.972 500.548
1028 0 49.1118 12.5225 615 96.6894 739.803 497.528
1029 0 52.1928 14.2548 744 93.4543 740.961 495.535
1030 0 54.0747 13.4814 729 95.4252 742.167 495.023
1031 0 56.1655 12.8193 720 95.5542 742.699 494.869
1032 0 59.1857 13.6351 807 93.9777 743.585 493.721
1033 0 59.1076 13.6362 806 96.0087 744.629 491.274
1034 0 60.2359 13.5467 816 95.7243 744.746 490.221
1035 0 62.2655 12.9446 806 97.9814 747.025 490.794
1036 0 66.2243 13.6959 907 95.7244 749.249 489.87
1037 0 69.2256 14.1855 982 95.6191 751.738 490.437
1038 0 74.3043 13.983 1039 95.6362 753.924 489.403
1039 1 43.0468 9.54775 411 95.7981 755.173 507.995
1040 0 43.0828 10.1433 437 98.984 755.506 506.439
1041 0 45.1195 11.2812 509 96.8919 755.709 506.212
1042 0 49.0639 11.3118 555 96.2991 754.555 505.178
1043 0 51.0537 11.4194 583 96.2779 754.28 506.654
1044 0 55.0425 11.3004 622 95.6656 752.243 507.941
1045 0 56.1893 12.7782 718 92.8315 750.514 506.519
1046 0 55.1763 11.9435 659 91.8543 749.042 504.528
1047 0 58.1957 11.8737 691 91.4993 748.289 504.049
1048 0 60.3042 12.8847 777 89.0875 745.561 501.196
1049 0 63.2396 11.9862 758 90.5409 743.575 497.517
1050 0 65.3077 14.1331 923 86.6544 742.033 495.311
1051 0 68.1861 11.8059 805 89.9764 741.257 492.768
1052 0 70.28 13.5458 952 87.8372 741.36 489.394
1053 0 74.2626 13.4119 996 88.5341 740.327 486.383
1054 0 76.2524 13.8881 1059 88.0935 740.659 482.663
1055 0 78.2536 14.0569 1100 87.75 740.715 480.503
1056 0 82.2955 12.7346 1048 89.4962 740.708 477.968
1057 1 44.0455 9.35397 412 89.0388 742.451 499.255
1058 0 44.1859 10.5237 465 88.6581 742.813 495.406
1059 0 46.146 10.7052 494 88.7753 742.842 495.439
1060 0 47.2527 10.8988 515 87.4854 743.456 494.711
1061 0 50.2938 12.2282 615 85.6537 744.501 493.119
1062 0 52.0696 13.2707 691 85.0507 747.592 494.075
1063 0 53.2062 13.0624 695 86.3741 749.161 493.737
1064 0 55.0929 13.0325 718 88.0223 751.039 493.476
1065 0 58.1409 12.1601 707 89.7426 752.338 493.717
1066 0 60.0985 13.9271 837 87.7802 754.593 493.386
1067 0 64.1373 12.4265 797 90.1405 755.13 492.989
1068 0 67.0914 13.8319 928 86.4504 756.323 492.28
1069 0 68.0834 13.6303 928 87.1703 755.699 490.477
1070 0 74.2448 14.4657 1074 85.6015 753.547 490.015
1071 1 39.0632 8.83184 345 91.0377 753.829 510.328
1072 0 39.0544 10.6006 414 90.7754 752.671 507.616
1073 0 44.0412 10.8535 478 87.7699 750.801 509.033
1074 0 46.1636 12.0658 557 88.009 749.244 505.61
1075 0 46.1303 12.4864 576 89.2986 747.464 504.906
1076 0 46.0458 12.7482 587 87.3271 745.646 503.712
1077 0 50.5157 12.4912 631 86.6577 745.065 501.808
1078 0 51.2984 13.7626 706 84.4561 743.439 499.268
1079 0 51.3146 13.1542 675 89.403 741.419 497.659
1080 0 55.2248 14.106 779 85.9268 741.356 495.489
1081 0 54.2013 12.8779 698 89.5372 742.036 493.007
1082 0 59.2791 13.8835 823 87.1616 742.203 490.04
1083 0 58.3422 13.6608 797 89.0163 743.043 488.784
1084 0 61.1063 14.3684 878 85.9431 743.687 487.511
1085 0 64.1999 13.4891 866 87.142 744.798 486.719
1086 0 65.1313 14.0178 913 88.632 744.265 482.766
1087 0 67.0667 14.0606 943 88.2503 747.082 481.597
1088 0 70.1861 14.4615 1015 87.7813 748.913 481.536
1089 0 72.2045 13.0463 942 90.7622 750.87 482.855
1090 0 75.1709 13.7952 1037 90.2276 752.227 481.5
1091 0 78.1246 14.5537 1137 89.6025 754.339 481.114
1092 0 82.1675 16.0526 1319 87.0955 756.06 478.995
1093 0 83.4165 12.7673 1065 93.7549 756.615 481.006
1094 0 87.2429 13.8579 1209 92.3879 757.749 480.447
1095 1 46.2281 10.7727 498 92.1928 757.319 503.894
1096 0 46.133 9.34254 431 94.6288 756.638 504.868
1097 0 51.1101 12.5415 641 90.3963 755.917 504.646
1098 0 53.2852 12.3111 656 91.4939 755.093 505.105
1099 0 56.2389 14.8474 835 88.2695 753.448 502.29
1100 0 57.1989 13.4093 767 92.3338 752.416 503.001
1101 0 60.1983 14.9672 901 90.2986 750.694 501.368
1102 0 63.0437 13.8634 874 92.9668 748.919 498.577
1103 0 65.0731 14.3377 933 92.4234 747.558 496.049
1104 0 69.0711 14.2317 983 91.3998 746.551 494.591
1105 0 70.1661 14.6224 1026 92.1228 745.797 492.6
1106 0 74.1272 14.6505 1086 92.0221 744.331 488.941
1107 0 75.0536 15.7487 1182 89.7234 743.937 488.167
1108 0 79.1526 15.8049 1251 89.5979 743.614 484.396
1109 0 81.1137 14.6831 1191 91.0495 744.148 482.636
1110 1 42.0531 11.2715 474 90.3143 744.424 500.428
1111 0 44.0773 10.6631 470 91.3298 744.47 498.604
1112 0 46.0449 12.5312 577 87.305 745.709 500.029
1113 0 48.0766 12.0017 577 90.8354 745.638 496.296
1114 0 51.1281 12.2829 628 90.0255 747.363 496.785
1115 0 51.0282 13.2672 677 92.1241 747.632 495.527
1116 0 53.0813 13.3946 711 90.0506 749.01 494.495
1117 0 56.1319 15.2676 857 87.7456 750.559 495.729
1118 0 57.0887 13.768 786 91.3422 754.153 495.354
1119 0 60.1338 13.1706 792 92.4242 755.398 494.708
1120 0 61.2308 13.4899 826 92.0969 755.544 495.414
1121 0 64.1882 13.3825 859 92.2002 756.047 495.629
1122 0 65.335 13.3466 872 93.5814 755.523 494.667
1123 0 71.4395 14.2078 1015 91.3793 755.635 495.063
1124 0 76.2924 14.0905 1075 90.8856 755.216 493.269
1125 1 39.4273 9.08 358 93.3547 754.081 512.735
1126 0 39.2445 8.35786 328 94.5335 752.872 513.912
1127 0 43.3471 10.0814 437 91.7963 751.556 513.341
1128 0 44.2388 10.6241 470 92.3915 749.572 510.998
1129 0 46.2704 12.3189 570 90.1035 747.286 508.161
1130 0 50.3143 14.8069 745 85.204 745.693 505.944
1131 0 51.3405 12.8943 662 89.2508 744.497 503.816
1132 0 52.4171 12.8393 673 89.0654 744.049 502.334
1133 0 54.4328 13.9071 757 87.5561 742.972 500.21
1134 0 57.1007 13.9228 795 87.2314 742.414 497.269
1135 0 58.2805 12.9031 752 89.8364 742.549 494.971
1136 0 60.2359 14.659 883 88.3398 741.664 491.402
1137 0 61.2415 12.4752 764 91.7775 742.804 492.27
1138 0 65.2648 13.8819 906 89.8786 743.552 489.21
1139 0 64.2358 13.8708 891 92.514 744.456 487.957
1140 0 68.2922 13.1494 898 94.0078 745.898 485.822
1141 0 72.3514 14.4434 1045 91.6775 746.264 485.352
1142 0 75.3611 14.3974 1085 93.2046 747.815 484.11
1143 0 78.4538 15.3849 1207 91.6587 749.422 482.51
1144 1 42.2842 11.3518 480 95.9875 750.852 502.031
1145 0 42.2452 10.4627 442 99.4955 752.136 503.231
1146 0 44.4745 12.7489 567 97.8078 754.049 501.37
1147 0 47.3607 13.3866 634 95.9905 754.992 503.226
1148 0 49.453 13.6898 677 98.5613 755.889 503.736
1149 0 51.2427 13.075 670 99.4388 755.558 503.721
1150 0 54.3696 14.5486 791 97.0721 754.269 503.14
1151 0 56.3342 14.2897 805 97.9516 754.545 504.01
1152 0 58.2555 15.0372 876 96.7968 754.005 503.134
1153 0 61.2138 14.2942 875 99.448 753.352 502.943
1154 0 63.1444 14.744 931 98.753 751.719 502.102
1155 0 66.2271 15.9451 1056 96.4167 750.069 498.565
1156 0 69.1696 15.1222 1046 98.0793 748.662 498.139
1157 0 70.3379 14.7716 1039 99.0722 746.651 494.804
1158 0 74.3861 15.312 1139 98.3047 745.818 493.311
1159 0 77.2545 16.7887 1297 95.9314 744.456 487.746
1160 0 79.4576 15.115 1201 100.275 743.315 487.804
1161 0 82.3139 17.3361 1427 95.5487 742.863 484.257
1162 0 86.3401 16.5508 1429 96.6676 742.149 480.34
1163 0 88.5609 16.7117 1480 96.3655 742.266 478.996
1164 1 47.3128 10.5257 498 104.735 743.48 498.197
1165 0 51.4261 12.5034 643 99.2146 743.423 497.218
1166 0 52.2124 13.177 688 100.549 743.291 493.116
1167 0 54.1742 12.2198 662 101.98 744.261 491.97
1168 0 54.1165 13.8775 751 99.1198 745.296 491.531
1169 0 57.3403 12.6264 724 97.5594 746.499 491.155
1170 0 60.2334 13.8129 832 98.4002 747.067 490.686
1171 0 62.1797 14.8441 923 96.4713 748.764 488.91
1172 0 63.0841 14.2191 897 99.1918 751.495 489.001
1173 0 67.0946 14.9938 1006 97.2714 752.795 487.559
1174 0 71.0976 15.4576 1099 94.6096 754.492 488.033
1175 0 72.1813 15.0039 1083 97.5965 755.86 485.812
1176 0 75.0804 15.9962 1201 96.189 756.339 486.314
1177 0 80.1341 15.0123 1203 97.798 756.721 484.027
1178 1 41.1049 10.9233 449 101.007 758.107 504.519
1179 0 42.1075 9.64198 406 102.145 756.443 504.951
1180 0 45.1449 11.0311 498 99.257 756.227 506.478
1181 0 48.1224 11.6786 562 100.032 754.621 503.053
1182 0 52.1646 12.8056 668 96.0928 752.954 504.162
1183 0 55.0616 14.3657 791 92.9469 752.384 502.899
1184 0 56.2787 13.0778 736 95.3927 751.284 502.367
1185 0 59.2197 14.7417 873 91.1764 750.465 499.766
1186 0 60.1845 14.1565 852 94.2793 748.539 495.508
1187 0 61.1628 13.5703 830 93.5867 746.919 494.335
1188 0 68.2873 13.9118 950 90.9621 745.74 492.428
1189 0 69.1915 13.4843 933 93.1329 745.35 489.758
1190 0 72.2387 16.6393 1202 86.6256 744.146 486.398
1191 0 73.2319 13.8191 1012 91.9437 743.941 483.887
1192 0 79.3467 15.6402 1241 87.8396 744.507 482.293
1193 0 79.2064 16.4002 1299 88.8437 744.684 479.681
1194 0 81.1645 14.4521 1173 92.8372 744.973 476.363
1195 0 84.2237 14.7346 1241 92.2015 745.507 474.787
1196 1 45.0759 10.6487 480 92.7062 746.688 495.108
1197 0 47.0525 11.6678 549 92.3843 748.359 495.009
1198 0 47.1012 13.3118 627 89.3573 749.486 494.073
1199 0 51.042 12.0097 613 90.5889 749.78 494.837
1200 0 49.1048 12.8501 631 91.4517 751.867 492.482
1201 0 53.2272 13.2451 705 91.0071 754.312 493.844
1202 0 52.2216 12.581 657 94.7915 755.936 492.982
1203 0 56.1838 12.5303 704 93.4332 756.915 495.249
1204 0 59.1398 13.0707 773 92.4437 756.882 493.956
1205 0 61.2287 12.0532 738 94.1436 757.931 495.221
1206 0 66.352 14.5587 966 90.2143 756.958 492.749
1207 0 67.2582 13.753 925 94.187 756.768 492.719
1208 0 73.2058 15.7228 1151 89.9401 756.341 490.601
1209 0 76.304 13.787 1052 95.9316 755.122 489.894
1210 0 79.1802 13.564 1074 96.8669 753.574 488.773
1211 0 84.1962 15.0244 1265 93.3265 752.42 489.434
1212 1 41.0416 9.64875 396 96.3359 751.977 509.015
1213 0 45.0273 10.0383 452 94.3252 750.27 506.987
1214 0 47.0221 11.9306 561 94.1355 749.535 504.209
1215 0 49.2516 12.426 612 94.5016 747.353 501.428
1216 0 51.1092 13.4027 685 92.0628 746.295 499.302
1217 0 52.0743 11.0611 576 98.184 745.399 497.597
1218 0 53.1973 14.512 772 92.5648 745.339 493.433
1219 0 54.1998 12.1587 659 96.2504 745.373 494.8
1220 0 58.3237 12.3792 722 95.7812 744.846 491.661
1221 0 59.2431 12.9129 765 96.0196 745.059 488.749
1222 0 60.317 12.7493 769 97.3992 746.023 487.293
1223 0 63.354 13.8113 875 94.7314 747.36 486.007
1224 0 65.3248 13.2721 867 95.7486 748.152 486.937
1225 0 67.3692 11.86 799 99.0163 749.186 485.018
1226 0 71.3269 13.0946 934 96.1991 749.009 482.092
1227 0 76.3121 14.2048 1084 94.0526 751.595 483.327
1228 1 43.0176 9.0428 389 99.7789 754.938 500.825
1229 0 43.043 10.5708 455 98.5516 756.358 501.71
1230 0 45.0186 10.4623 471 98.6539 758.227 502.287
1231 0 48.0246 12.1396 583 98.1784 759.432 502.196
1232 0 49.021 12.0153 589 97.8065 758.037 501.005
1233 0 51.3109 12.9602 665 95.9624 757.251 502.498
1234 0 54.2074 13.7435 745 93.8282 756.643 501.855
1235 0 56.2486 13.4048 754 94.6154 755.592 502.195
1236 0 59.2825 13.8995 824 92.7197 754.033 500.465
1237 0 61.3606 13.8688 851 93.1187 752.658 501.558
1238 0 60.3726 12.3235 744 96.6022 749.952 499.468
1239 0 66.2822 12.6278 837 91.7587 748.853 499.172
1240 0 65.2306 12.2795 801 94.2971 746.775 493.682
1241 1 36.0163 11.3837 410 91.8537 746.222 509.329
1242 0 40.1424 11.509 462 90.3831 745.087 508.898
1243 0 41.0201 9.58068 393 93.8575 744.679 507.275
1244 0 42.0568 11.2942 475 91.1326 744.187 504.503
1245 0 44.0808 11.5016 507 89.0375 744.108 503.584
1246 0 46.048 11.5966 534 88.9925 744.343 501.798
1247 0 45.0886 11.7103 528 90.8333 744.295 499.733
1248 0 47.042 12.9034 607 89.7446 743.081 495.697
1249 0 49.0786 14.1406 694 87.3487 742.745 494.45
1250 0 51.257 14.4956 743 86.4415 745.67 495.579
1251 0 53.1566 14.0716 748 86.9131 746.187 495.067
1252 0 53.2802 13.4196 715 88.1538 747.34 493.378
1253 0 54.1156 13.0646 707 90.1259 749.116 492.484
1254 0 56.1889 12.8673 723 89.1978 750.545 492.64
1255 0 59.1929 13.532 801 87.7928 752.729 492.348
1256 0 63.1587 14.899 941 85.7821 754.198 491.494
1257 0 66.1267 14.1547 936 86.9776 756.641 494.509
1258 0 66.1809 13.9013 920 89.8957 755.566 493.799
1259 0 70.1611 15.2221 1068 85.3699 755.18 496.09
1260 0 77.0876 11.8177 911 91.775 754.795 494.945
1261 0 79.2879 15.1599 1202 86.6165 753.195 491.012
1262 1 42.0377 10.2289 430 90.1372 753.3 512.128
1263 0 44.0664 10.4161 459 91.7974 751.651 510.427
1264 0 46.064 13.0037 599 89.2588 749.962 507.856
1265 0 50.182 13.8695 696 86.4253 748.852 506.826
1266 0 51.0314 12.7373 650 87.4785 747.168 505.983
1267 0 53.1158 14.1954 754 86.2241 745.519 503.812
1268 0 55.3146 13.9384 771 85.9507 743.214 500.999
1269 0 58.1779 13.4415 782 86.9974 743.826 500.912
1270 0 59.1932 14.0557 832 87.0481 742.298 496.081
1271 0 60.1989 13.5218 814 89.3993 741.071 492.51
1272 0 60.1989 13.5551 816 138.575 740.071 492.55
1273 0 66.0962 14.0553 929 87.4715 740.974 489.332
1274 0 69.1423 14.4774 1001 87.5255 741.685 486.725
1275 0 72.1005 15.7142 1133 85.9162 742.391 484.492
1276 0 76.1691 15.4525 1177 85.4308 743.796 484.287
1277 0 79.1083 14.8783 1177 87.0841 744.378 483.038
1278 0 81.1696 15.7818 1281 87.6667 746.28 478.952
1279 0 84.3834 15.0978 1274 89.6711 745.933 478.571
1280 1 46.1333 9.81937 453 93.5143 749.371 498.472
1281 0 47.153 10.9855 518 92.888 752.052 500.32
1282 0 48.1436 11.6942 563 94.286 753.732 499.655
1283 0 51.1085 11.955 611 94.5368 755.129 500.047
1284 0 52.053 12.372 644 94.6724 755.905 499.213
1285 0 55.0677 14.5457 801 92.2297 756.436 497.767
1286 0 58.0687 15.2922 888 92.6745 756.167 497.546
1287 0 62.1621 14.1083 877 95.1585 756.343 497.958
1288 0 64.1212 15.9386 1022 91.0773 754.906 498.702
1289 0 64.1644 13.9797 897 96.5753 753.861 496.864
1290 0 69.0893 15.4583 1068 93.6826 752.261 497.057
1291 0 71.0844 14.9681 1064 95.312 750.904 495.106
1292 0 77.1375 15.427 1190 93.9412 750.471 493.76
1293 0 77.2156 15.6704 1210 94.6694 748.642 490.308
1294 0 81.267 15.283 1242 95.4726 748.057 487.101
1295 0 84.1622 16.088 1354 94.3456 746.041 482.849
1296 0 88.2678 17.1524 1514 91.7074 743.194 482.098
1297 0 90.2507 16.0885 1452 94.0971 741.971 481.236
1298 0 93.0953 15.4036 1434 95.7629 740.341 477.916
1299 0 93.1409 14.4405 1345 99.5494 740.677 473.659
1300 1 51.1213 11.5021 588 99.7874 740.631 495.611
1301 0 53.179 13.4828 717 96.3222 742.596 494.619
1302 0 56.2379 12.785 719 95.8999 742.255 494.296
1303 0 58.1128 14.5579 846 95.4728 743.274 490.603
1304 0 59.1276 14.5279 859 96.8463 744.78 489.597
1305 0 61.1504 15.2738 934 95.5043 745.471 487.203
1306 0 65.1422 15.6273 1018 94.5265 746.622 488.104
1307 0 66.186 15.2147 1007 96.6673 748.505 485.631
1308 0 69.126 14.7267 1018 97.2859 750.686 485.845
1309 0 73.3467 15.8426 1162 95.5929 753.042 486.095
1310 0 75.1673 15.3657 1155 96.5325 755.228 485.265
1311 1 37.0806 12.5133 464 100.537 756.183 503.731
1312 0 39.0488 12.6764 495 98.4788 757.818 504.778
1313 0 40.219 12.4319 500 101.342 756.408 505.068
1314 0 43.0684 13.9545 601 98.7354 756.295 502.83
1315 0 47.02 14.6746 690 96.1261 755.071 503.472
1316 0 50.1832 15.1445 760 96.3039 754.593 503.616
1317 0 51.1869 14.4373 739 98.7321 753.394 504.513
1318 0 51.1289 14.6884 751 99.8748 751.871 503.876
1319 0 57.0279 16.676 951 94.7329 750.879 500.763
1320 0 59.035 15.7195 928 96.6153 749.464 498.188
1321 0 62.0699 15.3053 950 98.1095 747.808 496.736
1322 0 65.1112 14.6519 954 99.3166 746.389 494.494
1323 0 66.0396 15.9601 1054 99.2989 745.89 492.352
1324 0 68.2405 16.1781 1104 99.6341 745.659 488.158
1325 0 72.2326 15.6716 1132 100.1 745.24 487.705
1326 0 73.2125 15.2706 1118 103.411 745.077 484.548
1327 1 36.0458 12.3454 445 102.822 745.366 503.101
1328 0 38.18 11.3934 435 105.611 746.662 501.113
1329 0 42.116 12.3706 521 101.104 746.858 500.198
1330 0 42.0262 12.5636 528 102.303 746.064 499.949
1331 0 43.0619 15.6751 675 97.6356 746.627 496.579
1332 0 46.3088 14.5113 672 99.0432 748.914 496.958
1333 0 46.306 13.8211 640 101.527 750.138 496.723
1334 0 48.3469 13.4445 650 102.934 752.131 495.902
1335 0 50.2032 14.4811 727 101.74 755.056 495.343
1336 0 53.1857 14.8724 791 100.898 755.599 497.088
1337 0 54.0968 14.0859 762 102.866 757.462 496.781
1338 0 59.0912 13.6907 809 103.352 758.66 495.093
1339 0 61.0325 15.3525 937 100.386 759.177 495.596
1340 0 63.1167 15.7645 995 100.859 758.562 495.199
1341 0 68.0789 16.2165 1104 99.4058 757.361 495.606
1342 0 69.1365 14.1459 978 105.508 755.781 495.04
1343 0 70.0622 14.1731 993 107.904 754.806 494.93
1344 0 78.1436 16.073 1256 101.291 753.838 492.947
1345 1 39.254 10.8269 425 108.741 753.287 510.744
1346 0 45.0573 11.5409 520 105.915 750.769 509.388
1347 0 45.1489 10.4765 473 107.427 748.309 507.605
1348 0 46.0422 12.1628 560 104.595 747.062 506.462
1349 0 47.0622 12.3879 583 106.374 746.298 501.753
1350 0 49.2104 12.3754 609 106.233 745.025 500.773
1351 0 51.0782 13.5087 690 104.088 744.609 499.083
1352 0 56.2048 14.6607 824 100.733 744.135 495.666
1353 0 56.2324 13.3553 751 104.558 744.185 492.561
1354 0 59.1494 14.6409 866 100.837 744.657 492.126
1355 0 64.2953 15.04 967 101.312 745.15 488.641
1356 0 67.4357 15.5704 1050 99.6619 745.585 486.84
1357 0 68.2881 14.8488 1014 102.282 746.574 485.045
1358 0 70.2848 14.427 1014 103.052 747.276 484.89
1359 0 73.2811 14.1373 1036 103.92 748.476 484.352
1360 0 78.2643 15.0899 1181 101.789 750.16 483.05
1361 1 40.0666 11.3561 455 106.033 752.727 502.057
1362 0 39.0766 9.16149 358 110.534 754.793 503.5
1363 0 42.1178 12.3226 519 105.468 756.237 502.969
1364 0 43.387 10.3026 447 109.114 757.237 503.658
1365 0 45.1074 11.2842 509 108.644 757.285 502.589
1366 0 47.2413 9.90658 468 110.216 756.353 504.97
1367 0 52.099 12.553 654 104.974 757.107 504.865
1368 0 55.1177 15.2401 840 99.8571 756.971 502.152
1369 0 60.1314 14.618 879 100.316 755.179 503.237
1370 0 60.0695 14.6663 881 102.764 753.768 502.489
1371 0 63.0764 14.5379 917 102.926 752.517 500.253
1372 0 67.0513 15.4956 1039 100.087 751.153 499.278
1373 0 69.0537 14.3367 990 103.167 749.737 496.16
1374 0 73.1042 14.4315 1055 102.775 747.199 493.889
1375 0 76.2314 16.2794 1241 98.643 745.752 488.257
1376 0 79.3954 14.8623 1180 100.914 745.382 485.565
1377 0 83.1993 14.5434 1210 100.958 744.691 484.602
1378 0 86.2413 14.4246 1244 99.0571 743.046 480.49
1379 0 88.2397 13.0327 1150 102.365 742.375 479.952
1380 1 47.1603 11.4291 539 99.0872 743.091 499.759
1381 0 47.2438 10.5622 499 101.387 743.257 496.842
1382 0 51.201 12.1482 622 95.8183 744.19 497.704
1383 0 55.1761 13.1941 728 95.717 744.76 495.316
1384 0 57.3411 13.6726 784 94.3839 745.95 493.93
1385 0 57.2066 12.3937 709 97.9394 746.598 493.25
1386 0 60.2188 13.3181 802 95.9127 747.911 492.35
1387 0 64.2956 15.0244 966 93.1925 749.953 489.364
1388 0 64.2837 13.6893 880 96.9602 752.175 490.08
1389 0 69.4637 13.5898 944 96.464 754.729 488.163
1390 0 74.4977 14.4971 1080 94.063 755.569 486.779
1391 0 77.5226 15.5052 1202 92.9975 756.533 487.374
1392 0 79.3244 12.8964 1023 98.9247 756.153 488.028
1393 0 84.544 14.6788 1241 95.9863 756.883 487.222
1394 0 86.2834 13.7454 1186 99.4865 755.222 485.261
1395 0 92.4928 13.3308 1233 100.425 754.657 485.201
1396 0 94.4396 14.7184 1390 99.5942 753.647 485.013
1397 0 97.649 13.6407 1332 103.191 751.786 481.201
1398 1 51.343 10.05 516 103.783 752.099 507.122
1399 0 54.2629 11.3521 616 101.627 749.985 506.235
1400 0 56.3901 13.779 777 98.1441 748.124 502.991
1401 0 56.1442 14.7121 826 96.5 745.464 502.471
1402 0 59.2844 14.169 840 96.606 744.783 502.479
1403 0 56.0169 12.282 688 102.89 744.99 500.019
1404 0 58.0732 13.173 765 101.052 744.978 500
1405 0 59.1902 14.1071 835 98.6886 744.606 499.01
1406 0 58.1071 14.4561 840 98.9369 744.38 497.205
1407 0 60.0325 14.2756 857 98.6616 744.366 495.6
1408 0 60.0982 13.7608 827 99.5889 744.927 494.346
1409 0 61.1339 13.3641 817 100.018 744.918 493.506
