 	0	2.813221585	2.125	58940.23529	125248
	0.05	2.651054782	2.109375	59168.23704	124808
	0.1	2.901290396	2.453125	57815.23567	141828
	0.15	3.194393887	2.703125	58419.79191	157916
	0.2	3.43128663	2.8125	57868.8	162756
	0.25	3.419746061	2.890625	59392	171680
	0.3	3.59867545	3.0625	58381.06122	178792
	0.35	4.049090176	3.1875	59935.37255	191044
	0.4	4.133185095	3.390625	59217.40092	200784
	0.45	4.510523208	3.484375	59943.03139	208864
	0.5	4.85369158	3.9375	58422.85714	230040
	0.55	2.169737565	1.84375	57532.74576	106076
	0.6	2.234930589	1.78125	60160	107160
	0.65	2.718845156	2.046875	60120.91603	123060
	0.7	2.492098763	2.109375	58146.13333	122652
	0.75	2.724956767	2.25	60108.44444	135244
	0.8	2.968728976	2.453125	58747.92357	144116
	0.85	2.880312007	2.359375	59134.30464	139520
	0.9	3.350567792	2.5625	59075.12195	151380
	0.95	3.350853921	2.6875	56619.16279	152164
	1	3.942230973	3.234375	55859.94203	180672
	1.05	3.894710157	2.921875	58273.54011	170268
	1.1	3.800804324	2.859375	57688.13115	164952
	1.15	4.140503877	3.109375	58338.41206	181396
	1.2	4.496928581	3.28125	55888.45714	183384
	1.25	5.043637281	3.390625	57345.17972	194436
	1.3	5.448458818	3.9375	51964.95238	204612
	1.35	2.672785309	1.921875	52388.42276	100684
	1.4	3.020723361	2.171875	51629.1223	112132
	1.45	3.383125308	2.578125	50151.17576	129296
	1.5	3.334422016	2.609375	47409.05389	123708
	1.55	3.781424311	2.9375	52343.82979	153760
	1.6	4.311992532	3.328125	52002.85446	173072
	1.65	4.468176292	3.484375	52436.37668	182708
	1.7	4.472458286	3.734375	50001.40586	186724
	1.75	5.030889411	3.75	54398.93333	203996
	1.8	5.567501871	4.171875	53922.03745	224956
	1.85	5.748023177	4.203125	54435.68773	228800
	1.9	6.112821653	4.9375	53030.07595	261836
	1.95	6.535808026	4.890625	54617.15016	267112
	2	3.325762785	2.453125	54593.22293	133924
	2.05	3.262315457	2.59375	54437.01205	141196
	2.1	3.434212467	2.578125	54278.20606	139936
	2.15	3.793739147	2.828125	55693.43646	157508
	2.2	3.772753083	3.046875	55592.69744	169384
	2.25	4.343463429	3.484375	55573.81166	193640
	2.3	4.725759085	3.578125	56417.25764	201868
	2.35	4.851423041	3.625	56528.55172	204916
	2.4	5.318342861	4.140625	54559.87925	225912
	2.45	5.70312121	4.375	54006.85714	236280
	2.5	2.895497561	2.140625	52818.21898	113064
	2.55	3.02072312	2.21875	54252.16901	120372
	2.6	3.264595759	2.25	55319.11111	124468
	2.65	3.389593247	2.546875	50245.10429	127968
	2.7	3.482189956	2.59375	51139.85542	132644
	2.75	3.640062676	2.703125	53215.44509	143848
	2.8	3.946515866	2.875	52249.04348	150216
	2.85	4.24772596	2.8125	54721.42222	153904
	2.9	4.65370442	3.34375	52119.92523	174276
	2.95	5.283935077	3.734375	51164.65272	191068
	3	2.526111119	1.859375	51322.62185	95428
	3.05	2.532360399	1.859375	50397.57983	93708
	3.1	2.796129695	1.90625	52937.44262	100912
	3.15	2.831601601	2.078125	53284.57143	110732
	3.2	2.959508886	2.078125	52610.88722	109332
	3.25	3.095670535	2.109375	54226.48889	114384
	3.3	3.420574262	2.53125	51817.87654	131164
	3.35	3.808212775	2.828125	53847.69061	152288
	3.4	4.162346478	3.125	53346.56	166708
	3.45	4.759759762	3.734375	49666.14226	185472
	3.5	5.166027598	3.5625	52554.10526	187224
	3.55	2.632489343	1.890625	49448.19835	93488
	3.6	2.517709249	1.890625	51356.56198	97096
	3.65	2.412696599	1.703125	53952.58716	91888
	3.7	2.59722155	2.0625	48672.9697	100388
	3.75	2.878550357	2.109375	53335.22963	112504
	3.8	3.21681228	2.390625	49637.22876	118664
	3.85	3.589224846	2.6875	51737.30233	139044
	3.9	3.79635905	2.96875	50708.21053	150540
	3.95	4.047653575	3.359375	49138.90233	165076
	4	4.152857687	2.84375	52502.50549	149304
	4.05	4.549520102	3.296875	48374.29384	159484
	4.1	1.934015024	1.4375	51366.95652	73840
	4.15	2.343152258	1.8125	48388.41379	87704
	4.2	2.458545454	1.84375	47260.20339	87136
	4.25	2.478965286	1.875	47972.26667	89948
	4.3	2.786927188	2.109375	46064.82963	97168
	4.35	2.831783081	2.109375	50777.12593	107108
	4.4	2.938736171	2.140625	48079.41606	102920
	4.45	3.517369577	2.9375	45218.04255	132828
	4.5	3.565415554	2.53125	50098.5679	126812
	4.55	4.07330801	3.078125	46543.91878	143268
	4.6	4.296502068	3.21875	45856.31068	147600
	4.65	4.793449573	3.53125	46811.75221	165304
	4.7	2.200066655	1.6875	45774.22222	77244
	4.75	2.37025442	1.78125	44876.35088	79936
	4.8	2.606489743	1.921875	43969.56098	84504
	4.85	2.682583246	2	46238	92476
	4.9	2.960822038	2.03125	48734.52308	98992
	4.95	2.927828587	2.359375	44040.47682	103908
	5	3.343178764	2.65625	47278.68235	125584
	5.05	3.343505104	2.765625	46952.13559	129852
	5.1	3.721143395	2.90625	45689.11828	132784
	5.15	3.920103335	3.234375	44448.77295	143764
	5.2	4.351009542	3.234375	46378.04831	150004
	5.25	4.780725548	3.609375	46013.50649	166080
	5.3	2.171656458	1.625	49932.30769	81140
	5.35	2.537311188	1.875	49164.8	92184
	5.4	2.534880137	1.890625	49651.30579	93872
	5.45	2.73519085	2.078125	44957.83459	93428
	5.5	2.744837397	1.890625	50038.47934	94604
	5.55	3.121565885	2.34375	50682.88	118788
	5.6	3.403481553	2.5625	51871.21951	132920
	5.65	3.696394727	2.796875	50698.01117	141796
	5.7	3.775094259	2.765625	52075.02825	144020
	5.75	4.059495781	2.984375	53839.07853	160676
	5.8	4.512739583	3.203125	49219.43415	157656
	5.85	2.161239153	1.546875	53121.29293	82172
	5.9	2.297691512	1.734375	52235.53153	90596
	5.95	2.553832295	2.15625	49639.88406	107036
	6	2.617533328	1.96875	53209.39683	104756
	6.05	2.957128967	2.265625	52310.51034	118516
	6.1	3.087025996	2	53290	106580
	6.15	3.16145826	2.1875	53410.74286	116836
	6.2	3.42460647	2.703125	46001.57225	124348
	6.25	3.795837871	2.453125	52848.50955	129644
	6.3	4.050135635	2.953125	49077.50265	144932
	6.35	4.745664153	3.4375	46291.78182	159128
	6.4	2.015787559	1.484375	49125.05263	72920
	6.45	2.220423731	1.78125	43713.12281	77864
	6.5	2.285482559	1.765625	45626.90265	80560
	6.55	2.475016407	1.84375	43947.38983	81028
	6.6	2.743439165	1.90625	46740.98361	89100
	6.65	2.944944877	2.25	42238.22222	95036
	6.7	3.174554804	2.390625	43852.96732	104836
	6.75	3.454358639	2.5625	44096	112996
	6.8	3.624772143	2.921875	41700.62032	121844
	6.85	3.909568114	2.828125	44449.23757	125708
	6.9	4.149345024	2.6875	46408.93023	124724
	6.95	1.854884149	1.3125	44068.57143	57840
	7	2.079623136	1.546875	44057.85859	68152
	7.05	2.288117756	1.6875	44098.37037	74416
	7.1	2.388782367	1.75	42621.71429	74588
	7.15	2.692176137	1.78125	46479.7193	82792
	7.2	3.131716116	2.3125	40377.08108	93372
	7.25	2.743312139	2	43454	86908
	7.3	3.211059799	2.3125	44796.54054	103592
	7.35	3.636815124	2.71875	39972.78161	108676
	7.4	4.07811897	3.234375	40449.23671	130828
	7.45	4.167879539	3.015625	44399.41969	133892
	7.5	4.67756312	3.640625	40752.34335	148364
	7.55	4.992683999	3.90625	38228.992	149332
	7.6	5.54534708	3.640625	41317.08155	150420
	7.65	2.15302622	1.546875	44401.77778	68684
	7.7	2.46864275	1.8125	39353.37931	71328
	7.75	2.661884983	1.796875	44094.33043	79232
	7.8	3.013753889	2.171875	41320.97842	89744
	7.85	3.217678219	2.21875	42944.90141	95284
	7.9	3.372573782	2.34375	42606.93333	99860
	7.95	3.521771076	2.640625	38190.95858	100848
	8	3.634213834	2.703125	38826.17341	104952
	8.05	4.192828837	3.125	38955.52	121736
	8.1	4.43021575	2.875	40326.95652	115940
	8.15	4.510561442	3.125	38666.24	120832
	8.2	5.185868311	3.359375	39869.32093	133936
	8.25	5.521291848	3.71875	33313.34454	123884
	8.3	2.693883877	1.71875	38306.90909	65840
	8.35	2.774713247	1.859375	37311.46218	69376
	8.4	2.593434532	1.84375	35996.20339	66368
	8.45	2.873850712	1.984375	35192.94488	69836
	8.5	3.047394672	2.046875	36127.26718	73948
	8.55	3.400517485	2.3125	36367.56757	84100
	8.6	3.942804273	2.9375	35707.91489	104892
	8.65	3.879431911	2.828125	35204.95028	99564
	8.7	4.510464778	3.109375	35235.37688	109560
	8.75	4.788014022	3.09375	35273.69697	109128
	8.8	5.20653417	3.1875	35063.21569	111764
	8.85	2.24922322	1.4375	34370.78261	49408
	8.9	2.289153224	1.484375	34877.97895	51772
	8.95	2.140628512	1.40625	33905.77778	47680
	9	2.643255638	1.8125	34650.48276	62804
	9.05	2.672659735	1.71875	35083.63636	60300
	9.1	2.783363942	1.96875	35529.14286	69948
	9.15	3.19972047	2.0625	37849.21212	78064
	9.2	3.358735804	2.28125	37663.56164	85920
	9.25	3.680655871	2.375	36784.84211	87364
	9.3	3.996705076	2.9375	36214.46809	106380
	9.35	4.400749701	2.84375	37274.72527	106000
	9.4	4.775727406	3.140625	36381.29353	114260
	9.45	2.024785886	1.484375	37524.21053	55700
	9.5	2.176750787	1.46875	39372.25532	57828
	9.55	2.371063609	1.515625	38291.79381	58036
	9.6	2.664713495	1.71875	38607.12727	66356
	9.65	2.718485771	1.859375	38023.52941	70700
	9.7	2.793494462	2.03125	38825.35385	78864
	9.75	3.262925633	2.296875	40602.9932	93260
	9.8	3.47683876	2.421875	41219.30323	99828
	9.85	3.871343796	2.765625	38486.77966	106440
	9.9	4.053276233	3	41098.66667	123296
	9.95	4.22673761	3.125	40000	125000
	10	4.731781747	3.328125	38628.35681	128560
	10.05	2.010675747	1.484375	39925.22105	59264
	10.1	2.096970868	1.34375	41969.11628	56396
	10.15	2.335524064	1.671875	41881.1215	70020
	10.2	2.276129393	1.625	39500.30769	64188
	10.25	2.691671673	1.921875	40808.06504	78428
	10.3	2.902587224	2.21875	37415.66197	83016
	10.35	3.318019864	2.625	38177.52381	100216
	10.4	3.371727448	2.796875	41752.31285	116776
	10.45	3.668997087	2.75	43853.09091	120596
	10.5	3.964084645	3.015625	42297.03627	127552
	10.55	4.157666499	3.515625	39395.55556	138500
	10.6	4.50294214	3.625	43633.65517	158172
	10.65	4.889078213	3.609375	46311.61905	167156
	10.7	5.582065397	3.796875	46892.24691	178044
	10.75	2.447647016	1.8125	46097.65517	83552
	10.8	2.918955139	2.171875	43081.66906	93568
	10.85	2.920173454	2.1875	44463.54286	97264
	10.9	3.026643842	2.4375	42496	103584
	10.95	3.147916015	2.671875	42635.22807	113916
	11	3.297608947	2.609375	43144.43114	112580
	11.05	3.627826855	2.71875	46830.34483	127320
	11.1	3.923185049	3.25	41687.38462	135484
	11.15	4.212845145	3.40625	43826.49541	149284
	11.2	4.934342471	3.96875	46616.18898	185008
	11.25	5.294546096	4.296875	42982.86545	184692
	11.3	5.575476452	4.203125	45489.96283	191200
	11.35	2.848989071	2.109375	47771.4963	100768
	11.4	3.072271289	2.296875	48199.40136	110708
	11.45	2.889486563	2.078125	48000.96241	99752
	11.5	3.092654763	2.328125	48842.73826	113712
	11.55	3.438983545	2.703125	45498.45087	122988
	11.6	3.789830105	2.859375	50552.30601	144548
	11.65	4.034154092	2.875	51693.91304	148620
	11.7	4.37954885	3.265625	51236.74641	167320
	11.75	4.601649213	3.46875	49572.9009	171956
	11.8	5.180974589	4.0625	49319.38462	200360
	11.85	5.506328823	4.109375	49496.57795	203400
	11.9	5.841356435	4.078125	51002.85057	207996
	11.95	2.794640536	1.921875	51947.18699	99836
	12	2.973463582	2.234375	50508.97902	112856
	12.05	3.358707443	2.5	46995.2	117488
	12.1	3.333349767	2.484375	46983.24528	116724
	12.15	3.73979509	2.796875	52597.27374	147108
	12.2	4.242670855	3.59375	48415.16522	173992
	12.25	4.593349253	3.828125	50279.4449	192476
	12.3	4.528169865	3.40625	55036.47706	187468
	12.35	5.030299639	3.6875	55406.64407	204312
	12.4	5.443745126	4.046875	49889.35907	201896
	12.45	5.73701851	4.125	55130.18182	227412
	12.5	6.650608994	4.875	51439.58974	250768
	12.55	3.188325595	2.5	52752	131880
	12.6	3.240589207	2.671875	54665.73099	146060
	12.65	3.482946151	2.90625	54565.16129	158580
	12.7	3.73188766	2.953125	56107.34392	165692
	12.75	3.783311613	2.8125	58156.08889	163564
	12.8	4.103006023	3.078125	55792.40609	171736
	12.85	4.53175312	3.40625	56994.05505	194136
	12.9	4.785097462	3.578125	55772.22707	199560
	12.95	5.255522558	3.890625	55198.32932	214756
	13	2.590737988	2.125	52882.82353	112376
	13.05	2.473784282	1.8125	56538.48276	102476
	13.1	2.759698929	2.046875	56986.38168	116644
	13.15	2.742771747	1.953125	57430.016	112168
	13.2	2.86220352	2.09375	56511.04478	118320
	13.25	3.061422773	2.140625	56078.94891	120044
	13.3	3.328120925	2.15625	57167.76812	123268
	13.35	3.681192429	2.765625	49844.79096	137852
	13.4	4.245007857	3.15625	54313.82178	171428
	13.45	4.339547185	3.125	54973.44	171792
	13.5	2.535021617	1.625	54082.46154	87884
	13.55	2.262242351	1.671875	51518.20561	86132
	13.6	2.405236711	1.640625	53662.47619	88040
	13.65	2.70680162	1.921875	51318.63415	98628
	13.7	2.67226521	1.828125	54061.94872	98832
	13.75	3.146617005	2.359375	51540.76821	121604
	13.8	3.373920624	2.734375	50614.85714	138400
	13.85	3.45597436	2.59375	50100.43373	129948
	13.9	3.839166029	3.140625	48916.37811	153628
	13.95	3.812435329	2.59375	51769.06024	134276
	14	4.269233288	3.203125	49920	159900
	14.05	4.595830281	3.453125	51123.54751	176536
	14.1	4.833625548	3.46875	51405.26126	178312
	14.15	5.444114398	3.8125	46834.36066	178556
	14.2	2.342504203	1.671875	49687.92523	83072
	14.25	2.43557573	1.796875	50578.92174	90884
	14.3	2.694198183	2.03125	47665.23077	96820
	14.35	2.712083511	2	48168	96336
	14.4	3.334587259	2.53125	49286.32099	124756
	14.45	3.262610708	2.65625	49639.90588	131856
	14.5	3.575815343	2.75	51200	140800
	14.55	3.866246907	3.015625	49492.89119	149252
	14.6	4.041088836	3.140625	50941.45274	159988
	14.65	4.236565118	3.203125	48939.70732	156760
	14.7	4.754795835	3.71875	50523.42857	187884
	14.75	4.895452331	3.71875	47051.29412	174972
	14.8	5.51960775	4.171875	46312.02996	193208
	14.85	3.056823043	2.296875	50106.34014	115088
	14.9	3.073463023	2.296875	49517.71429	113736
	14.95	3.136248283	2.515625	48490.53416	121984
	15	3.345436169	2.828125	44504.39779	125864
	15.05	3.407227172	2.453125	50433.63057	123720
	15.1	3.908940492	3.03125	48593.81443	147300
	15.15	4.020760707	3.140625	49855.04478	156576
	15.2	4.684815252	3.6875	50781.28814	187256
	15.25	4.866792392	3.796875	47959.44033	182096
	15.3	5.350336923	3.921875	51662.0239	202612
	15.35	2.308580743	1.484375	54309.72632	80616
	15.4	2.48487068	1.59375	53893.01961	85892
	15.45	2.881120643	2.15625	49396.86957	106512
	15.5	2.831288083	2.09375	49237.97015	103092
	15.55	3.328874918	2.46875	49364.25316	121868
	15.6	3.185643963	2.390625	49143.63399	117484
	15.65	3.421011923	2.421875	49341.93548	119500
	15.7	3.641553284	2.734375	44700.52571	122228
	15.75	4.182886289	2.9375	45789.95745	134508
	15.8	4.44347036	3.3125	44866.41509	148620
	15.85	5.02354682	3.84375	39120.13008	150368
	15.9	5.558230529	3.65625	43130.52991	157696
	15.95	2.760547096	2.0625	40054.30303	82612
	16	3.089272789	2.03125	40544.49231	82356
	16.05	3.078622661	2	40886	81772
	16.1	3.364784416	2.125	37620.70588	79944
	16.15	3.524537213	2.265625	39256.27586	88940
	16.2	3.851521915	2.421875	37077.05806	89796
	16.25	4.152708007	2.640625	38793.84615	102440
	16.3	4.635972763	2.890625	37605.70811	108704
	16.35	5.128674578	3.515625	33584.92444	118072
	16.4	2.145084496	1.390625	34304	47704
	16.45	2.237420345	1.5625	35850.24	56016
	16.5	2.202462745	1.421875	34756.92308	49420
	16.55	2.458357864	1.578125	36232.87129	57180
	16.6	2.399854617	1.546875	37445.81818	57924
	16.65	2.555334283	1.65625	38332.37736	63488
	16.7	3.028060425	2.078125	36877.47368	76636
	16.75	2.914416121	1.96875	39361.01587	77492
	16.8	3.251785727	2.34375	36338.34667	85168
	16.85	3.764954553	2.875	36865.3913	105988
	16.9	4.104516261	3.03125	39416.08247	119480
	16.95	4.230939946	3.375	36568.88889	123420
	17	4.470096087	3.59375	37258.01739	133896
	17.05	4.892451635	3.671875	40624.4766	149168
	17.1	5.104512274	3.828125	41151.21633	157532
	17.15	5.378683202	4	41778	167112
	17.2	5.994075164	4.59375	39409.19728	181036
	17.25	6.270853525	4.5	42417.77778	190880
	17.3	6.999172551	5.1875	43698.12048	226684
	17.35	7.575605704	5.359375	44034.23907	235996
	17.4	8.139857689	5.84375	44396.83422	259444
	17.45	8.822739952	6.421875	41392.27251	265816
	17.5	3.856551043	3.109375	42879.35678	133328
	17.55	4.322664976	3.359375	43502.13953	146140
	17.6	4.468393796	3.484375	44568.10762	155292
	17.65	4.861516038	3.625	45324.13793	164300
	17.7	5.234773764	3.890625	47383.64659	184352
	17.75	5.758292978	4.34375	44095.53957	191540
	17.8	6.326903613	4.609375	45755.44407	210904
	17.85	6.635152255	4.90625	46261.80892	226972
	17.9	7.142301614	4.75	48714.94737	231396
	17.95	3.336154234	2.59375	46423.90361	120412
	18	3.332621898	2.6875	47885.39535	128692
	18.05	3.300870046	2.46875	49884.35443	123152
	18.1	3.804354226	3.171875	45651.23153	144800
	18.15	4.284880482	3.484375	45158.1704	157348
	18.2	4.490507806	3.515625	44120.74667	155112
	18.25	5.199031814	3.75	47845.33333	179420
	18.3	5.644357587	4.453125	39230.87719	174700
	18.35	2.059094502	1.5	49242.66667	73864
	18.4	2.60540252	1.921875	47133.13821	90584
	18.45	2.915314022	2.171875	45610.35971	99060
	18.5	2.715872318	2	48144	96288
	18.55	3.148123827	2.3125	46147.45946	106716
	18.6	3.465748608	2.46875	49002.93671	120976
	18.65	3.695870353	2.78125	49134.74157	136656
	18.7	4.184532838	3.15625	50502.9703	159400
	18.75	4.735915071	3.71875	46987.83193	174736
	18.8	4.8797669	3.953125	43564.52174	172216
	18.85	5.408817888	4.0625	49621.66154	201588
	18.9	2.319005065	1.671875	47888.74766	80064
	18.95	2.788895114	2.078125	48351.2782	100480
	19	2.871656749	2.140625	48677.37226	104200
	19.05	2.906433998	2.0625	50024.72727	103176
	19.1	3.263579269	2.234375	49774.99301	111216
	19.15	3.708376529	2.90625	49379.09677	143508
	19.2	3.884931246	3.25	46526.76923	151212
	19.25	3.979269388	2.96875	52810.10526	156780
	19.3	4.509561104	3.40625	52212.25688	177848
	19.35	4.550460554	3.546875	50610.18502	179508
	19.4	5.066168547	3.609375	52360.31169	188988
	19.45	5.442471143	3.8125	53376	203496
	19.5	2.364190811	1.90625	44350.95082	84544
	19.55	2.659843011	1.8125	51804.68966	93896
	19.6	2.847014022	2.046875	48522.74809	99320
	19.65	3.336689779	2.5	51240	128100
	19.7	2.993622195	2.25	49422.22222	111200
	19.75	3.662108048	2.984375	50445.40314	150548
	19.8	3.626906785	2.90625	49681.89247	144388
	19.85	3.810692332	2.890625	51623.43784	149224
	19.9	4.000288088	3.078125	52209.70558	160708
	19.95	4.395228772	3.3125	50041.96226	165764
	20	4.776611	3.546875	53461.14537	189620
	20.05	5.47860572	4.234375	50524.57565	213940
	20.1	5.699828479	4.046875	53050.3166	214688
	20.15	6.194972211	4.90625	51506.54777	252704
	20.2	2.585227429	1.890625	53764.2314	101648
	20.25	2.830352643	2.125	52353.88235	111252
	20.3	3.0488264	2.1875	56245.02857	123036
	20.35	3.347465785	2.4375	55950.76923	136380
	20.4	3.394261299	2.71875	55247.44828	150204
	20.45	4.001469269	3.359375	53731.42326	180504
	20.5	4.224786802	3.171875	53527.96059	169784
	20.55	4.745089593	3.859375	51871.61134	200192
	20.6	4.961381545	3.359375	54141.02326	181880
	20.65	2.499218628	1.875	53847.46667	100964
	20.7	2.568358234	1.90625	52918.55738	100876
	20.75	2.786115183	2.09375	51337.55224	107488
	20.8	2.881853554	2.28125	52280.10959	119264
	20.85	3.302821998	2.75	51783.27273	142404
	20.9	3.484531212	2.984375	50009.80105	149248
	20.95	3.546515365	2.671875	55014.54971	146992
	21	3.973579833	3	56618.66667	169856
	21.05	4.268026713	3.53125	55473.84071	195892
	21.1	4.619400765	3.90625	54178.816	211636
	21.15	4.931857447	4	55640	222560
	21.2	5.368959114	4.484375	54958.82927	246456
	21.25	5.783632423	4.234375	57138.06642	241944
	21.3	2.601730891	2.03125	56375.13846	114512
	21.35	2.963827747	2.328125	52571.0604	122392
	21.4	2.890430973	2.390625	54313.83007	129844
	21.45	3.395723464	2.703125	52018.31214	140612
	21.5	3.55215296	2.796875	53659.88827	150080
	21.55	3.899079838	3.28125	53657.6	176064
	21.6	4.421117948	3.703125	51648.27004	191260
	21.65	4.690833708	3.859375	50862.12146	196296
	21.7	5.268103744	4.296875	48266.70545	207396
	21.75	5.798711195	4.6875	49646.93333	232720
	21.8	2.751914616	2.0625	50878.06061	104936
	21.85	3.063038827	2.265625	52909.02069	119872
	21.9	3.294176615	2.484375	50737.91195	126052
	21.95	3.321303775	2.71875	51386.85057	139708
	22	3.454063974	2.625	52403.80952	137560
	22.05	3.680411877	3.078125	48176.08122	148292
	22.1	4.049065306	3.046875	53429.16923	162792
	22.15	4.299058677	3.484375	48308.23318	168324
	22.2	4.513534193	3.484375	50181.73991	174852
	22.25	5.171799807	4.015625	50481.80545	202716
	22.3	5.451873883	4.078125	50552.64368	206160
	22.35	2.624364131	2.1875	48087.77143	105192
	22.4	2.613151845	2.171875	48669.46763	105704
	22.45	2.859705077	2.359375	49609.74834	117048
	22.5	2.939124668	2.328125	49033.44966	114156
	22.55	3.166091604	2.328125	52332.24161	121836
	22.6	3.426116099	2.828125	50908.64088	143976
	22.65	3.408191718	2.5625	52302.04878	134024
	22.7	3.969121687	3	51357.33333	154072
	22.75	4.286970169	3.453125	49655.8914	171468
	22.8	4.487684797	3.34375	49582.65421	165792
	22.85	2.001833409	1.5625	47946.24	74916
	22.9	2.369525951	1.78125	48909.47368	87120
	22.95	2.386411263	1.78125	52145.40351	92884
	23	2.690863138	2.015625	49209.55039	99188
	23.05	2.966892557	2.359375	48055.09934	113380
	23.1	3.176202269	2.578125	48520.53333	125092
	23.15	3.17065947	2.40625	46741.61039	112472
	23.2	3.456394992	2.59375	50829.87952	131840
	23.25	3.57036361	2.609375	47064.14371	122808
	23.3	3.829785488	2.890625	49788.54054	143920
	23.35	4.056575474	2.96875	51419.62105	152652
	23.4	4.63937784	3.6875	49842.98305	183796
	23.45	5.049859473	3.875	49034.32258	190008
	23.5	5.548732615	4	50307	201228
	23.55	2.513096164	1.890625	49236.6281	93088
	23.6	2.775003623	2.203125	48425.75887	106688
	23.65	2.941030764	2.203125	50417.47518	111076
	23.7	2.868326396	2.09375	54717.13433	114564
	23.75	3.0833349	2.5625	49823.21951	127672
	23.8	3.221877241	2.296875	55724.40816	127992
	23.85	3.740889769	2.8125	53637.68889	150856
	23.9	3.758293536	3.265625	47758.08612	155960
	23.95	4.022629841	3.140625	53395.74129	167696
	24	4.399758721	3.25	55232	179504
	24.05	4.815824944	3.703125	53195.07173	196988
	24.1	5.305211505	3.890625	51665.73494	201012
	24.15	2.415968342	1.859375	52841.41176	98252
	24.2	2.512778602	1.875	53294.93333	99928
	24.25	2.629269291	1.96875	53134.22222	104608
	24.3	2.81144107	2.109375	54101.33333	114120
	24.35	2.989265214	2.34375	53509.12	125412
	24.4	3.073162728	2.453125	51897.88535	127312
	24.45	3.353907392	2.5	55004.8	137512
	24.5	3.616787329	2.703125	54446.61272	147176
	24.55	3.655600687	2.75	55684.36364	153132
	24.6	3.698260447	3.0625	51201.30612	156804
	24.65	4.271595893	3.625	50209.10345	182008
	24.7	4.370830155	3.546875	51884.54626	184028
	24.75	4.699319413	3.828125	53949.12653	206524
	24.8	5.066882432	3.8125	52833.57377	201428
	24.85	5.577885817	4.046875	54853.18919	221984
	24.9	2.712494296	2.25	50600.88889	113852
	24.95	2.75986723	2.21875	51665.12676	114632
	25	2.895072731	2.421875	51434.52903	124568
	25.05	3.11703951	2.34375	55579.30667	130264
	25.1	3.259944854	2.796875	50364.78212	140864
	25.15	3.435677523	3.078125	47975.95939	147676
	25.2	3.65596054	2.90625	54361.46237	157988
	25.25	3.949750823	3.296875	51749.61137	170612
	25.3	4.265309225	3.609375	54031.51515	195020
	25.35	4.532326054	3.125	57870.08	180844
	25.4	5.046030499	3.78125	55653.55372	210440
	25.45	5.528622504	3.921875	55673.37052	218344
	25.5	2.650623041	2.3125	51886.7027	119988
	25.55	2.970217826	2.328125	54289.18121	126392
	25.6	3.147409047	2.625	54323.80952	142600
	25.65	3.416547298	2.90625	51863.39785	150728
	25.7	3.497231572	2.65625	55786.91765	148184
	25.75	3.714943861	2.75	56466.90909	155284
	25.8	4.208162342	3.171875	57322.56158	181820
	25.85	4.40611367	3.53125	54428.31858	192200
	25.9	4.638767023	3.703125	55589.80591	205856
	25.95	5.187420823	4.140625	56165.43396	232560
	26	2.419011385	1.96875	55367.11111	109004
	26.05	2.794812024	2.34375	56021.33333	131300
	26.1	2.821448762	2.59375	51781.39759	134308
	26.15	3.125763987	2.359375	59310.62252	139936
	26.2	2.912141305	2.46875	56846.58228	140340
	26.25	3.269260812	2.890625	55839.82703	161412
	26.3	3.547295611	2.796875	57142.34637	159820
	26.35	3.803805388	3.265625	56922.64115	185888
	26.4	4.250993338	3.609375	57051.42857	205920
	26.45	4.725788018	3.75	58603.73333	219764
	26.5	5.046457078	3.765625	59384.56432	223620
	26.55	5.259406712	3.890625	57646.26506	224280
	26.6	2.606175732	1.9375	57457.54839	111324
	26.65	2.484347697	1.984375	58448.62992	115984
	26.7	2.686622833	2.25	55150.22222	124088
	26.75	2.773044409	2.125	58784	124916
	26.8	3.270415849	2.71875	55966.89655	152160
	26.85	3.548386225	2.65625	58670.68235	155844
	26.9	3.621123134	3.078125	57232.24365	176168
	26.95	3.935440843	3.296875	56366.10427	185832
	27	4.004022119	3.375	55806.81481	188348
	27.05	4.509430573	3.78125	54239.20661	205092
	27.1	4.994946805	3.859375	56780.17814	219136
	27.15	5.237835318	3.875	56524.3871	219032
	27.2	5.841474797	4.3125	54899.01449	236752
	27.25	2.663492904	2.15625	51613.68116	111292
	27.3	2.683705155	2	53298	106596
	27.35	2.953148915	2.4375	50479.58974	123044
	27.4	3.05949801	2.53125	50334.02469	127408
	27.45	3.018438025	2.25	51639.11111	116188
	27.5	3.677120078	3.015625	52363.27461	157908
	27.55	3.779424833	2.75	54897.45455	150968
	27.6	4.121020347	3.3125	50905.35849	168624
	27.65	4.411848022	3.609375	49419.08225	178372
	27.7	4.806610665	3.921875	49658.9004	194756
	27.75	5.19098929	3.9375	49248.50794	193916
	27.8	2.422721538	1.78125	48682.66667	86716
	27.85	2.779294479	2	47710	95420
	27.9	2.767382263	1.984375	49272.94488	97776
	27.95	2.877980218	2.15625	47055.76812	101464
	28	3.36756563	2.46875	49806.58228	122960
	28.05	3.588896083	2.6875	46167.81395	124076
	28.1	3.68631948	2.78125	47462.11236	132004
	28.15	3.823037074	2.65625	45560.47059	121020
	28.2	4.342436212	2.984375	48417.50785	144496
	28.25	4.64629813	3.34375	45347.88785	151632
	28.3	2.164274992	1.609375	44014.60194	70836
	28.35	2.240121356	1.578125	40181.86139	63412
	28.4	2.455456908	2	39360	78720
	28.45	2.399286183	1.78125	43740.07018	77912
	28.5	2.722342458	1.984375	43532.09449	86384
	28.55	2.824605051	2.109375	40176.82963	84748
	28.6	2.791989295	2.078125	43331.36842	90048
	28.65	3.247136328	2.4375	44151.79487	107620
	28.7	3.365912015	2.28125	45757.36986	104384
	28.75	3.377929361	2.359375	44455.84106	104888
	28.8	3.748450611	2.609375	43297.72455	112980
	28.85	4.30366049	3.203125	41668.05854	133468
	28.9	4.327596893	3.25	43092.92308	140052
	28.95	4.671721588	3.46875	41623.06306	144380
	29	5.372004308	3.984375	41703.90588	166164
	29.05	2.475424419	1.828125	41314.46154	75528
	29.1	2.541942858	1.875	42182.4	79092
	29.15	2.744525206	1.9375	44069.16129	85384
	29.2	3.031270045	2.234375	41087.1049	91804
	29.25	3.09653898	2.359375	41914.49007	98892
	29.3	3.400599644	2.765625	42365.83051	117168
	29.35	3.524798042	2.609375	46254.75449	120696
	29.4	3.999401501	3.046875	45339.56923	138144
	29.45	4.039280682	3.125	44985.6	140580
	29.5	4.226902743	3.296875	46712.11374	154004
	29.55	4.748306083	3.71875	47384.7395	176212
	29.6	5.040694173	4.03125	44075.65891	177680
	29.65	5.586511638	4.0625	49426.70769	200796
	29.7	2.412822815	1.765625	49485.02655	87372
	29.75	2.6767709	2.40625	43219.11688	103996
	29.8	3.013130292	2.390625	47532.33987	113632
	29.85	3.140686228	2.484375	51340.07547	127548
	29.9	3.156650559	2.546875	51118.33129	130192
	29.95	3.42079879	2.796875	51474.59218	143968
	30	3.630940531	2.90625	51622.53763	150028
	30.05	3.789800306	3.53125	42813.16814	151184
	30.1	4.344254857	3.21875	54612.50485	175784
	30.15	4.695386247	3.640625	50823.14163	185028
	30.2	4.94612532	4.046875	50721.60618	205264
	30.25	5.283298196	3.953125	52770.40316	208608
	30.3	5.715019489	4.484375	50960.05575	228524
	30.35	6.014304894	4.78125	48871.73856	233668
	30.4	6.668889717	5.234375	51296.28657	268504
	30.45	7.066249542	5.328125	49429.77126	263368
	30.5	7.775794064	5.78125	49769.85946	287732
	30.55	3.627249288	2.53125	51103.60494	129356
	30.6	3.819305445	3	47950.66667	143852
	30.65	4.060090287	3.03125	50837.1134	154100
	30.7	4.435085385	3.5625	45035.78947	160440
	30.75	4.791516603	3.515625	48351.00444	169984
	30.8	5.102414181	4.046875	44786.16216	181244
	30.85	5.833583436	4.46875	45374.65734	202768
	30.9	2.531557707	2.125	40963.76471	87048
	30.95	2.933943306	2.078125	45090.64662	93704
	31	2.902598567	2.140625	44775.70803	95848
	31.05	3.418509211	2.515625	42952.34783	108052
	31.1	3.599985931	2.625	43570.28571	114372
	31.15	3.410662386	2.546875	44105.81595	112332
	31.2	4.036340742	3	43677.33333	131032
	31.25	4.562755695	3.5	40056	140196
	31.3	4.545738929	3.171875	42990.34483	136360
	31.35	5.279558223	3.765625	38824.89627	146200
	31.4	2.357674915	1.734375	38132.46847	66136
	31.45	2.479139283	1.78125	40681.54386	72464
	31.5	2.751728815	1.9375	40906.32258	79256
	31.55	2.885073529	1.9375	40018.58065	77536
	31.6	2.941396073	2.0625	41004.60606	84572
	31.65	3.108492827	2.28125	37914.30137	86492
	31.7	3.205646943	2.203125	40994.49645	90316
	31.75	3.663994949	2.578125	41340.12121	106580
	31.8	3.758801261	2.75	38178.90909	104992
	31.85	4.373692537	3.296875	37896.49289	124940
	31.9	4.706930206	3.15625	40364.35644	127400
	31.95	2.412640324	1.5625	38041.6	59440
	32	2.26881574	1.46875	40687.65957	59760
	32.05	2.611029233	1.875	38242.13333	71704
	32.1	2.590293222	1.671875	38545.94393	64444
	32.15	2.968340129	2.234375	34323.69231	76692
	32.2	3.260490596	2.109375	39628.8	83592
	32.25	3.12281561	2.15625	37290.66667	80408
	32.3	3.516223516	2.28125	37956.38356	86588
	32.35	3.585295942	2.4375	36987.07692	90156
	32.4	3.993673669	2.734375	38258.10286	104612
	32.45	4.395267485	2.96875	38253.13684	113564
	32.5	4.434602867	3.15625	36359.60396	114760
	32.55	5.441181564	3.546875	37819.20705	134140
	32.6	2.241599725	1.484375	38046.98947	56476
	32.65	2.354279154	1.703125	37608.51376	64052
	32.7	2.790132342	1.953125	38434.816	75068
	32.75	2.831745521	1.90625	39680	75640
	32.8	2.934925063	2.140625	38233.69343	81844
	32.85	3.196663158	2.203125	39696.34043	87456
	32.9	3.479759898	2.53125	37216.39506	94204
	32.95	3.508261746	2.359375	39983.4702	94336
	33	3.696081651	2.71875	39641.74713	107776
	33.05	3.913777659	2.875	38009.04348	109276
	33.1	4.37901089	2.828125	39332.0663	111236
	33.15	4.283864903	3.171875	39302.93596	124664
	33.2	5.116351931	3.3125	40431.09434	133928
	33.25	5.24575909	3.515625	41720.03556	146672
	33.3	5.570583165	3.953125	40702.98814	160904
	33.35	5.900669088	4.15625	40625.08271	168848
	33.4	6.086936242	4.546875	41319.80756	187876
	33.45	6.696638917	4.78125	42152.15686	201540
	33.5	7.173817754	5.40625	41148.67052	222460
	33.55	7.596780228	5.640625	40858.5928	230468
	33.6	8.109102489	5.828125	40616.15013	236716
	33.65	9.114900853	6.5	38760.61538	251944
	33.7	9.724889228	7.296875	40158.01285	293028
	33.75	10.29105532	7.65625	40290.74286	308476
	33.8	11.30214451	8.390625	38773.27374	325332
	33.85	12.315704	8.640625	40739.64557	352016
	33.9	12.89398514	9.203125	39014.57385	359056
	33.95	14.15664427	9.6875	41135.07097	398496
	34	15.18169874	10.734375	40228.14556	431824
	34.05	16.19806678	11.375	38501.27473	437952
	34.1	17.28610286	12.296875	39370.32783	484132
	34.15	18.91134507	13.59375	38555.07126	524108
	34.2	13.62756014	9.78125	36942.51757	361344
	34.25	14.47631508	10.390625	39648.43308	411972
	34.3	16.04731329	10.671875	40070.93411	427632
	34.35	16.96564218	11.890625	38725.63469	460472
	34.4	4.264803975	2.75	35387.63636	97316
	34.45	4.350028866	2.84375	33445.97802	95112
	34.5	4.708026138	3.296875	35375.31754	116628
	34.55	4.741080298	3.09375	36789.0101	113816
	34.6	5.246314108	3.3125	36719.09434	121632
	34.65	5.657587158	3.765625	36225.59336	136412
	34.7	5.652302254	3.921875	35934.85259	140932
	34.75	6.436407079	4.421875	37597.62544	166252
	34.8	6.937755262	4.765625	38082.72787	181488
	34.85	3.092274052	2.125	38189.17647	81152
	34.9	3.603744935	2.640625	39174.05917	103444
	34.95	3.561234282	2.421875	40875.76774	98996
	35	3.995358268	3.015625	41396.39378	124836
	35.05	4.316200397	3.015625	42391.21244	127836
	35.1	4.51302247	3.328125	41523.68075	138196
	35.15	4.789040565	3.578125	43893.37991	157056
	35.2	4.999011974	3.65625	42203.89744	154308
	35.25	5.489317971	3.96875	47486.99213	188464
	35.3	2.632393042	1.875	44964.26667	84308
	35.35	2.648772909	1.984375	47575.68504	94408
	35.4	2.722074445	1.921875	51093.85366	98196
	35.45	3.188626835	2.46875	49007.79747	120988
	35.5	3.467592251	2.5625	51356.09756	131600
	35.55	3.641149296	2.796875	51431.68715	143848
	35.6	3.797881113	2.71875	52728.64368	143356
	35.65	3.910919362	2.8125	51328	144360
	35.7	4.186054932	2.84375	51305.49451	145900
	35.75	4.744842312	3.171875	53277.00493	168988
	35.8	5.175893848	4.03125	49261.14729	198584
	35.85	2.381249562	1.6875	50505.48148	85228
	35.9	2.401108125	1.734375	52016.43243	90216
	35.95	2.577281268	1.90625	51848.39344	98836
	36	2.701023621	1.96875	53032.63492	104408
	36.05	3.109777888	2.46875	50542.17722	124776
	36.1	3.354594883	2.53125	51506.5679	130376
	36.15	3.26042808	2.421875	52754.16774	127764
	36.2	3.656027537	2.953125	48499.13228	143224
	36.25	3.992308834	2.734375	51848.04571	141772
	36.3	4.22940025	2.984375	50582.11518	150956
	36.35	4.576907756	3.296875	49570.5782	163428
	36.4	5.167657666	3.5625	48361.54386	172288
	36.45	2.110977059	1.71875	48256	82940
	36.5	2.315199484	1.734375	48446.27027	84024
	36.55	2.539554036	1.90625	48086.03279	91664
	36.6	2.786115183	2.09375	46702.80597	97784
	36.65	2.960017438	2.234375	46126.54545	103064
	36.7	3.062897557	2.28125	46958.46575	107124
	36.75	3.484530778	2.75	44122.18182	121336
	36.8	3.401026272	2.5625	44100.68293	113008
	36.85	3.913933399	2.9375	42852.76596	125880
	36.9	4.081690657	3.078125	44549.19797	137128
	36.95	4.572801298	3.390625	42969.06912	145692
	37	4.94358592	3.140625	44859.8607	140888
	37.05	5.373457491	3.703125	43195.94937	159960
	37.1	2.721542584	1.765625	45069.59292	79576
	37.15	2.908457979	2.125	43744	92956
	37.2	2.926904171	2.171875	43275.05036	93988
	37.25	3.080066899	2.265625	44194.42759	100128
	37.3	3.4955044	2.453125	44066.24204	108100
	37.35	3.375792847	2.5	43030.4	107576
	37.4	3.956877188	2.765625	43729.71751	120940
	37.45	4.231341759	2.9375	44262.12766	130020
	37.5	4.562890512	3.53125	40577.13274	143288
	37.55	4.93556059	3.625	44400.55172	160952
	37.6	5.407545473	3.9375	44680.12698	175928
	37.65	5.739775777	4.171875	46478.86142	193904
	37.7	6.125988316	4.5	46267.55556	208204
	37.75	2.689494537	2.25	46400	104400
	37.8	2.962952308	2.234375	49280.8951	110112
	37.85	3.003175789	2.265625	49144.93793	111344
	37.9	3.301024571	2.46875	49260.55696	121612
	37.95	3.573193728	2.78125	49031.19101	136368
	38	3.822106682	3.015625	50144.1658	151216
	38.05	4.189295148	3.359375	49166.28837	165168
	38.1	4.586366818	3.53125	49940.38938	176352
	38.15	4.952716654	3.5	48154.28571	168540
	38.2	5.511770708	3.9375	49076.8254	193240
	38.25	2.056419857	1.65625	50924.67925	84344
	38.3	2.44945741	1.96875	50366.98413	99160
	38.35	2.588133293	1.9375	50002.58065	96880
	38.4	2.743596599	2.0625	50243.87879	103628
	38.45	2.999526963	2.25	50643.55556	113948
	38.5	3.091535663	2.3125	49520.43243	114516
	38.55	3.399511354	2.5625	49815.41463	127652
	38.6	3.660727096	2.6875	49010.60465	131716
	38.65	3.888868635	2.921875	45878.75936	134052
	38.7	4.221371288	2.859375	47470.51366	135736
	38.75	4.706627829	3.359375	46853.95349	157400
	38.8	5.175660636	3.65625	46345.84615	169452
	38.85	2.201474785	1.78125	46023.85965	81980
	38.9	2.460067849	2.03125	45824	93080
	38.95	2.592071915	2.1875	42459.42857	92880
	39	2.804100032	2.109375	45748.14815	96500
	39.05	2.881845618	2.4375	43638.15385	106368
	39.1	3.114259268	2.328125	44279.4094	103088
	39.15	3.497001285	2.6875	41750.32558	112204
	39.2	3.794057222	2.65625	43577.22353	115752
	39.25	4.490903543	3.234375	40184.57971	129972
	39.3	2.148792565	1.6875	40045.03704	67576
	39.35	2.220600234	1.65625	40658.11321	67340
	39.4	2.27448844	1.6875	38753.18519	65396
	39.45	2.453153183	1.828125	40345.16239	73756
	39.5	2.455529693	1.9375	39426.06452	76388
	39.55	2.781561228	2.046875	41333.25191	84604
	39.6	2.924659051	2.1875	41274.51429	90288
	39.65	2.959879808	2.09375	41766.20896	87448
	39.7	3.436887566	2.4375	41370.25641	100840
	39.75	4.055366968	2.96875	39918.48421	118508
	39.8	4.424282165	3.046875	40680.36923	123948
	39.85	4.847139179	3.1875	40661.33333	129608
	39.9	2.315274215	1.765625	36345.20354	64172
	39.95	2.477636603	1.78125	36578.80702	65156
	40	2.485807868	1.65625	37921.81132	62808
	40.05	2.664665579	1.890625	38992.39669	73720
	40.1	3.028816031	2.21875	38088.11268	84508
	40.15	3.1619786	2.25	38936.88889	87608
	40.2	3.537531884	2.390625	39173.01961	93648
	40.25	3.642737534	2.5625	38128.39024	97704
	40.3	4.084727761	2.6875	39845.2093	107084
	40.35	4.440002535	2.96875	39145.09474	116212
	40.4	4.89701466	3.46875	38178.59459	132432
	40.45	2.040320456	1.4375	38558.6087	55428
	40.5	2.309401077	1.5	37104	55656
	40.55	2.513104865	1.734375	38464.57658	66712
	40.6	2.916740099	2.0625	36481.93939	75244
	40.65	2.900086925	2.03125	38793.84615	78800
	40.7	3.175426481	2.0625	39846.78788	82184
	40.75	3.47191699	2.53125	38529.58025	97528
	40.8	3.632248721	2.578125	38804.94545	100044
	40.85	3.67099484	2.546875	40063.21472	102036
	40.9	4.571562797	2.890625	39854.35676	115204
	40.95	4.830501761	3.25	36987.07692	120208
	41	5.522752197	3.46875	38770.16216	134484
	41.05	2.671217276	1.984375	34769.6378	68996
	41.1	2.417921208	1.78125	37645.47368	67056
	41.15	2.850749153	1.828125	37997.40171	69464
	41.2	2.985224687	2.109375	37639.58519	79396
	41.25	3.274782916	2.171875	37180.77698	80752
	41.3	3.330485124	2.421875	31643.25161	76636
	41.35	4.117920293	2.59375	37809.3494	98068
	41.4	4.009435506	2.4375	38296.61538	93348
	41.45	4.610858607	2.875	36684.52174	105468
	41.5	5.173364727	2.96875	36897.68421	109540
	41.55	2.189581256	1.390625	35241.70787	49008
	41.6	2.456584442	1.6875	35105.18519	59240
	41.65	2.307420871	1.484375	35074.69474	52064
	41.7	2.398925585	1.546875	35307.31313	54616
	41.75	2.700868914	1.75	34870.85714	61024
	41.8	3.138103438	2.03125	35562.33846	72236
	41.85	2.993442289	2.109375	35563.14074	75016
	41.9	3.346785839	2.46875	31923.8481	78812
	41.95	3.401691203	2.53125	33915.25926	85848
	42	3.820779289	2.703125	34709.45665	93824
	42.05	4.000345116	2.59375	33519.03614	86940
	42.1	4.788457781	3.234375	32262.18357	104348
	42.15	2.289153224	1.484375	33646.48421	49944
	42.2	2.453738644	1.328125	34081.12941	45264
	42.25	2.338746181	1.53125	33400.16327	51144
	42.3	2.785731664	1.890625	32342.7438	61148
	42.35	2.59546993	1.75	32850.28571	57488
	42.4	2.930596928	1.84375	34048	62776
	42.45	3.07397133	2.03125	31740.06154	64472
	42.5	3.375692315	2.171875	33232.11511	72176
	42.55	3.686929835	2.359375	31828.76821	75096
	42.6	4.235483817	2.734375	32185.78286	88008
	42.65	4.702334233	2.734375	31357.80571	85744
	42.7	1.711138774	1.015625	30168.61538	30640
	42.75	2.085510146	1.3125	29467.42857	38676
	42.8	2.304571126	1.484375	30348.12632	45048
	42.85	2.685806833	1.734375	30279.4955	52516
	42.9	3.072883446	1.953125	29409.28	57440
	42.95	3.127101424	2.015625	30936.31008	62356
	43	3.263373654	2.09375	32460.41791	67964
	43.05	3.311620045	2.203125	32956.8227	72608
	43.1	3.532639614	2.34375	33245.86667	77920
	43.15	4.109863058	2.65625	34261.83529	91008
	43.2	4.180099367	2.78125	35529.34831	98816
	43.25	4.526921343	3.09375	35143.11111	108724
	43.3	4.727602888	3.140625	37117.45274	116572
	43.35	5.31772696	3.4375	37570.32727	129148
	43.4	2.553841265	1.609375	37656.85437	60604
	43.45	2.825507516	1.75	37849.14286	66236
	43.5	2.829853518	1.828125	39152.68376	71576
	43.55	2.704483806	1.90625	38716.85246	73804
	43.6	3.364784416	2.125	39836.23529	84652
	43.65	3.412570582	2.4375	37464.61538	91320
	43.7	3.600818695	2.625	40566.85714	106488
	43.75	3.858535341	2.640625	41222.05917	108852
	43.8	4.199510325	2.921875	40126.28877	117244
	43.85	4.5492872	3.09375	41496.56566	128380
	43.9	2.134900593	1.5	38925.33333	58388
	43.95	2.289153224	1.484375	42501.38947	63088
	44	2.493729804	1.65625	41479.24528	68700
	44.05	2.679299314	2	40716	81432
	44.1	2.773950834	2.0625	40442.18182	83412
	44.15	2.855966331	2.15625	38012.28986	81964
	44.2	3.206798707	2.328125	42441.02013	98808
	44.25	3.238264245	2.09375	45424.71642	95108
	44.3	3.368219901	2.171875	45787.16547	99444
	44.35	3.651619934	2.359375	47136.21192	111212
	44.4	3.682426984	2.6875	45862.69767	123256
	44.45	4.267622122	3.15625	45317.06931	143032
	44.5	4.530902698	3.28125	45828.87619	150376
	44.55	4.614911407	3.390625	44993.47465	152556
	44.6	5.142425304	4	44567	178268
	44.65	5.669190183	3.96875	46805.66929	185760
	44.7	2.794541247	2.0625	45443.87879	93728
	44.75	2.894942308	2.15625	46438.02899	100132
	44.8	3.054624305	2.46875	46298.73418	114300
	44.85	3.158715468	2.375	48101.05263	114240
	44.9	3.364785545	2.515625	49735.5528	125116
	44.95	3.638554038	2.765625	47686.87006	131884
	45	3.914874758	2.796875	50705.16201	141816
	45.05	4.190930057	3.484375	47440.35874	165300
	45.1	4.459193115	3.234375	51639.03382	167020
	45.15	4.779944815	3.46875	52496.14414	182096
	45.2	2.388475359	1.796875	51464.90435	92476
	45.25	2.489126702	1.828125	51412.23932	93988
	45.3	2.61895394	1.953125	54491.136	106428
	45.35	2.851096786	2.140625	52833.16788	113096
	45.4	3.128700434	2.359375	52491.86755	123848
	45.45	3.200948212	2.375	53295.15789	126576
	45.5	3.384728036	2.4375	53456.41026	130300
	45.55	3.603747457	2.59375	54424.6747	141164
	45.6	3.860881207	2.8125	51916.8	146016
	45.65	4.168782847	3.328125	51059.38028	169932
	45.7	4.3920362	3.265625	52623.311	171848
	45.75	4.726333422	3.609375	51891.53247	187296
	45.8	5.145978864	4	49683	198732
	45.85	2.225423057	1.625	53575.38462	87060
	45.9	2.436679515	1.875	52908.8	99204
	45.95	2.644741033	1.90625	53483.01639	101952
	46	2.737562126	2.203125	53015.60284	116800
	46.05	2.938257279	2.171875	53992.05755	117264
	46.1	3.12118081	2.375	53091.36842	126092
	46.15	3.179690065	2.375	55016.42105	130664
	46.2	3.054111211	2.265625	54725.73793	123988
	46.25	3.438741574	2.578125	54194.42424	139720
	46.3	3.731208568	2.5	55502.4	138756
	46.35	3.954765575	2.609375	56113.05389	146420
	46.4	4.438961804	2.703125	53825.10983	145496
	46.45	2.227308369	1.53125	51654.53061	79096
	46.5	2.35819849	1.640625	52531.2	86184
	46.55	2.276287672	1.546875	52813.57576	81696
	46.6	2.777479784	2.078125	50337.68421	104608
	46.65	2.778144808	2.203125	49299.06383	108612
	46.7	3.06716728	2.4375	48362.66667	117884
	46.75	3.129989837	2.28125	51003.61644	116352
	46.8	3.197503446	2.40625	51715.32468	124440
	46.85	3.478459628	2.703125	50242.5896	135812
	46.9	3.638744198	2.953125	48532.99471	143324
	46.95	3.768774829	2.96875	51333.38947	152396
	47	3.948201864	3	52514.66667	157544
	47.05	4.117702971	3.203125	49144.50732	157416
	47.1	4.547163265	3.359375	49818.7907	167360
	47.15	4.90413445	3.4375	52140.21818	179232
	47.2	2.509561373	2.015625	45712.86822	92140
	47.25	2.681292201	2	51694	103388
	47.3	3.086891125	2.328125	50662.22819	117948
	47.35	3.102361331	2.328125	50969.77181	118664
	47.4	3.345767175	2.59375	51713.54217	134132
	47.45	3.461521514	2.546875	53119.21472	135288
	47.5	3.778776934	2.796875	52254.03352	146148
	47.55	3.595799984	2.796875	54796.87151	153260
	47.6	3.979805947	3.328125	53297.277	177380
	47.65	4.175956799	3.53125	50478.44248	178252
	47.7	4.549392234	3.4375	55832.43636	191924
	47.75	5.094610899	3.921875	54805.41833	214940
	47.8	5.4122884	4.1875	53424.71642	223716
	47.85	5.758720264	4.109375	55917.01901	229784
	47.9	2.743688745	2.0625	55501.57576	114472
	47.95	2.968663525	2.4375	52381.53846	127680
	48	3.000256458	2.3125	56038.05405	129588
	48.05	3.295803092	2.484375	54537.66038	135492
	48.1	3.497994737	2.421875	56169.70323	136036
	48.15	3.706838193	2.65625	54154.54118	143848
	48.2	4.036335042	3.03125	53141.1134	161084
	48.25	4.417144663	3.390625	52209.84332	177024
	48.3	4.664976609	3.53125	50803.53982	179400
	48.35	5.221688801	3.953125	52412.20553	207192
	48.4	5.527286446	4.15625	49683.24812	206496
	48.45	6.095948628	4.46875	51751.38462	231264
	48.5	6.568814178	4.828125	50554.61489	244084
	48.55	3.114943024	2.609375	47050.34731	122772
	48.6	3.157017454	2.4375	49998.76923	121872
	48.65	3.199810089	2.3125	50796.97297	117468
	48.7	3.690087093	2.78125	51464.62921	143136
	48.75	3.834125082	2.640625	53026.84024	140024
	48.8	4.328717335	3.453125	48516.0543	167532
	48.85	4.773245196	3.609375	52050.00866	187868
	48.9	4.995852097	4.015625	48805.35409	195984
	48.95	5.416021107	4.09375	51366.10687	210280
	49	5.752485755	4.140625	51171.01887	211880
	49.05	6.079609565	4.4375	48628.28169	215788
	49.1	6.548128974	4.640625	51271.54209	237932
	49.15	3.154409416	2.140625	51401.81022	110032
	49.2	3.090373866	2.3125	51649.72973	119440
	49.25	3.528144297	2.65625	50544.94118	134260
	49.3	3.741468328	2.671875	51559.29825	137760
	49.35	3.915305443	2.6875	52396.65116	140816
	49.4	4.28126582	3.234375	49793.85507	161052
	49.45	4.610484846	3.484375	51739.55157	180280
	49.5	5.165674027	4.140625	48766.55094	201924
	49.55	5.661460422	4.234375	51191.49815	216764
	49.6	2.66644733	2	52434	104868
	49.65	2.805389784	2.265625	50958.12414	115452
	49.7	3.020182717	2.375	50880	120840
	49.75	3.33188081	2.78125	50883.59551	141520
	49.8	3.589869623	3.046875	46767.91795	142496
	49.85	3.92284932	3.125	49090.56	153408
	49.9	4.1408603	3.484375	51811.87444	180532
	49.95	4.563597741	3.515625	51653.97333	181596
	50	5.009336645	3.921875	50448.31873	197852
	50.05	2.225868419	1.640625	55349.6381	90808
	50.1	2.470765984	2.078125	50670.67669	105300
	50.15	2.633712409	2.1875	52800	115500
	50.2	2.883495313	2.40625	53455.79221	128628
	50.25	3.037756461	2.578125	52801.16364	136128
	50.3	3.386754205	2.890625	52046.87568	150448
	50.35	3.501377507	3.25	48836.92308	158720
	50.4	3.51717699	2.78125	54776.80899	152348
	50.45	3.879669903	2.921875	55810.73797	163072
	50.5	4.251240666	3.640625	51053.87124	185868
	50.55	4.565257053	3.609375	53981.64502	194840
	50.6	4.95161467	4.046875	52710.30116	213312
	50.65	5.360640619	4.59375	53625.90476	246344
	50.7	5.726677528	4.859375	53131.93569	258188
	50.75	6.14781246	5	53832	269160
	50.8	6.646439853	5.46875	54195.2	296380
	50.85	7.129750446	5.75	52488.34783	301808
	50.9	3.378440681	2.875	54305.3913	156128
	50.95	3.695968958	3.109375	54594.89447	169756
	51	3.882086791	3.34375	53476.48598	178812
	51.05	4.237688531	3.203125	56026.53659	179460
	51.1	4.51617918	3.90625	51204.096	200016
	51.15	4.872594543	3.921875	54038.43825	211932
	51.2	5.312489966	4.375	51262.17143	224272
	51.25	5.584449005	4.53125	52582.4	238264
	51.3	6.30793438	4.765625	53444.40656	254696
	51.35	2.948352135	2.515625	50541.71429	127144
	51.4	3.323639502	2.78125	51415.73034	143000
	51.45	3.552279067	2.6875	52353.48837	140700
	51.5	3.841418398	3.390625	43387.87097	147112
	51.55	3.969033715	3	46477.33333	139432
	51.6	4.426893295	3.453125	50096.0724	172988
	51.65	4.780304345	3.5625	49314.80702	175684
	51.7	5.215544959	3.875	50020.12903	193828
	51.75	2.464113175	1.859375	50558.92437	94008
	51.8	2.548011632	1.90625	51009.04918	97236
	51.85	2.610021004	2.125	46727.52941	99296
	51.9	2.749027881	2.265625	49090.2069	111220
	51.95	3.016743415	2.390625	50699.71242	121204
	52	3.204771538	2.671875	50806.26901	135748
	52.05	3.403881206	2.5625	52164.68293	133672
	52.1	3.597205414	2.734375	51886.08	141876
	52.15	3.880460565	3.234375	48881.15942	158100
	52.2	4.212777946	3.625	49794.2069	180504
	52.25	4.672763614	3.796875	49496.49383	187932
	52.3	4.873340485	3.59375	51834.43478	186280
	52.35	5.294135819	4.21875	47627.37778	200928
	52.4	2.356943993	1.828125	50659.55556	92612
	52.45	2.514397757	1.890625	52903.1405	100020
	52.5	2.648336565	2.125	48530.82353	103128
	52.55	2.954444453	2.265625	53509.29655	121232
	52.6	2.928330568	2.5	52080	130200
	52.65	3.21471199	2.71875	52251.95402	142060
	52.7	3.632179519	2.859375	54572.76503	156044
	52.75	3.941456181	2.984375	55139.18325	164556
	52.8	4.43535662	3.453125	54941.53846	189720
	52.85	4.898157939	3.875	53952	209064
	52.9	2.149326379	1.828125	54320.13675	99304
	52.95	2.309105386	1.953125	53446.656	104388
	53	2.387532536	2.046875	55487.51145	113576
	53.05	2.499997279	2.09375	56751.76119	118824
	53.1	2.628841394	2.328125	55208.37584	128532
	53.15	2.802148452	2.359375	58105.21854	137092
	53.2	3.198849487	2.75	56333.09091	154916
	53.25	3.299008944	2.8125	57725.15556	162352
	53.3	3.355069586	2.96875	57016.58947	169268
	53.35	3.595149312	3.078125	58251.04569	179304
	53.4	3.958145242	3.265625	56722.98565	185236
	53.45	4.387549179	3.765625	56806.50622	213912
	53.5	4.685973448	3.71875	57586.01681	214148
	53.55	5.187630955	4.265625	54819.6337	233840
	53.6	2.335568968	1.96875	58268.44444	114716
	53.65	2.455495751	2.140625	56802.10219	121592
	53.7	2.626034892	2.28125	56498.84932	128888
	53.75	2.720867242	2.421875	56016.10323	135664
	53.8	3.018076171	2.59375	57063.3253	148008
	53.85	3.299711193	2.921875	55834.0107	163140
	53.9	3.417112475	2.859375	57395.75956	164116
	53.95	3.687157362	3.078125	56504.52792	173928
	54	3.954031963	3.359375	55930.64186	187892
	54.05	4.175981467	3.390625	57132.82949	193716
	54.1	4.667798468	3.671875	56739.40426	208340
	54.15	2.273869843	1.6875	55153.77778	93072
	54.2	2.616632166	1.953125	54253.568	105964
	54.25	2.872472778	2.328125	52167.30201	121452
	54.3	2.950177289	2.203125	53039.20567	116852
	54.35	3.46437207	2.84375	50138.02198	142580
	54.4	3.428029231	2.671875	51932.07018	138756
	54.45	3.668848034	2.8125	51185.77778	143960
	54.5	4.055974657	2.9375	50843.23404	149352
	54.55	4.332567541	3.109375	51377.52764	159752
	54.6	4.669592681	3.4375	49111.27273	168820
	54.65	5.119303386	3.75	49642.66667	186160
	54.7	5.623185699	4.140625	47085.64528	194964
	54.75	2.824619266	2.078125	47958.61654	99664
	54.8	3.397969962	2.640625	46720.7574	123372
	54.85	3.261797615	2.421875	48679.63871	117896
	54.9	3.339298199	2.484375	47918.69182	119048
