0	4.4124271	3.5390625	61120.14128	216308
0.05	4.588163935	4.65234375	46298.38455	215396
0.1	2.048927743	2.0859375	46371.47566	96728
0.15	2.159852425	2.28125	45561.42466	103937
0.2	2.441708163	2.08984375	57812.93458	120820
0.25	2.906229225	2.36328125	60302.17521	142511
0.3	2.701901083	2.40234375	56225.50894	135073
0.35	2.868273023	2.61328125	53246.46936	139148
0.4	3.548359156	2.8515625	60241.3589	171782
0.45	3.403707955	3.16015625	50566.80346	159799
0.5	3.720186889	3.015625	56483.48187	170333
0.55	4.394697461	3.640625	59565.04721	216854
0.6	4.324578933	3.953125	53003.13043	209528
0.65	5.116927612	4.078125	59070.03831	240895
0.7	5.412675195	5.33984375	45697.21726	244016
0.75	6.346340748	4.91796875	54398.06831	267528
0.8	3.114936648	2.1015625	58936.62454	123859
0.85	3.345187641	2.91796875	44634.8166	130243
0.9	3.930394297	2.5546875	58061.50459	148329
0.95	3.792484865	3.62109375	40716.70334	147439
1	4.867471841	3.4921875	50208.6443	175338
1.05	2.164949474	1.76953125	37804.92715	66897
1.1	2.740628225	1.90625	44463.7377	84759
1.15	3.076989282	2.13671875	46124.9287	98556
1.2	3.383997818	2.51171875	41857.39347	105134
1.25	3.854741496	2.75	43361.45455	119244
1.3	4.342792688	2.96875	46856.75789	139106
1.35	4.823634709	3.1015625	49514.7204	153573
1.4	5.359918909	3.6640625	42983.4371	157494
1.45	2.612896619	1.7421875	47111.46188	82077
1.5	2.64871638	2.0546875	39264.85171	80677
1.55	3.042082446	1.95703125	47081.51697	92140
1.6	3.391626101	2.24609375	47146.29565	105895
1.65	3.360678484	2.76171875	37202.55728	102743
1.7	4.11766813	2.77734375	43803.72433	121658
1.75	4.339222994	2.75390625	40247.19433	110837
1.8	2.306911028	1.50390625	41579.05455	62531
1.85	2.546828564	1.6796875	38971.53488	65460
1.9	2.741976488	1.7578125	39737.45778	69851
1.95	2.950611039	2.00390625	38320.65497	76791
2	3.36970056	2.19140625	38664.67023	84730
2.05	3.757448025	2.4375	39151.58974	95432
2.1	4.082468997	2.56640625	38892.90715	99815
2.15	4.767882922	2.8828125	40832.34688	117712
2.2	2.233053525	1.44140625	39731.33875	57269
2.25	2.473797192	1.61328125	40421.34625	65211
2.3	2.812718748	1.91015625	40404.54806	77179
2.35	3.117859186	2.05859375	40842.92979	84079
2.4	3.51913089	2.33203125	38825.38023	90542
2.45	3.934343829	2.63671875	39533.98519	104240
2.5	1.821322402	1.2421875	37253.63522	46276
2.55	2.026086941	1.3203125	40816.09467	53890
2.6	2.302471019	1.53125	40231.18367	61604
2.65	2.516417481	1.62890625	41568.38369	67711
2.7	2.851700367	1.87109375	41870.69729	78344
2.75	3.071842009	2.0546875	41942.14449	86178
2.8	3.368014018	2.38671875	40535.98691	96748
2.85	3.985470317	2.62109375	42752.38152	112058
2.9	4.283927687	2.80078125	42375.67643	118685
2.95	4.952198587	3.078125	39740.10152	122325
3	2.29747843	1.53125	40566.20408	62117
3.05	2.437260058	1.625	40111.38462	65181
3.1	2.798999197	1.86328125	40174.28931	74856
3.15	3.150166664	2.13671875	40222.42048	85944
3.2	3.597137456	2.4921875	41223.22257	102736
3.25	3.925519405	2.79296875	42449.81259	118561
3.3	4.400309226	3	43964.33333	131893
3.35	5.051771976	3.26953125	45763.13501	149624
3.4	2.53496067	1.70703125	43278.0595	73877
3.45	2.821897048	1.90234375	48345.10062	91969
3.5	3.033292168	2.14453125	49399.60656	105939
3.55	3.239609223	2.35546875	46045.1874	108458
3.6	3.709021699	2.640625	51341.25444	135573
3.65	4.104806106	2.79296875	55211.5021	154204
3.7	4.487394521	3.04296875	56545.43774	172066
3.75	5.183812216	3.4296875	56165.75854	192631
3.8	2.711345478	1.8046875	56354.35498	101702
3.85	2.968893093	2.12109375	55974.89503	118728
3.9	3.354754675	2.30078125	58172.41426	133842
3.95	3.505069555	2.48046875	57824.95748	143433
4	3.862747608	2.890625	58400.17297	168813
4.05	4.286004627	3.171875	58808.11823	186532
4.1	4.842011394	3.34375	60440.52336	202098
4.15	2.471417812	1.8359375	59762.38298	109720
4.2	2.721051778	2.0703125	58849.56981	121837
4.25	2.996132033	2.23046875	59713.45709	133189
4.3	3.278136523	2.52734375	59260.24111	149771
4.35	3.49929667	2.68359375	59630.48617	160024
4.4	3.873980994	3.15234375	58852.71871	185524
4.45	4.150460012	3.25390625	59142.45378	192444
4.5	4.609109559	3.51171875	59219.15017	207961
4.55	5.195435154	3.828125	58753.0449	224914
4.6	5.928958581	4.41015625	57477.78211	253486
4.65	3.016137726	2.31640625	57115.1973	132302
4.7	3.435872319	2.66796875	57177.20644	152547
4.75	3.683801052	2.7578125	56905.97167	156936
4.8	4.084614896	3.20703125	55276.66748	177274
4.85	4.483099634	3.46875	55859.31532	193762
4.9	5.03330163	3.78515625	56693.30031	214593
4.95	5.671086299	4.1953125	57091.0987	239515
5	6.331817374	4.921875	56263.72063	276923
5.05	7.024183055	5.3125	57650.63529	306269
5.1	8.014044223	5.8515625	57742.18425	337882
5.15	4.736573811	3.65234375	56681.41176	207020
5.2	5.322210152	4.12109375	57659.69289	237621
5.25	5.933503048	4.6328125	56811.27825	263196
5.3	6.614948148	5.1328125	56932.91933	292226
5.35	7.380876531	5.71484375	55732.05742	318500
5.4	8.167337601	6.2734375	57060.74222	357967
5.45	9.001736207	6.75390625	57003.45633	384996
5.5	4.329634418	3.21875	54938.09709	176832
5.55	4.720325623	3.48828125	55685.59015	194247
5.6	5.21729489	3.78515625	55300.75542	209322
5.65	5.856113031	4.24609375	57176.31647	242776
5.7	2.800510215	1.8515625	54125.09705	100216
5.75	2.915530973	2.09375	53157.73134	111299
5.8	3.219077516	2.37109375	53227.33443	126207
5.85	3.499170756	2.57421875	53452.72231	137599
5.9	3.881190386	2.65625	54127.05882	143775
5.95	3.99847441	3.1796875	48892.54054	155463
6	4.644866616	3.3984375	53921.25057	183248
6.05	5.107717891	3.48828125	52623.05039	183564
6.1	2.631148869	1.6875	54356.74074	91727
6.15	2.925881533	2.0390625	54021.88506	110154
6.2	3.08928699	2.13671875	52764.54845	112743
6.25	3.396065819	2.5	53371.2	133428
6.3	3.358170907	2.66015625	50086.90749	133239
6.35	3.829673071	2.8046875	55523.83287	155727
6.4	4.32092765	3.19921875	55565.12821	177765
6.45	4.716004205	3.35546875	51176.15832	171720
6.5	2.439204411	1.6875	55502.81481	93661
6.55	2.576567629	1.76953125	52356.23841	92646
6.6	3.001002751	2.11328125	53292.00739	112621
6.65	3.233339534	2.21875	52594.02817	116693
6.7	3.579443601	2.34765625	53840.93178	126400
6.75	3.520704381	2.4453125	47501.08626	116155
6.8	4.306047298	3.02734375	51234.02323	155103
6.85	2.064658868	1.390625	51033.16854	70968
6.9	2.263748964	1.60546875	49212.41849	79009
6.95	2.323198421	1.54296875	46905.03291	72373
7	2.562486533	1.734375	48134.34234	83483
7.05	2.872355636	1.953125	47215.616	92218
7.1	3.183453329	2.1484375	43741.55636	93976
7.15	3.469464333	2.35546875	43191.82753	101737
7.2	3.819628159	2.69921875	41299.72793	111477
7.25	4.392580603	2.9296875	41379.84	121230
7.3	5.059012427	3.20703125	40973.09622	131402
7.35	2.464761565	1.65625	39286.33962	65068
7.4	2.600802479	1.94140625	36393.20724	70654
7.45	2.984751295	2.08203125	36965.82364	76964
7.5	3.405490243	2.296875	37113.46939	85245
7.55	3.651673423	2.37109375	37128.43493	88035
7.6	3.89305943	2.828125	34577.67956	97790
7.65	4.630582	3.015625	37276.18653	112411
7.7	5.300204877	3.2109375	36386.88078	116836
7.75	2.216548055	1.5546875	34305.92965	53335
7.8	2.621414316	1.765625	34228.67257	60435
7.85	3.08496139	2.0625	35997.09091	74244
7.9	3.37865464	2.13671875	37142.46435	79363
7.95	3.817783892	2.62890625	35266.37741	92712
8	4.32143647	2.859375	35129.35519	100448
8.05	4.788959113	3.19921875	33756.67888	107995
8.1	2.445595072	1.55078125	34408.46348	53360
8.15	2.352044598	1.640625	32741.18095	53716
8.2	3.17374307	2.04296875	35798.88337	73136
8.25	3.281510428	2.375	34462.31579	81848
8.3	3.529708275	2.4296875	35185.18328	85489
8.35	3.886348572	2.8203125	35018.10526	98762
8.4	4.488381289	3.05859375	36100.25032	110416
8.45	5.4903872	3.4921875	36286.71141	126720
8.5	2.307747044	1.45703125	37096.66488	54051
8.55	2.694773002	1.8984375	36415.73663	69133
8.6	3.031216666	2.07421875	36531.82674	75775
8.65	3.034240929	2.32421875	35797.40504	83201
8.7	3.284156674	2.26171875	36980.28325	83639
8.75	4.125928652	2.796875	37554.41341	105035
8.8	4.455137015	2.9609375	37300.34828	110444
8.85	5.140109326	3.25	36401.84615	118306
8.9	2.604136005	1.8046875	35614.47619	64273
8.95	2.490899115	1.94921875	35603.49499	69399
9	2.871054143	1.91796875	37756.611	72416
9.05	3.314929618	2.390625	37215.37255	88968
9.1	3.831664534	2.6328125	37669.22255	99176
9.15	4.257349671	2.91015625	36967.08725	107580
9.2	5.1295278	3.16015625	37207.33745	117581
9.25	2.350682459	1.5390625	37637.19797	57926
9.3	2.833527673	1.88671875	38529.85507	72695
9.35	3.15988494	2.16796875	39810.53694	86308
9.4	3.45824466	2.40234375	41844.13659	100524
9.45	3.744418307	2.57421875	43625.27466	112301
9.5	4.174045682	2.9765625	44069.96325	131177
9.55	4.651278307	3.3125	44037.13208	145873
9.6	5.504766766	3.31640625	46375.80212	153801
9.65	2.367769539	1.765625	43060.10619	76028
9.7	2.595086572	1.75	46706.85714	81737
9.75	2.831575597	2.12890625	45945.18899	97813
9.8	3.032385531	2.0546875	48538.28137	99731
9.85	3.312124475	2.6640625	46611.51906	124176
9.9	3.655840423	2.76171875	49045.90665	135451
9.95	3.989604277	2.9765625	48991.07612	145825
10	4.448185995	3.1015625	49269.68262	152813
10.05	4.997225223	3.52734375	48306.88815	170395
10.1	2.518446315	1.6953125	47488.58986	80508
10.15	2.730650889	1.86328125	53037.08176	98823
10.2	3.024687468	2.09765625	50383.3743	105687
10.25	3.314553767	2.30078125	51369.07301	118189
10.3	3.555026531	2.53125	50951.90123	128972
10.35	3.974587375	2.76171875	50880.27157	140517
10.4	4.441052416	2.96484375	51700.53228	153284
10.45	5.382780817	3.19140625	53127.67687	169552
10.5	2.185002242	1.54296875	52769.05316	81421
10.55	2.488451868	1.79296875	48541.28105	87033
10.6	2.746648605	2.09375	47075.34328	98564
10.65	3.054896565	2.19921875	52487.73002	115432
10.7	3.431090566	2.4453125	50820.08946	124271
10.75	3.619376721	2.640625	50423.66864	133150
10.8	4.010712777	2.90625	50651.87097	147207
10.85	4.341878581	3.19140625	44517.36597	142073
10.9	2.167902416	1.55078125	49070.10579	76097
10.95	2.424912013	1.66015625	53791.32235	89302
11	2.627555368	1.96875	52049.77778	102473
11.05	2.972792167	2.12890625	54008.4844	114979
11.1	3.183250788	2.4375	49147.48718	119797
11.15	3.659255268	2.5390625	55865.89538	141847
11.2	3.75642987	3.0078125	47695.12727	143458
11.25	4.464579506	3.2109375	53528.29197	171876
11.3	5.243294476	3.5703125	55155.95624	196924
11.35	2.133325708	1.75	50150.85714	87764
11.4	2.440367113	1.92578125	52558.40974	101216
11.45	2.965590737	2.21484375	57660.04938	127708
11.5	3.045123619	2.4609375	54291.09841	133607
11.55	3.676614845	2.69921875	57869.33719	156202
11.6	3.962022542	2.96875	56348.29474	167284
11.65	4.664738718	3.328125	58142.04695	193504
11.7	5.222621362	3.65234375	56237.86096	205400
11.75	2.845679574	1.8984375	55488.79012	105342
11.8	3.03990415	2.0859375	56397.66292	117642
11.85	3.476988803	2.40234375	54861.42439	131796
11.9	4.01053814	2.54296875	56483.98157	143637
11.95	4.284348682	2.9140625	51267.94638	149398
12	1.961001867	1.31640625	48388.55786	63699
12.05	2.342260266	1.48828125	50762.58268	75549
12.1	2.519005447	1.60546875	49374.98783	79270
12.15	2.793625027	1.8203125	48663.07296	88582
12.2	3.001757373	2.09765625	45576.10428	95603
12.25	3.390492794	2.2734375	46276.17869	105206
12.3	3.844094862	2.5234375	47271.2322	119286
12.35	4.221368636	2.734375	45589.21143	124658
12.4	2.212546944	1.421875	45432.96703	64600
12.45	2.501148232	1.6875	43386.07407	73214
12.5	2.61285768	1.8046875	44915.80952	81059
12.55	3.035342084	2.04296875	48016.88719	98097
12.6	3.155010433	2.30078125	45889.62988	105582
12.65	3.546822033	2.38671875	49361.49264	117812
12.7	4.000074758	2.53125	49716.93827	125846
12.75	4.54881993	2.984375	45973.10995	137201
12.8	2.141037945	1.41796875	52302.98623	74164
12.85	2.478248305	1.76953125	47303.48786	83705
12.9	2.667337493	1.83984375	51347.83864	94472
12.95	2.946412427	1.921875	52983.6748	101828
13	3.147577378	2.25	50710.22222	114098
13.05	3.528857507	2.54296875	52544.49155	133619
13.1	3.731593124	2.6953125	46035.84928	124081
13.15	4.427404138	2.8359375	52742.34711	149574
13.2	2.193977107	1.47265625	49257.25199	72539
13.25	2.459109168	1.77734375	47253.0989	83985
13.3	2.908217769	1.98828125	50515.48919	100439
13.35	2.961777148	2.2578125	43737.02422	98750
13.4	3.377885327	2.4921875	47916.13793	119416
13.45	3.825471195	2.63671875	52510.34074	138455
13.5	4.083221293	2.921875	49401.15508	144344
13.55	4.749052666	3.19921875	48923.50672	156517
13.6	5.592085716	3.33984375	49640.3462	165791
13.65	2.395653532	1.5546875	50534.27136	78565
13.7	2.556387954	1.79296875	44876.96732	80463
13.75	2.969076278	2.0625	49768.24242	102647
13.8	3.436149834	2.375	50657.68421	120312
13.85	3.491756221	2.69921875	43477.39508	117355
13.9	4.159788903	2.76171875	49889.58416	137781
13.95	4.614528611	3.41015625	43356.07789	147851
14	2.263589968	1.42578125	48663.84658	69384
14.05	2.571384509	1.66796875	48715.54098	81256
14.1	2.814057373	1.80859375	50639.34341	91586
14.15	3.071058144	2	51875.5	103751
14.2	3.219616592	2.4921875	42852.71473	106797
14.25	3.847886795	2.671875	51089.21637	136504
14.3	3.86138606	2.91796875	42350.00803	123576
14.35	4.711926303	3	49545.66667	148637
14.4	2.320430406	1.58984375	46819.06634	74435
14.45	2.775143369	1.8671875	47927.16318	89489
14.5	3.008458448	2.1328125	45675.83883	97418
14.55	3.338072947	2.40234375	46602.4065	111955
14.6	3.67883176	2.61328125	47669.18984	124573
14.65	4.048946124	2.93359375	48251.39814	141550
14.7	4.62335794	3.24609375	47833.80024	155273
14.75	5.274684538	3.4140625	52644.02746	179730
14.8	2.513433085	1.83984375	48926.98089	90018
14.85	2.799438417	2.109375	49249.65926	103886
14.9	3.01028112	2.09765625	55290.27933	115980
14.95	3.443003346	2.6796875	52134.43732	139704
15	3.653315229	2.72265625	52031.1736	141663
15.05	4.130166657	3.05078125	53791.46735	164106
15.1	4.613099617	3.140625	55618.86567	174678
15.15	5.321332968	3.91796875	50927.15454	199531
15.2	2.476483448	1.75	51020	89285
15.25	2.762876927	2.01171875	52016.71456	104643
15.3	3.026350162	2.3046875	49437.50508	113938
15.35	3.322127466	2.57421875	52128.43703	134190
15.4	3.598475706	2.734375	53260.06857	145633
15.45	4.219005622	3.02734375	53394.99355	161645
15.5	4.851475298	3.45703125	53107.70621	183595
15.55	2.306666016	1.69140625	55189.57968	93348
15.6	2.569746581	1.90625	52715.01639	100488
15.65	2.970301597	2.29296875	53235.35264	122067
15.7	3.24653853	2.42578125	55813.77134	135392
15.75	3.609019203	2.80078125	51789.12134	145050
15.8	4.061043087	3.078125	54027.04569	166302
15.85	4.677102699	3.2578125	55966.38849	182328
15.9	2.23165541	1.6796875	56069.35814	94179
15.95	2.353274993	1.77734375	57087.43736	101464
16	2.604740132	2.11328125	56391.92606	119172
16.05	2.833629006	2.50390625	49678.37754	124390
16.1	3.339189433	2.64453125	56825.57164	150277
16.15	3.823011063	2.8125	57463.11111	161615
16.2	4.211243815	2.96875	56366.48421	167338
16.25	2.055007828	1.5390625	54959.43147	84586
16.3	2.084900348	1.6015625	54276.99512	86928
16.35	2.397383148	1.875	56295.46667	105554
16.4	2.741126958	2.01953125	57608.41779	116342
16.45	2.984822444	2.35546875	55900.12604	131671
16.5	3.418369226	2.5625	57056.39024	146207
16.55	3.633450284	2.76171875	57642.72702	159193
16.6	4.184895683	3.0625	56411.7551	172761
16.65	4.712444563	3.34765625	56698.77246	189808
16.7	5.482262215	3.640625	57903.79399	210806
16.75	2.472611553	1.89453125	56943.3732	107881
16.8	2.731681297	2.21484375	57000.40917	126247
16.85	2.981275692	2.42578125	56876.1095	137969
16.9	3.396060882	2.66796875	58453.83309	155953
16.95	3.726661476	2.83984375	57858.11279	164308
17	4.316616439	3.2421875	58760.94458	190514
17.05	4.878270212	3.29296875	59683.83393	196537
17.1	2.219890679	1.80859375	58130.24622	105134
17.15	2.467079795	2.09375	55714.86567	116653
17.2	2.750726493	2.25390625	58238.89081	131265
17.25	3.123481766	2.48046875	59223.08031	146901
17.3	3.378206554	2.81640625	58376.87656	164413
17.35	3.731274007	3.03125	58293.1134	176701
17.4	4.301730784	3.41796875	59578.66057	203638
17.45	4.890717737	3.75390625	59504.94901	223376
17.5	2.421661323	1.91796875	59050.49287	113257
17.55	2.678953032	2.13671875	60117.87934	128455
17.6	2.701286684	2.3984375	55810.08469	133857
17.65	3.05562927	2.5703125	58261.78723	149751
17.7	3.446039046	2.92578125	58915.20427	172373
17.75	3.984613941	3.24609375	57759.26835	187492
17.8	4.553837976	3.5	59765.71429	209180
17.85	5.09426595	3.69921875	54576.11827	201889
17.9	2.66037458	1.9453125	57745.99197	112334
17.95	2.710757978	2.0703125	57116.98113	118250
18	3.06820779	2.28125	57272.10959	130652
18.05	3.502443644	2.66015625	54967.44787	146222
18.1	3.996328604	2.7734375	57469.11549	159387
18.15	4.200068039	3.0546875	51749.31969	158078
18.2	5.22660941	3.203125	55851.08293	178898
18.25	2.526571554	1.7265625	55816.68778	96371
18.3	2.640054979	1.875	53256	99855
18.35	2.93984401	2.14453125	53363.64299	114440
18.4	3.279061639	2.28125	57489.9726	131149
18.45	3.478703916	2.61328125	50414.39761	131747
18.5	4.229255516	2.86328125	56921.40791	162982
18.55	4.60054731	3.05859375	53825.38953	164630
18.6	2.195392865	1.43359375	54006.23433	77423
18.65	2.391556461	1.625	55752.61538	90598
18.7	2.69320019	1.9453125	50896.19277	99009
18.75	3.060210221	2.046875	56793.40458	116249
18.8	3.083433544	2.1875	53236.11429	116454
18.85	3.706915819	2.5	56417.2	141043
18.9	4.074185096	2.93359375	48966.9028	143649
18.95	2.026511181	1.359375	55426.2069	75345
19	2.288469597	1.5234375	54447.26154	82947
19.05	2.562547384	1.6875	54927.40741	92690
19.1	2.756365819	1.8515625	54772.11814	101414
19.15	2.980047219	2.109375	53286.87407	112402
19.2	3.087126495	2.4921875	44261.11599	110307
19.25	3.309618067	2.3984375	50491.20521	121100
19.3	3.876445201	2.61328125	54593.81764	142669
19.35	4.503649913	2.84375	55041.05495	156523
19.4	2.243637775	1.47265625	49167.61804	72407
19.45	2.365669174	1.71875	48208.29091	82858
19.5	2.635974866	1.8515625	49397.19831	91462
19.55	3.021124849	2.0703125	49401.23774	102276
19.6	3.172645657	2.29296875	50114.94378	114912
19.65	3.659901624	2.54296875	50139.82181	127504
19.7	4.085555917	2.6875	52180.09302	140234
19.75	4.598239024	3.14453125	48506.11677	152529
19.8	5.412984767	3.4765625	50716.4764	176319
19.85	2.570717582	1.69140625	50009.27483	84586
19.9	2.797608539	1.91796875	49291.20978	94539
19.95	2.942333666	2.1171875	49181.75646	104127
20	3.313184452	2.37109375	46286.65568	109750
20.05	3.687233278	2.6171875	47791.3791	125079
20.1	4.50075502	2.98828125	47664.85752	142436
20.15	5.349916836	3.24609375	45998.36342	149315
20.2	2.34362178	1.69140625	44944.25866	76019
20.25	2.804047902	1.90234375	47774.22587	90883
20.3	3.163595743	2.171875	47802.93525	103822
20.35	3.397815156	2.328125	47471.24832	110519
20.4	3.812003917	2.5859375	47221.17221	122111
20.45	4.430322678	2.91015625	45077.3047	131182
20.5	5.083095766	3.26953125	44851.38351	146643
20.55	2.515658484	1.78515625	45183.15974	80659
20.6	2.802575845	1.9375	46568.25806	90226
20.65	2.879862654	2.1875	41893.02857	91641
20.7	3.289647878	2.23828125	49135.02269	109978
20.75	3.51646554	2.515625	47639.85093	119844
20.8	3.941178458	2.8828125	50305.04065	145020
20.85	4.394799163	3.0234375	49750.65633	150418
20.9	5.312395269	3.56640625	51507.03176	183695
20.95	2.591662194	1.90234375	46956.81314	89328
21	2.874464785	1.87109375	51426.60543	96224
21.05	3.146307658	2.29296875	46820.08859	107357
21.1	3.547450985	2.4453125	50631.97444	123811
21.15	3.740969839	2.6015625	48478.55856	126120
21.2	4.337275985	2.91796875	46886.38286	136813
21.25	5.201889692	3.0703125	48611.33842	149252
21.3	2.372997696	1.71484375	40624.69248	69665
21.35	2.673282687	1.8671875	45928.97071	85758
21.4	2.9369535	2.10546875	43101.09091	90748
21.45	3.261371236	2.29296875	43458.07155	99648
21.5	3.709958725	2.55078125	46081.17611	117543
21.55	4.096032688	2.87109375	44212.07075	126937
21.6	4.568189586	3.01953125	46187.96378	139466
21.65	5.168757265	3.4765625	47954.55281	166717
21.7	2.129051197	1.53125	47720.4898	73072
21.75	2.391106464	1.71484375	50988.31891	87437
21.8	2.857884695	2.03515625	52490.80998	106827
21.85	2.997564425	2.1953125	50250.70463	110316
21.9	3.341566773	2.48046875	52877.50551	131161
21.95	3.672660648	2.66015625	51951.0837	138198
22	4.053357738	2.97265625	50785.89225	150969
22.05	4.787085795	3.47265625	52720.16198	183079
22.1	5.07268209	3.84375	51171.64228	196691
22.15	5.727987824	4	55375	221500
22.2	6.292764406	4.41015625	53491.75554	235907
22.25	3.471393778	2.5546875	51462.65443	131471
22.3	3.863080056	2.84375	51025.58242	145104
22.35	4.327871497	3.09765625	52472.89786	162543
22.4	4.990291962	3.59765625	50541.51574	181831
22.45	5.673398934	3.93359375	52463.47567	206370
22.5	6.263409837	4.2734375	49622.58135	212059
22.55	3.052699738	2.04296875	48083.94646	98234
22.6	3.44243636	2.51171875	48298.00311	121311
22.65	3.533784401	2.4921875	49875.46082	124299
22.7	3.859468118	2.69140625	47652.41219	128252
22.75	4.563634525	3.07421875	47016.17281	144538
22.8	5.304183043	3.53515625	47810.05083	169016
22.85	2.567513331	1.7109375	45069.44292	77111
22.9	3.128225208	2.2265625	45115.28421	100452
22.95	3.290826375	2.2890625	42119.86348	96415
23	3.713587716	2.59375	40328.86747	104603
23.05	4.325674537	2.90625	40537.46237	117812
23.1	4.990852977	3.09765625	43951.29382	136146
23.15	2.136712877	1.4765625	41693.46032	61563
23.2	2.445673875	1.63671875	40939.22673	67006
23.25	2.886934445	1.94921875	42664.27255	83162
23.3	3.197848468	2.1796875	41880.31541	91286
23.35	3.571602208	2.46484375	42014.02219	103558
23.4	3.948209378	2.8046875	42170.11699	118274
23.45	4.624153577	3.10546875	39368.93585	122259
23.5	5.349208895	3.43359375	43393.89306	148997
23.55	2.74614372	1.9296875	43461.4413	83867
23.6	2.906612741	2.22265625	42812.73814	95158
23.65	3.249600514	2.32421875	45823.56975	106504
23.7	3.572089589	2.53125	45203.75309	114422
23.75	3.935291548	2.875	47749.21739	137279
23.8	4.360621826	3.10546875	46446.1283	144237
23.85	4.7945957	3.359375	51886.43721	174306
23.9	5.472356966	3.83203125	50325.00714	192847
23.95	2.79302811	1.97265625	50365.59208	99354
24	2.990404841	2.29296875	49503.50937	113510
24.05	3.175959352	2.39453125	50221.93801	120258
24.1	3.705581241	2.7265625	51329.10029	139952
24.15	4.090534613	2.99609375	51136.91786	153211
24.2	4.805359985	3.4375	51139.2	175791
24.25	5.474750828	3.78125	51889.19008	196206
24.3	6.263764326	4.03125	49869.14729	201035
24.35	3.256312032	2.38671875	51023.6072	121779
24.4	3.310576848	2.69140625	43094.57184	115985
24.45	3.888387259	2.80859375	53239.81085	149529
24.5	4.342217672	3.30859375	50515.72137	167136
24.55	4.888598507	3.40625	54022.75229	184015
24.6	5.412196512	4.015625	50805.54086	204016
24.65	6.066750372	4.26171875	54703.28139	233130
24.7	3.164273628	2.4296875	50054.99678	121618
24.75	3.376800241	2.5859375	52865.93353	136708
24.8	3.94391914	2.94921875	53471.78808	157700
24.85	4.474989478	3.08203125	57014.34728	175720
24.9	5.068921321	3.66796875	56261.65708	206366
24.95	5.601422496	3.87109375	55508.85974	214880
25	2.959834325	2.11328125	52864.7098	111718
25.05	3.25064304	2.34375	53424.64	125214
25.1	3.582986335	2.5	51512.4	128781
25.15	4.101695972	2.7109375	53636.79539	145406
25.2	4.511347212	3.1171875	44607.8396	139051
25.25	2.463738154	1.59765625	47780.61614	76337
25.3	2.494218228	1.6953125	47258.54378	80118
25.35	2.856917327	1.83984375	51073.90234	93968
25.4	3.224444388	2.1640625	48611.35018	105198
25.45	3.61929062	2.4765625	50471.16719	124995
25.5	3.858849041	2.6484375	47627.70501	126139
25.55	4.296707693	2.86328125	51342.84311	147009
25.6	4.920735398	3.16015625	50161.44376	158518
25.65	2.504820479	1.69140625	46889.97691	79310
25.7	2.659444602	1.7578125	52490.80889	92269
25.75	2.764037689	1.78125	52208.84211	92997
25.8	3.089974178	2.07421875	51107.91714	106009
25.85	3.253450795	2.33203125	49637.41374	115756
25.9	3.616533256	2.56640625	49519.43988	127087
25.95	3.892384384	2.58203125	54627.14675	141049
26	4.332817826	3.35546875	45893.43888	153994
26.05	4.983743096	3.19140625	54312.10771	173332
26.1	5.691294076	3.36328125	53856.03717	181133
26.15	2.505447243	1.5546875	54917.78894	85380
26.2	2.636219938	1.921875	47651.38211	91580
26.25	2.990723234	2.0859375	52595.05618	109710
26.3	3.19149679	2.296875	53951.12925	123919
26.35	3.602212299	2.52734375	53115.84544	134242
26.4	3.871831054	2.7421875	54839.4302	150380
26.45	4.3530796	3.1328125	52436.26933	164273
26.5	4.962312812	3.46484375	51439.54904	178230
26.55	2.290060373	1.60546875	50298.08273	80752
26.6	2.433018891	1.7734375	51471.22467	91281
26.65	2.676320035	1.98828125	50147.83497	99708
26.7	2.928438418	2.265625	49505.54483	112161
26.75	3.154906876	2.37109375	52406.61614	124261
26.8	3.491532185	2.578125	53996.21818	139209
26.85	3.892416768	2.94140625	53604.63214	157673
26.9	4.381992589	3.26953125	54754.63799	179022
26.95	4.87422379	3.56640625	55792.57831	198979
27	5.359560971	3.83203125	56871.92661	217935
27.05	2.458560602	1.98046875	53575.19527	106104
27.1	2.98718767	2.28125	57353.20548	130837
27.15	3.321022676	2.56640625	58237.46728	149461
27.2	3.329405211	2.80078125	56849.49512	159223
27.25	3.716530041	3.07421875	57427.27319	176544
27.3	4.139983209	3.3671875	56902.08817	191600
27.35	4.811549737	3.859375	57982.44534	223776
27.4	5.356948042	4.05859375	59173.94418	240163
27.45	2.534448419	2.06640625	58008.9225	119870
27.5	2.953793896	2.296875	59816.92517	137392
27.55	3.018305059	2.51171875	59616.54743	149740
27.6	3.465454308	2.76171875	59682.03678	164825
27.65	3.709882323	3.015625	58344.12435	175944
27.7	4.411181369	3.39453125	59424.40506	201718
27.75	4.859764636	3.66015625	59562.21131	218007
27.8	5.366746063	3.92578125	56856.70846	223207
27.85	2.559565718	1.88671875	57128.81159	107786
27.9	3.022321697	2.265625	58296.05517	132077
27.95	2.963890144	2.2578125	55599.83391	125534
28	3.622489513	2.6953125	57942.81739	156174
28.05	3.70712048	2.73828125	52819.6291	144635
28.1	4.600025231	3.1484375	57252.84367	180257
28.15	2.218552205	1.58984375	53048.60934	84339
28.2	2.396912421	1.671875	53637.38318	89675
28.25	2.623987928	1.828125	53206.97436	97269
28.3	2.656727482	1.9375	52683.87097	102075
28.35	3.13941898	2.2265625	51560.64561	114803
28.4	3.421596443	2.5703125	45040.04863	115767
28.45	3.971481413	2.83203125	49049.9531	138911
28.5	4.410072206	3.1484375	46008.21836	144854
28.55	5.0671452	3.6328125	48344.63656	175627
28.6	5.528467406	3.96875	45833.5748	181902
28.65	6.273738467	4.52734375	45437.45988	205711
28.7	7.065876293	4.8203125	44929.03728	216572
28.75	4.084172028	2.86328125	45205.1296	129435
28.8	4.310884572	2.9921875	44931.67624	134444
28.85	5.108806973	3.52734375	42878.44075	151247
28.9	5.81626232	3.921875	45463.45817	178302
28.95	2.820499648	1.96875	41924.57143	82539
29	3.392497963	2.3984375	44368.46906	106415
29.05	3.442559227	2.51171875	40315.42146	101261
29.1	3.997133838	2.8203125	44347.92244	125075
29.15	4.395038737	2.84765625	44894.46365	127844
29.2	4.95689908	3.1875	41965.80392	133766
29.25	2.31275306	1.640625	41625.6	68292
29.3	2.502684827	1.82421875	40336.17131	73582
29.35	2.835896613	1.953125	41476.096	81008
29.4	3.275244922	2.3359375	42484.86957	99242
29.45	3.054888942	2.48046875	34884.53543	86530
29.5	3.673611528	2.51171875	41434.97356	104073
29.55	4.135046155	2.96484375	41078.05007	121790
29.6	4.859728497	3.35546875	41954.49593	140777
29.65	5.512060569	3.49609375	41351.29385	144568
29.7	2.650016162	1.921875	41443.38211	79649
29.75	3.047803694	2.2421875	38894.60627	87209
29.8	3.266679204	2.3515625	40126.93688	94361
29.85	3.793730679	2.546875	41546.60123	105814
29.9	4.517681282	3.0625	41816.81633	128064
29.95	5.106304723	3.4140625	39604.72311	135213
30	2.2480273	1.48046875	39088.97098	57870
30.05	2.555297335	1.68359375	42755.56381	71983
30.1	2.826606712	1.93359375	40029.60808	77401
30.15	3.249229939	2.1796875	41890.4086	91308
30.2	3.407259293	2.5	35360.4	88401
30.25	4.107070694	2.68359375	41410.88792	111130
30.3	4.687072101	3.12890625	39114.94632	122387
30.35	2.031047883	1.3125	38117.33333	50029
30.4	2.596941919	1.703125	36654.38532	62427
30.45	2.641065791	1.79296875	36400.52288	65265
30.5	3.010251446	2.0078125	35285.66537	70847
30.55	3.348748219	2.24609375	35723.79826	80239
30.6	3.890514269	2.68359375	37285.07715	100058
30.65	4.215237066	2.85546875	38131.74282	108884
30.7	4.915597994	3.078125	36744.4467	113104
30.75	2.490995978	1.703125	36479.41284	62129
30.8	2.744826443	1.8671875	36730.64435	68583
30.85	3.000675231	2.12109375	38175.58748	80974
30.9	3.3412775	2.4296875	40336.46302	98005
30.95	3.463039733	2.42578125	40802.52496	98978
31	3.911727901	2.7734375	42549.36338	118008
31.05	4.465224393	3.24609375	41984.92419	136287
31.1	5.121443074	3.61328125	44170.10162	159599
31.15	5.467174764	3.96875	43177.32283	171360
31.2	6.486230643	4.5234375	43419.63385	196406
31.25	3.061575205	2.40234375	42380.27967	101812
31.3	3.467543273	2.6328125	43553.42433	114668
31.35	4.101652222	3.02734375	43827.53032	132681
31.4	4.737783746	3.40625	41484.91743	141308
31.45	5.579085028	3.76171875	43623.14434	164098
31.5	2.740566051	2.03125	39877.41538	81001
31.55	3.003400736	2.21875	38248.56338	84864
31.6	3.56838362	2.62890625	38740.06538	101844
31.65	3.745859924	2.57421875	36958.78604	95140
31.7	4.531382677	2.98828125	37239.46667	111282
31.75	5.197884676	3.29296875	32532.95374	107130
31.8	2.683039016	1.8046875	34837.61039	62871
31.85	2.922054309	2.01171875	33963.99223	68326
31.9	3.137548158	2.140625	31734.18978	67931
31.95	3.689696679	2.52734375	32307.4374	81652
32	4.377112577	2.7890625	30849.43417	86041
32.05	4.741303263	3.203125	28817.79512	92307
32.1	5.433221538	3.1796875	29170.16216	92752
32.15	2.919895079	2.01171875	27331.85243	54984
32.2	3.28990146	2.18359375	27640.21467	60355
32.25	3.603167476	2.19140625	27138.28164	59471
32.3	4.048671337	2.65625	27028.32941	71794
32.35	4.748313696	2.8984375	27125.30458	78621
32.4	5.275047483	3.0078125	25225.30909	75873
32.45	2.674630148	1.65625	26199.54717	43393
32.5	3.101764411	1.98046875	25512.14201	50526
32.55	3.202563234	2.07421875	23859.58569	49490
32.6	3.732334743	2.265625	24493.02069	55492
32.65	4.495751633	2.6796875	24767.44023	66369
32.7	4.984831045	3.625	20901.24138	75767
32.75	2.431889922	1.37109375	24618.30199	33754
32.8	2.644209548	1.55078125	24471.53652	37950
32.85	3.053249028	1.91015625	23578.69939	45039
32.9	3.381679185	2.05859375	23137.63947	47631
32.95	3.709254101	2.23046875	23845.21191	53186
33	4.144437177	2.41796875	23100.38126	55856
33.05	4.83569044	2.8125	23139.2	65079
33.1	2.187184135	1.20703125	22410.35599	27050
33.15	2.513445565	1.52734375	21900.11253	33449
33.2	2.784238725	1.55078125	22373.88413	34697
33.25	3.225960082	1.921875	22004.55285	42290
33.3	3.500476972	1.82421875	21789.60171	39749
33.35	4.051570429	2.1015625	21484.96654	45152
33.4	1.858445428	1.01171875	20942.57915	21188
33.45	2.304906686	1.390625	21045.21348	29266
33.5	2.597344025	1.55078125	20598.00504	31943
33.55	2.965715749	2.2578125	19647.77855	44361
33.6	2.972056826	1.375	21242.18182	29208
33.65	3.493838476	2.1015625	21414.06691	45003
33.7	3.775586282	2.31640625	21901.59865	50733
33.75	4.339749889	2.7421875	21483.21368	58911
33.8	2.175011217	1.30078125	22727.11111	29563
33.85	2.176691751	1.41015625	22345.04155	31510
33.9	2.713044168	1.84375	23156.61017	42695
33.95	3.029872017	2.05078125	24144.45714	49515
34	3.486266677	2.25390625	27400.87348	61759
34.05	3.926117417	2.71875	28578.94253	77699
34.1	4.757062355	2.89453125	28864.08637	83548
34.15	2.149217063	1.515625	30416.49485	46100
34.2	2.252927817	1.8359375	30782.6383	56515
34.25	2.745792861	2.109375	33879.22963	71464
34.3	2.861963496	2.2421875	36702.55052	82294
34.35	3.232122552	2.40625	40096.83117	96483
34.4	3.706974655	2.82421875	42568.23237	120222
34.45	4.227344439	3.10546875	43197.66541	134149
34.5	1.921021631	1.4609375	49463.44385	72263
34.55	2.161608213	1.80859375	47990.32397	86795
34.6	2.438122925	1.94140625	52344.0161	101621
34.65	2.699280898	2.1875	52644.11429	115159
34.7	2.877286705	2.32421875	55831.23361	129764
34.75	3.265060303	2.5546875	56054.6055	143202
34.8	3.799659625	2.8984375	56716.42049	164389
34.85	4.303967155	3.2421875	57428.20241	186193
34.9	4.863619304	3.55078125	57866.13861	205470
34.95	2.371340699	1.75	58122.28571	101714
35	2.763667389	2.12109375	57575.9558	122124
35.05	2.988309423	2.3125	57570.16216	133131
35.1	3.38579772	2.6484375	58226.78466	154210
35.15	3.753451548	2.796875	59393.07263	166115
35.2	4.198071718	3.0703125	58642.56489	180051
35.25	4.992248955	3.64453125	58439.06538	212983
35.3	5.395935113	3.65234375	58091.46524	212170
35.35	2.639562453	1.91015625	55838.36401	106660
35.4	2.606213922	1.96484375	52646.42545	103442
35.45	2.907902834	2.171875	52031.53957	113006
35.5	3.3466348	2.47265625	52213.08057	129105
35.55	3.777609326	2.6328125	50652.29674	133358
35.6	4.454162573	3.03515625	49038.99099	148841
35.65	5.162581569	3.4765625	47915.72135	166582
35.7	2.301009209	1.546875	43695.19192	67591
35.75	2.612269702	1.81640625	45597.17849	82823
35.8	2.988547701	1.98828125	48642.01179	96714
35.85	3.264245504	2.265625	41722.26207	94527
35.9	3.663480044	2.4296875	42657.7492	103645
35.95	4.116358814	2.6328125	44716.81899	117731
36	4.683394285	2.984375	42162.93194	125830
36.05	5.252565797	3.3203125	40879.28471	135732
36.1	2.303901917	1.50390625	39491.15844	59391
36.15	2.580846406	1.734375	40253.11712	69814
36.2	2.748035156	1.8359375	38276.35745	70273
36.25	3.047247478	2.1015625	38323.86617	80540
36.3	3.670348582	2.3984375	36662.20195	87932
36.35	3.793129747	2.5390625	36927.80308	93762
36.4	4.555207684	2.796875	38795.44134	108506
36.45	4.987355341	3.1640625	36874.74568	116674
36.5	5.82595032	3.41796875	37155.69371	126997
36.55	2.390452807	1.54296875	38601.55949	59561
36.6	2.61363987	1.71875	37873.45455	65095
36.65	3.060928415	1.96484375	38420.35785	75490
36.7	3.33663313	2.13671875	39369.24314	84121
36.75	3.822814408	2.61328125	39883.95815	104228
36.8	4.2331936	2.78125	40728.80899	113277
36.85	4.821560259	3.2578125	39385.93765	128312
36.9	2.324445859	1.49609375	38260.30287	57241
36.95	2.520460302	1.65234375	38707.44208	63958
37	2.624136606	1.71484375	37166.65148	63735
37.05	3.042248812	2.21875	36005.85915	79888
37.1	3.47999447	2.35546875	39216.82255	92374
37.15	3.845533223	2.62890625	39073.66419	102721
37.2	4.120135035	2.8828125	34692.1626	100011
37.25	4.644948794	3.3046875	37648.03783	124415
37.3	5.425195489	3.640625	40888.03433	148858
37.35	5.930689005	4.18359375	39044.18301	163345
37.4	6.837884772	4.42578125	39504.88967	174840
37.45	3.225496723	2.3515625	38987.69435	91682
37.5	3.388100548	2.3515625	40344.66445	94873
37.55	3.855723634	2.74609375	38743.39687	106393
37.6	4.453282995	2.93359375	39511.94674	115912
37.65	5.229613438	3.52734375	39261.55482	138489
37.7	5.806732248	3.59375	37447.23478	134576
37.75	2.496614434	1.79296875	36115.5207	64754
37.8	3.119195519	2.12109375	35520.35359	75342
37.85	3.430913413	2.34375	36136.10667	84694
37.9	3.915560001	2.54296875	33782.95545	85909
37.95	4.655733508	2.8203125	34585.17452	97541
38	5.307992773	3.25	35582.15385	115642
38.05	2.353306165	1.46875	33239.82979	48821
38.1	2.677697816	1.75	35140	61495
38.15	3.021373243	2.05078125	37042.95619	75967
38.2	3.180547303	2.125	38990.58824	82855
38.25	3.691139245	2.43359375	39496.73194	96119
38.3	4.173688156	3.02734375	35694.65806	108060
38.35	4.682195212	3.26953125	40080.3632	131044
38.4	5.227040614	3.62109375	38491.96117	139383
38.45	5.810340207	4.04296875	37897.64638	153219
38.5	2.630003118	2.00390625	37478.30019	75103
38.55	2.995286039	2.1875	44846.17143	98101
38.6	3.136759634	2.40234375	43182.82927	103740
38.65	3.292816684	2.37109375	48023.40692	113868
38.7	3.698525618	2.87890625	41934.32836	120725
38.75	4.356631467	3.08203125	47999.18885	147935
38.8	4.871848522	3.5	47271.71429	165451
38.85	5.348210631	3.76953125	47644.91606	179599
38.9	2.615741549	2.01171875	46555.71262	93657
38.95	3.015889663	2.19140625	50909.31907	111563
39	3.230098801	2.4765625	50489.74132	125041
39.05	3.634124991	2.59765625	54071.81955	140460
39.1	3.826426958	2.95703125	53819.51915	159146
39.15	4.178929236	3.11328125	55312.38143	172203
39.2	4.591056548	3.5078125	57526.16481	201791
39.25	5.001191395	3.92578125	57843.77313	227082
39.3	5.329182399	4.24609375	58613.63753	248879
39.35	5.832563915	4.61328125	59975.31583	276683
39.4	6.414744632	5.15234375	60523.3298	311837
39.45	7.104720343	5.578125	60830.29692	339319
39.5	7.887948189	6.18359375	60925.73594	376740
39.55	9.075405943	6.6484375	61184.45123	406781
39.6	4.853633184	3.7578125	60222.00416	226303
39.65	5.313068568	4.08203125	59653.38947	243507
39.7	6.150228137	4.55078125	60114.95279	273570
39.75	3.147136096	2.4453125	58374.13419	142743
39.8	3.49895804	2.74609375	58663.69275	161096
39.85	3.896035797	2.953125	59783.78836	176549
39.9	4.414664579	3.203125	57195.39512	183204
39.95	5.178756594	3.69921875	58744.29567	217308
40	2.641628307	1.890625	57582.01653	108866
40.05	2.878107408	2.10546875	54966.85714	115731
40.1	3.256813096	2.3671875	56549.38614	133863
40.15	3.454964615	2.5625	53575.80488	137288
40.2	3.9171715	2.8359375	53751.88981	152437
40.25	4.214964886	3.10546875	53663.39623	166650
40.3	4.872692159	3.43359375	56801.4198	195033
40.35	5.64663711	3.77734375	55777.29059	210690
40.4	2.873533473	2.05859375	53435.02087	110001
40.45	3.155446156	2.296875	52922.77551	121557
40.5	3.509159669	2.55078125	51513.23737	131399
40.55	3.863935265	2.8046875	52406.90808	146985
40.6	4.262192223	3.08984375	51798.41214	160049
40.65	4.950010632	3.46484375	52375.52198	181473
40.7	5.500756549	3.984375	51762.94902	206243
40.75	6.233450218	4.30078125	51690.37602	222309
40.8	2.995497236	2.10546875	53342.04082	112310
40.85	3.334372482	2.5234375	52217.26316	131767
40.9	3.593399285	2.75390625	50209.77021	138273
40.95	3.970044659	2.953125	53954.70899	159335
41	4.547846059	3.20703125	53386.4458	171212
41.05	5.190027438	3.796875	51861.59671	196912
41.1	5.720037448	3.97265625	53188.84562	211301
41.15	2.71459077	2.04296875	54711.06692	111773
41.2	2.918957936	2.28125	55155.28767	125823
41.25	3.390563481	2.51171875	57106.71229	143436
41.3	3.712848247	2.8046875	56381.68245	158133
41.35	4.049644129	3.03515625	53953.07079	163756
41.4	4.693053327	3.1796875	54522.02457	173363
41.45	5.302068021	3.828125	48912.19592	187242
41.5	2.811762695	2.1484375	50543.70909	108590
41.55	3.162306143	2.31640625	50025.33558	115879
41.6	3.495742046	2.4453125	50334.26198	123083
41.65	3.881328184	2.8125	47884.08889	134674
41.7	4.243543563	3.109375	45248.96482	140696
41.75	4.942424046	3.5	46877.42857	164071
41.8	5.662518487	3.71875	46839.39496	174184
41.85	2.360398673	1.89453125	40658.07835	77028
41.9	2.855552296	2.171875	45946.93525	99791
41.95	2.975707978	2.6328125	39844.46291	104903
42	3.508610356	2.671875	45817.26316	122418
42.05	4.106228616	3.05859375	45494.43678	139149
42.1	4.797601751	3.3671875	45055.10905	151709
42.15	5.417142483	3.52734375	44371.63234	156514
42.2	2.665366325	1.828125	42611.4188	77899
42.25	3.035065027	2.265625	41889.10345	94905
42.3	3.212276344	2.35546875	38276.03317	90158
42.35	3.876451426	2.68359375	42637.9738	114423
42.4	4.521380393	3.046875	41285.90769	125793
42.45	5.264151466	3.4765625	39521.51011	137399
42.5	2.395500601	1.71875	39221.52727	67412
42.55	2.744980401	2.01171875	38823.51845	78102
42.6	3.110720088	2.3359375	35884.09365	83823
42.65	3.599253334	2.546875	40457.81595	103041
42.7	3.719199276	2.76953125	35544.28209	98441
42.75	4.472984035	2.9453125	39589.00796	116602
42.8	5.131743943	3.31640625	38845.06007	128826
42.85	2.582827112	1.80078125	36998.38612	66626
42.9	2.800959907	1.94921875	38658.0521	75353
42.95	3.218201641	2.375	36700.63158	87164
43	3.567242114	2.4765625	39309.32492	97352
43.05	4.065620413	2.9375	35037.95745	102924
43.1	4.686347383	2.84375	40175.82418	114250
43.15	2.358654199	1.62890625	36197.90887	58963
43.2	2.59000394	1.859375	36185.81513	67283
43.25	3.06341882	2.03515625	37662.46449	76649
43.3	3.211785377	2.390625	35828.28758	85652
43.35	3.655321434	2.546875	40788.02454	103882
43.4	4.02071817	2.828125	39049.54696	110437
43.45	4.824230059	3.12890625	42618.40699	133349
43.5	2.239724304	1.5390625	42039.22843	64701
43.55	2.504646891	1.8671875	39533.25523	73816
43.6	2.783630385	2.17578125	39583.48294	86125
43.65	3.267063552	2.30078125	44148.48217	101576
43.7	3.495645576	2.4921875	44067.7116	109825
43.75	4.046391319	2.87109375	44382.38912	127426
43.8	4.496966333	3.07421875	42725.65184	131348
43.85	5.302441419	3.51171875	43794.22469	153793
43.9	2.625536104	1.859375	40879.32773	76010
43.95	2.832993145	2.16015625	39278.17722	84847
44	3.122105053	2.16015625	40130.89331	86689
44.05	3.487431058	2.5703125	40257.3617	103474
44.1	3.866623823	2.78125	41381.03371	115091
44.15	4.266271089	3.171875	38992.07882	123678
44.2	5.017812874	3.7890625	38605.06392	146277
44.25	5.822668337	3.7890625	44139.41443	167247
44.3	3.135858237	2.08984375	42577.34579	88980
44.35	3.480382631	2.52734375	41519.87635	104935
44.4	3.735462335	2.78515625	36611.94951	101970
44.45	4.273368948	2.94921875	41005.09669	120933
44.5	4.897106629	3.1796875	38366.34889	121993
44.55	5.638546017	3.63671875	36319.00322	132082
44.6	2.561593801	1.84375	34258.44068	63164
44.65	2.88711432	2.09375	33506.86567	70155
44.7	3.307491658	2.2421875	35624.13937	79876
44.75	3.728373909	2.6171875	35318.44776	92435
44.8	4.151676498	2.76171875	35578.93069	98259
44.85	4.70004863	3.24609375	37607.66306	122078
44.9	5.211976182	3.3359375	35706.90398	119116
44.95	5.961195015	3.98046875	36457.01276	145116
45	2.926664869	2.05859375	36081.91271	74278
45.05	3.44031486	2.265625	36577.98621	82872
45.1	3.295447082	2.24609375	33511.06783	75269
45.15	4.164364651	2.765625	36388.88136	100638
45.2	4.501982543	3.01171875	36145.80545	108861
45.25	5.101256403	3.44921875	30274.10193	104422
45.3	5.76089545	3.82421875	33119.44433	126656
45.35	6.941293377	4.07421875	34555.09108	140785
45.4	3.831838168	2.53515625	34937.49153	88572
45.45	4.227438517	2.63671875	32484.69333	85653
45.5	4.648171297	2.87109375	32396.01633	93012
45.55	5.468080618	3.4921875	34826.88143	121622
45.6	6.014620096	3.921875	33704.79681	132186
45.65	6.871097246	4.34765625	34484.32704	149926
45.7	3.304161271	2.21875	34372.95775	76265
45.75	3.705610369	2.44921875	33218.75598	81360
45.8	3.904831657	2.75390625	32877.29929	90541
45.85	4.544322176	3.125	33731.52	105411
45.9	4.959283467	3.359375	35138.08372	118042
45.95	5.334167677	3.69921875	33475.17635	123832
46	6.041672134	3.9453125	34782.79604	137229
46.05	6.385998504	4.08984375	31737.39828	129801
46.1	3.179068272	2.19921875	30738.64298	67601
46.15	3.337532535	2.26953125	31547.92427	71599
46.2	3.438906893	2.14453125	30992.32058	66464
46.25	4.47340049	2.984375	32811.22513	97921
46.3	4.625673536	3.0859375	28572.84051	88174
46.35	5.489432642	3.734375	31286.09205	116834
46.4	6.19187324	4.05078125	30187.26326	122282
46.45	6.829315736	4.5	29746	133857
46.5	7.823073639	5.03125	31020.52174	156072
46.55	3.873629936	2.58203125	30758.34191	79419
46.6	4.300641993	2.91015625	29352.03221	85419
46.65	4.819193467	3.13671875	32515.82565	101993
46.7	5.450363465	3.69140625	32503.33122	119983
46.75	6.594483995	4.41796875	32531.91866	143725
46.8	7.309221295	4.734375	31873.90099	150903
46.85	3.940284571	2.4609375	33705.04127	82946
46.9	3.911258603	2.8125	29122.13333	81906
46.95	4.931417246	3.265625	33499.25359	109396
47	5.167031862	3.24609375	31611.53309	102614
47.05	5.556575433	3.62890625	31639.00969	114815
47.1	6.343791974	4.07421875	31335.33269	127667
47.15	3.418458261	2.046875	31603.78626	64689
47.2	3.372534793	2.17578125	29201.00539	63535
47.25	4.237903066	2.6484375	31633.74631	83780
47.3	4.815844871	3.0703125	30867.54198	94773
47.35	5.220594826	3.15234375	29450.78563	92839
47.4	2.893235814	1.6484375	29182.18009	48105
47.45	2.304559728	1.296875	27933.3012	36226
47.5	3.0647043	1.6484375	27749.30806	45743
47.55	3.418107169	2.015625	27552.74419	55536
47.6	4.20353732	2.52734375	28133.09428	71102
47.65	5.098885157	3.01953125	29592.6727	89356
47.7	5.473726282	3.40234375	29498.48909	100364
47.75	2.880864538	1.71875	28900.07273	49672
47.8	2.882625441	1.8984375	31899.39095	60559
47.85	3.210190624	2.12109375	33372.87661	70787
47.9	3.752554533	2.41796875	35969.4475	86973
47.95	4.233830324	2.890625	34397.05946	99429
48	4.763719997	3.1796875	35119.80344	111670
48.05	5.348786718	3.55859375	35128.48299	125008
48.1	5.829263571	3.54296875	38038.72106	134770
48.15	2.847705685	2.0234375	32299.98456	65357
48.2	3.269290241	2.1328125	38084.92308	81228
48.25	3.670922939	2.46484375	37295.26466	91927
48.3	4.015651982	2.71484375	38517.50216	104569
48.35	4.454777995	3.1640625	38687.92099	122411
48.4	5.010657613	3.484375	39839.28251	138815
48.45	5.529088299	3.671875	42895.5234	157507
48.5	6.308445635	3.7421875	46537.75365	174153
48.55	3.107715851	2.30078125	48087.14431	110638
48.6	3.31308061	2.3515625	49746.49834	116982
48.65	3.62223863	2.67578125	51225.41314	137068
48.7	4.083702528	2.74609375	54888.87624	150730
48.75	4.525209002	3.18359375	53807.11656	171300
48.8	5.037349863	3.5859375	53168.80174	190660
48.85	5.804612588	3.77734375	57183.83454	216003
48.9	2.567763313	1.93359375	55804.89697	107904
48.95	2.811685134	2.203125	56589.16312	124673
49	3.183439903	2.296875	58364.08163	134055
49.05	3.546687496	2.61328125	59263.80867	154873
49.1	3.875077565	2.7421875	58450.41595	160282
49.15	4.375568907	3.08984375	58789.70417	181651
49.2	4.868363555	3.56640625	49210.8828	175506
49.25	5.612937065	3.6875	55303.86441	203933
49.3	2.762533854	2.08203125	50206.25891	104531
49.35	3.243694514	2.42578125	50081.18519	121486
49.4	3.67423541	2.53515625	52416.09861	132883
49.45	4.098241111	2.8671875	48240.30518	138314
49.5	4.539678731	2.9375	53259.57447	156450
49.55	5.294483956	3.79296875	48383.47271	183517
49.6	6.060839427	4.19921875	44983.84372	188897
49.65	2.945767871	2.1015625	51296.5948	107803
49.7	3.109602596	2.20703125	52216.29735	115243
49.75	3.514524322	2.68359375	48258.42213	129506
49.8	3.813094274	2.75390625	48439.55745	133398
49.85	4.385570676	3.265625	47951.92344	156593
49.9	5.041058564	3.30078125	51961.63787	171514
49.95	2.42862	1.77734375	47428.07912	84296
50	2.845375886	1.9375	50518.70968	97880
50.05	2.995093753	2.26171875	47628.37997	107722
50.1	3.335162755	2.38671875	52006.12766	124124
50.15	3.655889122	2.78515625	48763.87097	135815
50.2	4.251757301	2.88671875	53916.92558	155643
50.25	4.811710276	3.328125	52786.1784	175679
50.3	2.429978076	1.765625	49777.27434	87888
50.35	2.618262661	1.99609375	47153.59687	94123
50.4	3.08489797	2.10546875	52690.40445	110938
50.45	3.066387725	2.41796875	45142.43619	109153
50.5	3.678303559	2.7421875	51775.81766	141979
50.55	3.915162904	2.87109375	50234.86259	144229
50.6	4.522541235	3.390625	50130.58065	169974
50.65	5.457510732	3.67578125	54062.79277	198723
50.7	2.627140248	1.921875	55691.96748	107033
50.75	2.924527958	2.21484375	53907.18871	119396
50.8	3.116252946	2.29296875	54915.27087	125919
50.85	3.277464351	2.47265625	55078.82464	136191
50.9	3.668277609	2.73046875	55393.41917	151250
50.95	4.215970743	3.1484375	54903.1067	172859
51	4.846088649	3.53515625	55101.10055	194791
51.05	5.521890466	3.921875	56449.52988	221388
51.1	2.575760398	2.01953125	57768.85106	116666
51.15	2.755635545	2.26953125	57252.79174	129937
51.2	2.979642955	2.40625	57922.49351	139376
51.25	3.385412323	2.67578125	58268.21606	155913
51.3	3.801650063	2.92578125	58085.68224	169946
51.35	4.366877453	3.3671875	57371.61949	193181
51.4	4.797399797	3.82421875	51075.79162	195325
51.45	5.507255581	4	56755	227020
51.5	2.208394215	1.73046875	57208.19865	98997
51.55	2.375012719	1.8828125	56741.17842	106833
51.6	2.658172687	2.1484375	54682.53091	117482
51.65	3.036141119	2.375	56735.57895	134747
51.7	3.296271794	2.69921875	51478.96961	138953
51.75	3.931773115	2.87109375	56941.36599	163484
51.8	1.679860101	1.41796875	54805.15702	77712
51.85	1.854212329	1.5703125	55408.71642	87009
51.9	2.126449792	1.7734375	55984.49339	99285
51.95	2.316896277	2.01171875	55848.26408	112351
52	2.529774336	2.3046875	54690.27797	126044
52.05	2.861175483	2.41015625	57680.90762	139020
52.1	3.175930406	2.62890625	57383.94056	150857
52.15	3.467627438	2.8359375	56621.84022	160576
52.2	3.864676538	3.3125	51007.69811	168963
52.25	4.511183928	3.5390625	57664.14128	204077
52.3	5.014313035	3.796875	56613.92593	214956
52.35	2.562957717	2.06640625	57009.60302	117805
52.4	2.91482714	2.33203125	57457.63484	133993
52.45	3.141816996	2.51953125	58052.46512	146265
52.5	3.63229659	2.86328125	57739.00136	165323
52.55	4.008834571	3.05078125	57867.47247	176541
52.6	4.568990154	3.59375	58322.92174	209598
52.65	5.308328468	4.12890625	59599.07663	246079
52.7	6.244166751	4.45703125	59775.43909	266421
52.75	3.194074761	2.390625	58567.94771	140014
52.8	3.455344778	2.53515625	58295.42065	147788
52.85	3.795003191	2.8984375	57737.66038	167349
52.9	4.217456254	3.078125	57605.19797	177316
52.95	4.848041007	3.47265625	59415.32508	206329
53	5.58543503	3.81640625	56401.22825	215250
53.05	2.880143675	2.1953125	50850.1637	111632
53.1	3.194106993	2.23046875	54258.99825	121023
53.15	3.61622659	2.4453125	55456.30671	135608
53.2	3.979202502	2.6953125	56813.07826	153129
53.25	4.534512913	3.13671875	51518.16687	161598
53.3	5.068257217	3.37109375	52330.79027	176412
53.35	5.774993498	3.83203125	46215.43731	177099
53.4	2.825867116	1.99609375	47737.73777	95289
53.45	3.139884161	2.33984375	46651.40568	109157
53.5	3.601885016	2.515625	46753.3913	117614
53.55	4.00812009	2.8203125	47655.71191	134404
53.6	4.574814832	3.04296875	49243.35815	149846
53.65	5.087568277	3.32421875	53339.75088	177313
53.7	2.573576645	1.8125	51050.48276	92529
53.75	2.803223623	1.97265625	52714.70891	103988
53.8	2.953164033	2.1328125	46675.92674	99551
53.85	3.495562145	2.49609375	49107.12989	122576
53.9	3.77818783	2.6015625	52515.36336	136622
53.95	4.29426209	2.88671875	49949.4452	144190
54	4.868657094	3.26171875	50029.14491	163181
54.05	5.46745476	3.58984375	47788.70947	171554
54.1	2.287987786	1.66796875	46897.76112	78224
54.15	2.52745128	1.74609375	47419.56152	82799
54.2	2.736092845	1.9921875	46278.27451	92195
54.25	2.986061522	2.25390625	44750.30849	100863
54.3	3.507491033	2.4765625	47095.5205	116635
54.35	3.86737038	2.796875	44080.26816	123287
54.4	4.31312689	2.98828125	41730.00784	124701
54.45	5.212867049	3.4609375	42841.28217	148271
54.5	2.098434437	1.515625	40499.46392	61382
54.55	2.330675758	1.82421875	38006.95503	69333
54.6	2.727066411	2.09375	38584.83582	80787
54.65	3.161320766	2.3203125	40788.90236	94643
54.7	3.758789896	2.6015625	43202.4985	112394
54.75	4.095490751	2.90625	40313.80645	117162
54.8	4.96020038	3.35546875	43886.26775	147259
54.85	2.533161146	1.73828125	33698.80449	58578
54.9	2.528227731	1.80859375	36338.17711	65721
54.95	2.751934456	2.03125	35481.6	72072
55	3.153274067	2.3515625	35828.94352	84254
55.05	3.599465	2.453125	35111.13376	86132
55.1	3.800947629	2.48828125	36760.31397	91470
55.15	4.391591679	2.84765625	35392.96571	100787
55.2	1.617012084	0.94140625	29151.07054	27443
55.25	2.111112809	1.24609375	30972.78997	38595
55.3	2.582323873	1.67578125	31662.84382	53060
55.35	2.984927829	1.88671875	33280.53002	62791
55.4	3.387823279	2.1640625	37433.29964	81008
55.45	3.798998888	2.06640625	32646.04915	67460
55.5	4.580731232	2.48046875	36392.31496	90270
55.55	1.777616058	1.03515625	30637.88679	31715
55.6	2.038850774	1.328125	35046.4	46546
55.65	2.379048735	1.56640625	36446.48379	57090
55.7	2.540056064	1.56640625	36374.34414	56977
55.75	3.105936702	1.96484375	33084.05567	65005
55.8	3.298998265	2.06640625	34919.0775	72157
55.85	3.388355749	2.09765625	32795.64991	68794
55.9	3.773922408	2.34765625	33345.59734	78284
55.95	2.014707528	1.265625	36724.14815	46479
56	1.969955511	1.34765625	33497.41449	45143
56.05	2.37943187	1.44921875	32422.2965	46987
56.1	2.597335875	1.6953125	32955.57604	55870
56.15	2.59939608	1.6328125	30797.16746	50286
56.2	3.135592633	2.01953125	35717.69439	72133
56.25	3.339554009	2.25	38772	87237
56.3	3.356348962	2.25	33386.66667	75120
56.35	3.963839658	2.6953125	37245.03188	100387
56.4	4.314155239	2.78515625	39699.3885	110569
56.45	4.978850798	3.24609375	37151.11432	120596
56.5	2.533024987	1.65234375	39103.8487	64613
56.55	2.835450625	1.90625	39774.95082	75821
56.6	2.83176778	1.9765625	39185.20158	77452
56.65	3.285008014	2.30859375	38209.40778	88210
56.7	3.785101788	2.5078125	39953.54517	100196
56.75	4.354483238	2.83984375	38606.34938	109636
56.8	5.068835915	3.05859375	40941.03704	125222
56.85	2.344761705	1.6015625	38953.20976	62386
56.9	2.588997985	1.84765625	37963.23044	70143
56.95	2.53022858	1.83984375	34980.14437	64358
57	3.186255565	2.28125	39671.67123	90501
57.05	3.502545222	2.35546875	41126.42123	96872
57.1	3.663075834	2.484375	39875.62264	99066
57.15	4.084727169	2.90234375	37321.90579	108321
57.2	4.553725193	3.1640625	36160.15802	114413
57.25	4.953955962	3.7265625	34470.10482	128455
57.3	5.833758692	3.9375	35639.11111	140329
57.35	3.102003912	2.2578125	32764.01384	73975
57.4	3.505957522	2.42578125	36434.8599	88383
57.45	4.034298274	2.75390625	41104.15887	113197
57.5	4.473275431	3.03125	41634.63918	126205
57.55	5.114174893	3.609375	40562.14719	146404
57.6	5.787473957	3.83984375	40994.89725	157414
57.65	2.876120104	2.16796875	36585.3982	79316
57.7	3.095528879	2.44921875	33968.38278	83196
57.75	3.796804962	2.55859375	43650.54046	111684
57.8	4.203927983	2.8125	43796.26667	123177
57.85	4.717346777	3.41796875	38037.79657	130012
57.9	5.080289059	3.76953125	34587.32435	130378
57.95	6.451030569	4.18359375	40883.27171	171039
58	2.948378055	2.0390625	38617.74713	78744
58.05	3.086911317	2.296875	35871.78231	82393
58.1	3.466816286	2.37890625	39337.40558	93580
58.15	3.88905017	2.6015625	39189.14114	101953
58.2	4.51625107	3.015625	36405.72021	109786
58.25	5.233258217	3.28515625	37465.79786	123081
58.3	2.396695807	1.734375	34216.36036	59344
58.35	2.53149742	1.88671875	34176.79503	64482
58.4	2.666929463	2.03515625	32133.65067	65397
58.45	3.215951934	2.40234375	37028.0065	88954
58.5	3.751330763	2.73828125	35858.99001	98192
58.55	4.206067479	3.04296875	39920.55456	121477
58.6	4.759713953	3.47265625	35173.07537	122144
58.65	5.34857571	3.90234375	38705.2012	151041
58.7	2.539966908	2.1015625	37721.93309	79275
58.75	2.817385733	2.19921875	43461.79751	95582
58.8	3.020104152	2.5703125	41859.11246	107591
58.85	3.385553892	2.68359375	42449.04803	113916
58.9	3.983218637	3.25390625	41996.29292	136652
58.95	4.577547734	3.3515625	49371.59907	165472
59	5.2770464	3.703125	45815.08861	169659
59.05	2.286898786	2.125	45555.29412	96805
59.1	2.66074765	2.421875	46179.50968	111841
59.15	2.879647575	2.5390625	47540.38154	120708
59.2	3.404908004	2.68359375	52029.85735	139627
59.25	3.988892235	3.03515625	55141.14801	167362
59.3	4.595359078	3.7421875	45281.53653	169452
59.35	5.393220319	3.74609375	51079.60792	191349
59.4	2.593231706	2	54234	108468
59.45	2.798684249	2.48046875	46159.42047	114497
59.5	3.140832865	2.515625	48393.54037	121740
59.55	3.682787688	2.96875	46682.94737	138590
59.6	4.281867359	3.22265625	46395.26788	149516
59.65	4.96763454	3.66796875	50107.56976	183793
59.7	2.485303303	1.96875	41060.06349	80837
59.75	2.609686052	2.19921875	41664.34103	91629
59.8	3.040714264	2.38671875	42424.7725	101256
59.85	3.446314236	2.5234375	48683.59133	122850
59.9	3.83711464	2.77734375	41879.58368	116314
59.95	4.469535328	3.5234375	39820.4878	140305
60	5.156757974	3.7265625	41006.42348	152813
60.05	2.455299466	1.98828125	40755.80354	81034
60.1	2.721033518	2.1796875	40770.5233	88867
60.15	3.245095776	2.3125	46457.08108	107432
60.2	3.509585154	2.640625	38734.76923	102284
60.25	3.972198119	3.16015625	36637.42892	115780
60.3	4.939162875	3.26171875	45252.52216	147601
60.35	2.388843947	1.6171875	44903.2657	72617
60.4	2.761595664	2.01171875	41810.5165	84111
60.45	3.015290953	2.1953125	44206.46263	97047
60.5	3.515829279	2.578125	35372.99394	91196
60.55	3.938259486	2.671875	40107.04094	107161
60.6	4.613812808	3.0390625	38236.46272	116203
60.65	2.19321395	1.5546875	39229.10553	60989
60.7	2.558168445	1.78125	40069.61404	71374
60.75	2.777562385	1.95703125	37798.57884	73973
60.8	3.121508028	2.2734375	33692.59107	76598
60.85	3.604527522	2.3671875	39929.66337	94521
60.9	4.027882987	2.75	36714.90909	100966
60.95	4.332174144	2.953125	36992.33862	109243
61	4.809819508	3.4296875	33042.95216	113327
61.05	2.36144531	1.5625	34739.84	54281
61.1	2.698814224	1.94140625	33886.26157	65787
61.15	2.882381223	1.95703125	39211.94411	76739
61.2	3.097033184	2.20703125	33551.85841	74050
61.25	3.695131968	2.46875	36685.77215	90568
61.3	4.062807883	2.78125	42767.82022	118948
61.35	4.683496748	3.0546875	44840.92072	136975
61.4	5.105956357	3.62109375	37061.73031	134204
61.45	2.473876445	1.5546875	44006.27136	68416
61.5	2.485213123	1.9296875	37247.48178	71876
61.55	2.774839036	1.9296875	46699.78947	90116
61.6	3.052466786	2.203125	40964.08511	90249
61.65	3.668288571	2.40234375	37633.66504	90409
61.7	1.805999133	1.16796875	39058.40803	45619
61.75	1.870999065	1.25	49184	61480
61.8	1.991569199	1.359375	43170.57471	58685
61.85	2.277139895	1.59765625	39877.78973	63711
61.9	2.526380157	1.78125	43816.42105	78048
61.95	2.92232685	2.00390625	47508.70955	95203
62	3.162624536	2.21875	48622.42254	107881
62.05	3.64064738	2.51953125	49463.16899	124624
62.1	4.085217913	2.671875	50923.4152	136061
62.15	4.745176659	3.484375	37444.01794	130469
62.2	1.872274648	1.27734375	51552.29358	65850
62.25	2.361550252	1.73828125	47720.12584	82951
62.3	2.38130393	1.67578125	52675.7296	88273
62.35	2.693482309	2.1484375	45353.42545	97439
62.4	2.872433649	2.42578125	42815.4847	103861
62.45	3.18336903	2.33203125	51228.73032	119467
62.5	3.578611364	2.515625	51345.8882	129167
62.55	3.94346404	2.921875	44799.31551	130898
62.6	4.721402697	3.4296875	40990.90661	140586
62.65	2.141875425	1.65625	39284.5283	65065
62.7	2.208891236	1.82421875	38797.43041	70775
62.75	2.663334604	1.9609375	47933.19522	93994
62.8	2.905010741	1.9921875	49931.5451	99473
62.85	3.142345298	2.3828125	42501.45574	101273
62.9	3.568665058	2.7265625	40909.75358	111543
62.95	3.975118156	3.08203125	40910.35741	126087
63	4.550351648	3.3515625	41105.00699	137766
63.05	2.208934015	1.55859375	40827.18797	63633
63.1	2.377125745	1.75390625	40299.18931	70681
63.15	2.554119743	2	41182.5	82365
63.2	2.877304611	2.15234375	43612.45735	93869
63.25	3.332885525	2.34375	48907.09333	114626
63.3	3.419056668	2.50390625	39639.26365	99253
63.35	4.253574525	2.84765625	46518.95748	132470
63.4	4.99223832	3.20703125	48406.13886	155240
63.45	2.300669994	1.6796875	41274.34419	69328
63.5	2.702292111	1.875	46958.93333	88048
63.55	2.997956279	2.1015625	46846.09665	98450
63.6	3.135979533	2.27734375	42197.84563	96099
63.65	3.404431444	2.5703125	41122.62614	105698
63.7	3.835721999	2.69921875	42398.19392	114442
63.75	4.472364808	3.1953125	41858.19071	133750
63.8	5.0618504	3.4140625	47104.87872	160819
63.85	2.308065922	1.7890625	40225.53712	71966
63.9	2.836824451	1.96875	48096.50794	94690
63.95	2.87134059	2.06640625	43453.21739	89792
64	3.193638066	2.33203125	44269.98995	103239
64.05	3.726441899	2.515625	46005.6646	115733
64.1	4.383312748	2.8984375	50878.44744	147468
64.15	4.852299928	3.35546875	48889.74156	164048
64.2	5.56128198	3.75	52302.13333	196133
64.25	2.49306515	1.87890625	44963.92516	84483
64.3	2.972775199	2.08203125	53099.10694	110554
64.35	3.321761589	2.26953125	53227.29088	120801
64.4	3.724361009	2.5390625	52129.08308	132359
64.45	4.31796419	2.8125	56023.11111	157565
64.5	4.879111207	3.2578125	51960.01918	169276
64.55	2.462605911	1.76171875	51383.91131	90524
64.6	2.885206405	2.078125	53570.40602	111326
64.65	3.155331076	2.24609375	51881.18261	116530
64.7	3.533782823	2.4609375	54219.1746	133430
64.75	3.936015325	2.9921875	47347.30026	141672
64.8	4.495023926	3.2265625	54925.01695	177219
64.85	5.060856198	3.71484375	48839.73922	181432
64.9	2.419380129	1.76953125	46334.86976	81991
64.95	2.748467897	2.11328125	48057.96673	101560
65	2.901410537	2.328125	47591.51678	110799
65.05	3.278948578	2.38671875	49901.56465	119101
65.1	3.80024	2.734375	46469.85143	127066
65.15	4.507399826	3.19140625	52190.7858	166562
65.2	5.084586703	3.22265625	48677.85697	156872
65.25	2.475112219	1.82421875	45644.197	83265
65.3	2.742615372	2.04296875	45242.00382	92428
65.35	3.115903518	2.30078125	48828.19694	112343
65.4	3.255519525	2.33203125	44219.8191	103122
65.45	4.01642098	2.84375	49594.72527	141035
65.5	4.379536661	3.14453125	44893.17764	141168
65.55	5.157348132	3.3203125	51704.47059	171675
65.6	2.500325016	1.78515625	52165.74179	93124
65.65	2.719045711	2.04296875	47351.18929	96737
65.7	2.959858992	2.16796875	52585.16757	114003
65.75	3.281843366	2.40625	51405.2987	123694
65.8	3.605669302	2.5625	52913.17073	135590
65.85	4.013769711	2.69921875	57589.99711	155448
65.9	4.607761357	3.08203125	56612.66413	174482
65.95	1.912323806	1.6953125	42506.61751	72062
66	2.333338131	1.703125	57501.94495	97933
66.05	2.469363155	1.8671875	55743.19665	104083
66.1	2.676855969	2.0078125	58518.41245	117494
66.15	3.031915693	2.2421875	59644.43206	133734
66.2	3.257876383	2.515625	58886.36025	148136
66.25	3.375049772	2.78125	57494.29213	159906
66.3	3.751689046	2.93359375	57528.41545	168765
66.35	4.397066459	3.55078125	55491.73157	197039
66.4	4.858636961	3.9375	52499.55556	206717
66.45	2.326425582	1.75	60712	106246
66.5	2.411784169	1.921875	59783.80488	114897
66.55	2.482863252	2.1796875	57252.70251	124793
66.6	2.852843659	2.25	60974.22222	137192
66.65	2.905699765	2.5625	56998.2439	146058
66.7	3.333322611	2.6640625	60647.60117	161569
66.75	3.563822707	2.93359375	56473.39547	165670
66.8	4.080819615	3.16015625	58181.93325	183864
66.85	4.697953511	3.4375	58306.03636	200427
66.9	5.296909036	3.875	59215.22581	229459
66.95	2.494694909	2.05859375	58015.33207	119430
67	2.640274811	2.171875	57159.36691	124143
67.05	3.020506197	2.40234375	58326.79024	140121
67.1	3.372344948	2.75	57749.81818	158812
67.15	3.810859892	2.99609375	57371.0352	171889
67.2	4.373534412	3.3671875	57896.68677	194949
67.25	4.954380023	3.73046875	56836.28901	212026
67.3	5.847837481	4.01953125	58646.39067	235731
67.35	2.481768194	2.234375	52618.74126	117570
67.4	2.97687388	2.40625	58716.67532	141287
67.45	3.079517884	2.7265625	52330.72779	142683
67.5	3.535196328	2.859375	59551.12568	170279
67.55	4.258954129	3.2578125	58673.11271	191146
67.6	4.977542354	3.71875	59456	221102
67.65	2.307729369	1.92578125	52142.99391	100416
67.7	2.548298729	2.28125	50477.58904	115152
67.75	2.910151139	2.33984375	52278.70451	122324
67.8	3.287631425	2.57421875	56949.70561	146601
67.85	3.802016971	2.89453125	56593.96491	163813
67.9	4.407563538	3.671875	44524.93617	163490
67.95	5.342990452	3.453125	52671.13122	181880
68	2.277052501	1.91015625	52458.53579	100204
68.05	2.58012658	2.11328125	49968.26617	105597
68.1	2.877026504	2.32421875	48477.79496	112673
68.15	3.279499839	2.5703125	48239.27052	123990
68.2	3.788037403	2.8203125	48426.19391	136577
68.25	4.354176902	3.26953125	50815.54122	166143
68.3	4.944647864	3.74609375	44079.24922	165125
68.35	2.433196659	1.8828125	42172.0166	79402
68.4	2.617941147	2.0703125	44445.46415	92016
68.45	2.931738038	2.2265625	47301.16491	105319
68.5	3.229386708	2.44921875	50629.61404	124003
68.55	3.743947791	2.84765625	46406.93553	132151
68.6	4.278792874	3.12109375	49568.84105	154709
68.65	4.892669964	3.76953125	40736.63005	153558
68.7	5.579134156	3.79296875	46709.32235	177167
68.75	2.568340035	2.01171875	42313.07184	85122
68.8	2.863176813	2.17578125	46492.72531	101158
68.85	3.241401167	2.515625	43033.83851	108257
68.9	3.772233704	2.84375	40538.02198	115280
68.95	4.276212493	3.12109375	43375.49937	135379
69	4.852288587	3.6015625	44342.69848	159703
69.05	5.210104346	3.80078125	41062.87359	156071
69.1	6.135883876	4.09765625	39342.97807	161214
69.15	2.800788214	2.1875	39623.77143	86677
69.2	3.264201977	2.546875	37770.20859	96196
69.25	3.497827319	2.609375	37365.26946	97500
69.3	4.164474011	2.94921875	37012.51391	109158
69.35	4.750587294	3.4296875	36520.82005	125255
69.4	5.373620029	3.5859375	35612.16558	127703
69.45	2.376978383	1.796875	34481.53043	61959
69.5	2.824082019	2.02734375	32096.18497	65070
69.55	3.392794753	2.63671875	31498.99852	83054
69.6	3.821215774	2.73828125	35177.90585	96327
69.65	4.185768449	2.97265625	30141.3929	89600
69.7	4.949298206	3.55859375	32951.21844	117260
69.75	5.653415348	4.1640625	30928.93058	128790
69.8	6.613553646	4.4140625	29756.0354	131345
69.85	3.46382936	2.44140625	29599.3344	72264
69.9	3.8610461	2.40234375	30687.11545	73721
69.95	4.473159969	3.0625	27113.79592	83036
70	4.907524911	3.125	29935.04	93547
70.05	5.585270714	3.61328125	28994.97514	104767
70.1	2.801388681	1.6171875	25888.15459	41866
70.15	3.217058927	1.9375	25500.3871	49407
70.2	3.251044202	2	24018	48036
70.25	3.67843219	2.20703125	24185.88319	53379
70.3	3.972077898	1.9453125	22495.61446	43761
70.35	2.102977157	1.12109375	21727.8885	24359
70.4	2.290797041	1.15625	21682.16216	25070
70.45	2.40109393	1.26953125	21500.84923	27296
70.5	2.731789178	1.453125	20943.13978	30433
70.55	3.067634801	1.4140625	20566.98343	29083
70.6	3.555530128	1.8125	19956.96552	36172
70.65	4.365706311	2.87890625	17326.02442	49880
70.7	5.450293535	3.75	17638.13333	66143
70.75	2.67262501	1.859375	16651.83193	30962
70.8	2.980112808	1.88671875	18937.10973	35729
70.85	3.388120399	2.5625	17324.09756	44393
70.9	3.600395241	2.62890625	18084.70728	47543
70.95	3.909617722	2.578125	18912.9697	48760
71	4.63936641	3.2734375	17840.57279	58400
71.05	5.346454669	3.671875	18821.99149	69112
71.1	2.526302275	1.8828125	18926.47303	35635
71.15	3.018929091	2.18359375	17982.74061	39267
71.2	3.221380918	2.4765625	17405.1735	43105
71.25	3.721220235	2.67578125	19577.83358	52386
71.3	4.03733286	3.0078125	20188.09351	60722
71.35	4.617090349	3.484375	21104.78924	73537
71.4	5.09555307	3.7265625	20973.75262	78160
71.45	5.313860777	3.76171875	19664.6812	73973
71.5	6.605849923	4.328125	21531.49458	93191
71.55	2.989035076	2.24609375	19612.71652	44052
71.6	3.872834489	2.76953125	21326.35261	59064
71.65	4.062010917	2.9453125	21484.98674	63280
71.7	4.311043796	3.046875	22127.91795	67421
71.75	5.078136896	3.640625	22159.93133	80676
71.8	2.592660503	1.81640625	23667.06237	42989
71.85	2.903688885	2.25390625	22022.21144	49636
71.9	3.188636517	2.41796875	24965.16963	60365
71.95	3.525309804	2.71875	22574.34483	61374
72	3.742184609	2.7421875	27335.47578	74959
72.05	4.351978012	3.4140625	25405.5103	86736
72.1	4.822809423	3.578125	28103.26638	100557
72.15	5.375482111	3.78515625	28487.85965	107831
72.2	2.672159662	1.9921875	30726.02353	61212
72.25	2.871626336	2.16015625	31971.29837	69063
72.3	3.111578892	2.44140625	31906.2016	77896
72.35	3.499832869	2.6875	34517.2093	92765
72.4	3.924921663	3.0390625	34047.3419	103472
72.45	4.324535688	3.2421875	38090.33253	123496
72.5	4.8206941	3.78125	34724.49587	131302
72.55	5.280810901	3.92578125	39551.61791	155271
72.6	5.827674849	4.23828125	40350.31889	171016
72.65	6.222285589	4.6171875	43604.03384	201328
72.7	6.964464556	5.1953125	43459.94586	225788
72.75	7.645532454	5.2265625	48559.25859	253798
72.8	3.760897001	2.76171875	46851.98303	129392
72.85	4.317978651	2.98828125	49907.95294	149139
72.9	4.737434584	3.46484375	49533.8354	171627
72.95	5.191354453	3.97265625	44686.47394	177524
73	5.784157746	4.25	47233.41176	200742
73.05	2.973749207	2.3671875	45970.16502	108820
73.1	3.246856811	2.45703125	47815.83466	117485
73.15	3.628753069	2.76953125	49251.65585	136404
73.2	4.057448174	3.1328125	51109.02743	160115
73.25	4.834372467	3.390625	52418.35945	177731
73.3	2.32271186	1.7890625	51785.78166	92648
73.35	2.512995806	2.02734375	51289.27938	103981
73.4	2.824304745	2.21484375	50822.99824	112565
73.45	3.033143852	2.53125	51578.46914	130558
73.5	3.380540108	2.59375	53276.14458	138185
73.55	3.797134981	2.921875	53564.57754	156509
73.6	4.305674281	3.24609375	55186.32972	179140
73.65	4.901087897	3.72265625	54513.2256	202934
73.7	5.399467553	3.89453125	54196.25276	211069
73.75	2.599335868	1.9921875	53485.92941	106554
73.8	2.954256108	2.234375	56675.8042	126635
73.85	3.104517352	2.36328125	52806.24132	124796
73.9	3.657502027	2.75	56190.18182	154523
73.95	4.0293551	3.16015625	50962.9864	161051
74	4.713115224	3.3984375	54259.93563	184399
74.05	2.298991218	1.7109375	51609.71689	88301
74.1	2.566555156	1.94921875	53475.78357	104236
74.15	2.763006784	2.203125	47759.43262	105220
74.2	3.087486226	2.375	53304.84211	126599
74.25	3.385207532	2.453125	53980.12739	132420
74.3	3.818401643	2.71484375	51549.92806	139950
74.35	4.271860201	3.0703125	52324.96692	160654
74.4	2.196980515	1.58203125	50790.4	80352
74.45	2.23017184	1.7265625	50507.8733	87205
74.5	2.528735189	1.9375	51100.3871	99007
74.55	2.884514588	2.296875	50443.31973	115862
74.6	3.09775223	2.39453125	51775.8956	123979
74.65	3.490280555	2.5703125	53038.68693	136326
74.7	3.965610148	3	49667.66667	149003
74.75	4.495040331	3.3125	51911.84906	171958
74.8	5.013489213	3.43359375	51694.81684	177499
74.85	5.612330732	3.7265625	51448.21803	191725
74.9	2.543037976	1.9609375	52073.56175	102113
74.95	2.863912372	2.1875	52957.25714	115844
75	2.981726414	2.20703125	54018.71858	119221
75.05	3.361735508	2.5703125	53661.17933	137926
75.1	3.919250401	2.86328125	55808.6985	159796
75.15	4.556757488	3.25	54581.84615	177391
75.2	5.129207967	3.5390625	53531.12583	189450
75.25	2.510429294	1.90234375	53633.83984	102030
75.3	2.78748865	2.19921875	51023.57371	112212
75.35	3.053366139	2.32421875	48430.89748	112564
75.4	3.416708667	2.734375	47134.35429	128883
75.45	3.936761136	3	45860	137580
75.5	4.435239778	3.31640625	46007.33098	152579
75.55	5.300654407	3.375	45823.40741	154654
75.6	2.411141729	2.015625	43302.69767	87282
75.65	2.762166994	2.13671875	44813.57221	95754
75.7	2.969608095	2.296875	47619.91837	109377
75.75	3.379385145	2.5390625	47267.44615	120015
75.8	3.685499912	2.80859375	43090.95967	121025
75.85	4.252168356	3.21484375	44096.69988	141764
75.9	4.717515024	3.41796875	47124.48	161070
75.95	5.328985888	3.8203125	46927.31288	179277
76	2.482508212	1.88671875	48340.00828	91204
76.05	2.748001708	2.453125	39585.01911	97107
76.1	3.000702492	2.27734375	48066.52487	109464
76.15	3.293943462	2.671875	44527.90643	118973
76.2	3.918867765	2.890625	50031.74054	144623
76.25	4.54929373	3.35546875	48477.8766	162666
76.3	5.080904804	3.375	50377.77778	170025
76.35	2.33229894	1.8203125	46469.49356	84589
76.4	2.51075637	2.125	45755.29412	97230
76.45	2.87395571	2.171875	50883.22302	110512
76.5	3.112560279	2.53515625	47864.89985	121345
76.55	3.445995286	2.54296875	54999.8894	139863
76.6	3.867875214	2.89453125	54023.25506	156372
76.65	4.387836546	3.1796875	55391.29238	176127
76.7	4.865865063	3.4609375	53428.87585	184914
76.75	2.45759455	1.94921875	53728.19238	104728
76.8	2.597828058	2	53819	107638
76.85	2.867101714	2.21875	55139.60563	122341
76.9	3.252151579	2.49609375	56482.25352	140985
76.95	3.526402774	2.84765625	53308.75171	151805
77	3.996933692	3.08984375	55960.75853	172910
77.05	4.587112549	3.49609375	55626.94078	194477
77.1	5.160994275	3.85546875	55204.96049	212841
77.15	5.878024448	4.296875	53615.01091	230377
77.2	3.227638749	2.3671875	53052.83168	125586
77.25	3.418604177	2.4765625	51706.347	128054
77.3	3.814048445	2.76953125	51417.72638	142403
77.35	4.241190206	3.1015625	51840.32242	160786
77.4	4.860498483	3.46484375	52127.60316	180614
77.45	5.42693175	3.8125	51039.7377	194589
77.5	2.746343616	2.0859375	44841.22846	93536
77.55	3.011881121	2.203125	47878.35461	105482
77.6	3.37675158	2.43359375	49714.54254	120985
77.65	3.806955677	2.7265625	44471.74785	121255
77.7	4.253198775	3.20703125	43050.09501	138063
77.75	5.015524437	3.453125	43601.66516	150562
77.8	2.419723019	1.7109375	43174.57534	73869
77.85	2.759998797	2.015625	45068.4031	90841
77.9	2.920766484	2.16796875	47391.36577	102743
77.95	3.144861108	2.390625	47942.69281	114613
78	3.65498331	2.6875	47955.34884	128880
78.05	4.170588632	2.9375	48682.89362	143006
78.1	4.795730988	3.36328125	47248.20441	158909
78.15	5.2434644	3.67578125	46886.90329	172346
78.2	5.854543256	4.00390625	45809.01463	183415
78.25	6.724066966	4.703125	44966.48505	211483
78.3	3.239754891	2.2890625	42335.23549	96908
78.35	3.575200771	2.57421875	43587.59332	112204
78.4	4.110606309	2.75	43239.63636	118909
78.45	4.622800535	3.41796875	39470.81143	134910
78.5	5.273301849	3.58203125	39112.16576	140101
78.55	2.469037654	1.96875	34664.63492	68246
78.6	2.735924915	2.0078125	38713.27626	77729
78.65	3.159941222	2.18359375	37360.8873	81581
78.7	3.628603277	2.4609375	37035.47937	91142
78.75	4.186819336	3.18359375	32478.07607	103397
78.8	4.756350247	3.2265625	35349.38499	114057
78.85	2.090681025	1.6796875	33534.21395	56327
78.9	2.344037319	1.859375	34795.56303	64698
78.95	2.79581062	2.3125	30728.64865	71060
79	2.900840315	2.11328125	35437.30869	74889
79.05	3.373275581	2.375	35554.52632	84442
79.1	3.921201628	2.890625	34639.56757	100130
79.15	4.714642319	3.109375	34946.89447	108663
79.2	2.098597775	1.62890625	37220.06715	60628
79.25	2.352036205	1.83203125	37499.36034	68700
79.3	2.666709277	2.015625	37966.3876	76526
79.35	3.00263898	2.25	37874.22222	85217
79.4	3.559864897	2.68359375	37254.89374	99977
79.45	3.862525682	2.8984375	39654.81402	114937
79.5	4.387029092	3.37109375	37420.1993	126147
79.55	4.891504945	3.578125	39462.28821	141201
79.6	5.352926007	3.95703125	37880.41856	149894
79.65	6.11961806	4.3359375	37274.29189	161619
79.7	2.607489118	2.015625	36490.4186	73551
79.75	2.863398331	2.28515625	36751.97265	83984
79.8	3.206973803	2.5703125	36346.16413	93421
79.85	3.652359808	2.77734375	37741.81716	104822
79.9	4.142376258	3.18359375	36419.53374	115945
79.95	4.793264257	3.625	34515.31034	125118
80	5.481605307	3.734375	39237.08787	146526
80.05	2.865145111	2.046875	35188.76336	72027
80.1	3.196975323	2.3828125	34963.72459	83312
80.15	3.702879633	2.59375	35159.51807	91195
80.2	4.16851621	2.99609375	35045.9661	105001
80.25	4.700239629	3.30078125	34847.81065	115025
80.3	5.293878146	3.71484375	33602.7592	124829
80.35	5.928626583	3.86328125	31781.01517	122779
80.4	2.871580886	2.0703125	29838.00755	61774
80.45	3.209043503	2.2421875	31784.58537	71267
80.5	3.527859623	2.38671875	33114.50082	79035
80.55	3.879149088	2.76171875	31669.77086	87463
80.6	4.435744865	3.20703125	33119.72716	106216
80.65	5.201002337	3.546875	36437.99119	129241
80.7	5.854279796	3.5546875	36162.67253	128547
80.75	2.913612969	2.15625	34054.02899	73429
80.8	3.247154322	2.109375	36834.13333	77697
80.85	3.395309437	2.5546875	32976.24465	84244
80.9	3.713010782	2.67578125	32898.05547	88028
80.95	3.991996194	2.99609375	32865.794	98469
81	4.699390786	3.0859375	36839.6962	113685
81.05	5.284484216	3.57421875	36224.13989	129473
81.1	2.787758261	2.0078125	33488.68482	67239
81.15	3.089789091	2.26171875	33729.65803	76287
81.2	3.445689732	2.46875	32610.43038	80507
81.25	3.879912295	2.65234375	34147.53461	90571
81.3	4.20333259	3.4921875	29065.73602	101503
81.35	4.972591407	3.40234375	32728.61538	111354
81.4	5.447557108	4.09765625	29849.74643	122314
81.45	6.192912691	4.2578125	29516.09541	125674
81.5	3.138666844	2.2734375	32324.61856	73488
81.55	3.51894213	2.65625	30159.81176	80112
81.6	3.834910688	2.8125	29659.73333	83418
81.65	4.408973149	3.18359375	30943.0184	98510
81.7	4.813398534	3.390625	28474.98618	96548
81.75	5.43638972	3.83984375	28569.65209	109703
81.8	5.988031959	4.26171875	29186.81577	124386
81.85	6.798370863	4.703125	27878.27243	131115
81.9	7.057457918	5.46484375	25530.09864	139518
81.95	4.66996713	3.50390625	29729.3913	104169
82	5.255888688	3.8984375	27906.30862	108791
82.05	5.686288351	4.171875	29852.04494	124539
82.1	6.357035494	4.265625	30696.79121	130941
82.15	7.097840233	5.078125	28966.99077	147098
82.2	7.412039776	5.26171875	29670.72309	156119
82.25	8.308377681	5.90625	28091.25926	165914
82.3	9.367617026	6.78125	27848.84793	188850
82.35	5.174173058	3.58203125	29013.70556	103928
82.4	5.678523563	4.171875	28026.24719	116922
82.45	6.233977867	4.6015625	27447.85059	126303
82.5	7.107449674	4.953125	28313.43849	140240
82.55	4.019400678	2.7890625	27506.73389	76718
82.6	4.203815939	3.16015625	27478.70457	86837
82.65	4.863718688	3.578125	28468.26201	101863
82.7	5.276903462	3.9140625	25277.31737	98937
82.75	5.985477558	4.21484375	27406.2354	115513
82.8	6.799677468	4.6484375	27593.78824	128268
82.85	3.448022076	2.46484375	28050.45959	69140
82.9	3.834858487	2.73828125	28640.59344	78426
82.95	4.266298955	3.33984375	26257.21637	87695
83	4.760050606	3.69921875	27283.86906	100929
83.05	5.253446613	3.86328125	29927.4095	115618
83.1	5.80413388	4.37109375	25126.43432	109830
83.15	7.031460333	5.11328125	30343.52941	155155
83.2	3.46641254	2.3984375	31903.27036	76518
83.25	4.015488018	2.9296875	30751.06133	90091
83.3	4.444029138	3.28515625	29742.87753	97710
83.35	4.974481405	3.5390625	31126.88742	110160
83.4	2.524632807	1.984375	30423.68504	60372
83.45	2.694021445	2.140625	31474.91971	67376
83.5	3.116930377	2.37109375	32400.23723	76824
83.55	3.451780596	2.6953125	33251.8029	89624
83.6	4.000767523	3.23046875	31521.12213	101828
83.65	4.423442753	3.30859375	35278.73436	116723
83.7	4.929585916	3.8515625	34335.93509	132247
83.75	5.629501993	4.140625	36522.02264	151224
83.8	3.101141845	2.4296875	36220.29582	88004
83.85	3.366080408	2.53125	36062.41975	91283
83.9	3.819278905	2.70703125	38226.74747	103481
83.95	4.365833522	3.26171875	37888.91976	123583
84	5.003271249	3.48828125	39481.04815	137721
84.05	5.405247551	3.99609375	37880.24242	151373
84.1	2.664114419	2.1015625	38366.69145	80630
84.15	2.994530575	2.26953125	43113.30809	97847
84.2	3.248797257	2.4453125	42821.52077	104712
84.25	3.5115616	2.79296875	42427.25594	118498
84.3	4.000910533	3.0234375	41904.28941	126695
84.35	4.570428363	3.421875	41390.17352	141632
84.4	2.274586314	1.72265625	44078.43991	75932
84.45	2.371441799	1.8046875	47854.2684	86362
84.5	2.667244796	2.12890625	43580.12477	92778
84.55	2.991739049	2.20703125	48410.27965	106843
84.6	3.21008866	2.3984375	46986.00651	112693
84.65	3.489414232	2.5625	44298.14634	113514
84.7	4.27802995	3.0703125	44328.71247	136103
84.75	4.83807872	3.5078125	43144.55234	151343
84.8	5.556899437	3.578125	45541.44978	162953
84.85	2.71596566	2.09375	42714.74627	89434
84.9	3.099802844	2.28125	45035.83562	102738
84.95	3.570191734	2.59375	46158.26506	119723
85	3.919872933	2.8203125	43882.37119	123762
85.05	4.431008051	3.27734375	41573.9118	136252
85.1	4.827892936	3.60546875	40889.55146	147426
85.15	5.702677161	4.4921875	36968.18087	166068
85.2	6.776914951	4.76171875	44027.79984	209648
85.25	3.442754307	2.56640625	42682.64231	109541
85.3	3.901479319	2.9765625	40012.93438	119101
85.35	4.482937444	3.70703125	35762.3098	132572
85.4	5.209532498	3.98046875	36956.45142	147104
85.45	6.032589005	4.5	39528.88889	177880
85.5	6.858351556	4.78125	42390.79739	202681
85.55	3.486602799	2.46484375	42641.24247	105104
85.6	3.849613524	2.58203125	41246.98336	106501
85.65	4.631457843	2.8203125	40954.68144	115505
85.7	5.025953977	3.484375	40643.44395	141617
85.75	2.382175767	1.8125	36467.86207	66098
85.8	2.655199317	1.95703125	40475.59281	79212
85.85	2.979761888	2.12109375	41507.35912	88041
85.9	3.185078025	2.26953125	41634.14802	94490
85.95	3.621408326	2.40234375	43168.26016	103705
86	4.022756534	3.24609375	37020.49579	120172
86.05	4.592725481	3.03125	42918.26804	130096
86.1	4.978477792	3.33984375	42486.71813	141899
86.15	2.306306108	1.66796875	41032.54333	68441
86.2	2.431747947	1.9140625	40165.3551	76879
86.25	2.721934521	2.14453125	40187.33698	86183
86.3	2.948188619	2.1953125	44804.55516	98360
86.35	3.219758457	2.33984375	45114.12354	105560
86.4	3.461717376	2.625	43582.47619	114404
86.45	3.953980574	2.8359375	44775.3168	126980
86.5	4.33221432	3.23828125	43280.67551	140155
86.55	4.747795364	3.3125	45393.50943	150366
86.6	5.294646876	3.66015625	46155.95304	168938
86.65	5.90771811	3.890625	45630.2008	177530
86.7	2.868133305	2.1015625	45104.05948	94789
86.75	3.09416546	2.3515625	44838.69767	105441
86.8	3.695485326	2.7578125	45772.14731	126231
86.85	4.232879519	3.0546875	48210.1688	147267
86.9	4.788963032	3.6328125	44471.87957	161558
86.95	5.15330864	3.69140625	48753.50688	179969
87	6.058044261	4.375	46868.8	205051
87.05	6.879460495	4.6484375	46700.63866	217085
87.1	2.910812228	2.05859375	48570.5351	99987
87.15	3.098125319	2.33203125	45155.9129	105305
87.2	3.293250674	2.33984375	48659.23205	113855
87.25	3.662305287	2.671875	47615.62573	127223
87.3	4.085858989	3.01171875	47720.92348	143722
87.35	4.510634303	3.19921875	48660.00488	155674
