time division length width area intensity CMx CMy
0 0 60.1268 14.8187 891 145.172 743.348 462.999
1 0 61.1515 13.393 819 145.904 742.486 464.606
2 0 66.0931 13.3297 881 137.894 741.669 466.089
3 0 69.1674 14.8914 1030 140.556 741.425 461.435
4 0 70.2334 18.0968 1271 128.552 740.655 463.301
5 1 33.0288 12.3529 408 137.598 740.784 476.417
6 0 36.1577 11.1456 403 138.752 739.238 476.4
7 0 38.0852 13.5223 515 138.291 738.895 476.806
8 0 39.0351 14.0899 550 129.642 739.098 475.056
9 0 38.0645 13.4508 512 135.748 736.146 475.736
10 0 42.1258 13.436 566 132.689 736.588 475.281
11 0 43.1892 15.9762 690 123.538 734.271 473.799
12 0 44.0795 15.2679 673 126.565 734.762 472.605
13 0 45.1549 13.6641 617 129.94 734.627 471.285
14 0 45.0503 14.3395 646 129.796 734.416 467.771
15 0 48.1192 13.238 637 128.527 734.509 468.267
16 0 49.0351 16.5188 810 123.302 734.777 463.504
17 0 50.0912 15.7313 788 120.673 734.839 462.745
18 0 53.0806 14.2425 756 120.833 735.329 462.791
19 0 53.0806 14.3179 760 141.45 735.308 462.8
20 0 54.0757 13.1297 710 129.48 734.38 457.858
21 0 58.1119 15.1948 883 122.916 735.65 455.424
22 0 59.2844 15.1136 896 123.336 735.199 456.269
23 0 60.182 15.8353 953 122.151 738.376 455.584
24 0 62.2234 15.2194 947 123.644 736.364 451.958
25 0 64.1563 14.7296 945 123.198 739.292 451.86
26 0 68.359 17.1155 1170 117.077 738.944 451.435
27 0 69.1685 15.5851 1078 120.757 740.441 447.753
28 0 72.3883 16.1076 1166 118.837 741.281 444.805
29 0 76.2779 17.882 1364 115.348 742.955 446.062
30 0 76.2304 13.9183 1061 122.528 743.649 444.982
31 0 77.4203 14.1436 1095 123.07 744.161 441.297
32 0 82.2886 17.2077 1416 115.78 744.872 443.343
33 0 83.2083 15.1307 1259 119.392 745.975 437.232
34 0 88.1689 18.147 1600 112.307 746.263 438.726
35 0 93.2476 16.601 1548 115.899 747.475 440.616
36 0 93.4282 14.2998 1336 118.318 746.513 441.297
37 0 94.4448 13.4894 1274 120.254 748.591 435.222
38 1 55.2059 15.1433 836 111.016 746.947 460.469
39 0 57.0656 16.9104 965 108.19 748.173 461.26
40 0 56.0284 12.4401 697 113.646 747.524 459.512
41 0 60.059 12.7042 763 118.738 746.75 462.372
42 0 63.1102 15.5601 982 112.836 745.886 461.968
43 0 65.2323 14.6247 954 112.977 745.761 461.59
44 0 66.1101 16.412 1085 110.739 744.844 456.822
45 0 67.0967 14.2034 953 121.057 744.317 458.04
46 0 67.0977 14.1436 949 135.177 743.301 458.017
47 0 75.1333 16.6105 1248 121.976 742.999 459.079
48 0 77.172 14.2409 1099 124.755 742.355 457.665
49 0 77.2162 12.3808 956 131.561 741.855 455.536
50 0 83.2463 14.7754 1230 124.805 742.276 456.636
51 0 86.1963 19.3164 1665 118.557 740.963 456.008
52 0 92.3928 17.6745 1633 120.849 739.551 454.133
53 0 93.2709 15.4389 1440 127.007 738.523 447.79
54 0 100.519 14.5147 1459 127.987 739.156 446.81
55 0 100.199 16.4273 1646 124.213 738.397 444.789
56 1 48.0168 11.0586 531 128.571 738.866 470.855
57 0 55.3066 14.3021 791 118.126 735.436 470.541
58 0 52.1221 15.2527 795 118.87 736.499 466.899
59 0 51.1298 14.0231 717 122.657 736.1 465.841
60 0 55.1063 15.3703 847 120.473 736.601 463.002
61 0 57.1759 11.1061 635 124.587 736.72 464.857
62 0 60.12 14.4045 866 121.179 736.017 459.33
63 0 62.0758 17.2209 1069 117.371 735.513 458.127
64 0 64.0672 15.7335 1008 120.206 736.052 456.026
65 0 63.1256 13.8137 872 122.528 736.825 457.667
66 0 67.0751 15.0727 1011 119.955 735.982 455.656
67 0 69.1193 15.0464 1040 121.991 737.153 449.912
68 0 70.172 15.348 1077 123.307 737.617 446.673
69 0 72.1592 13.5257 976 126.55 737.27 449.614
70 0 74.205 10.9157 810 129.568 738.249 452.46
71 0 79.0806 16.4516 1301 120.985 737.62 445.707
72 0 80.1787 16.4133 1316 120.818 739.309 444.875
73 0 84.3274 13.8982 1172 124.963 739.424 443.997
74 0 87.2793 16.0978 1405 121.404 740.037 444.398
75 0 88.2359 14.4159 1272 126.353 740.753 439.345
76 0 91.4494 15.6152 1428 125.082 741.441 438.595
77 0 96.3295 15.0006 1445 125.347 741.389 440.343
78 1 51.268 12.3079 631 129.017 742.242 460.277
79 0 55.2102 12.8056 707 124.124 743.214 462.777
80 0 54.0993 16.7655 907 114.252 743.738 464.768
81 0 57.1315 13.0051 743 120.608 743.56 464.596
82 0 57.2172 11.3777 651 124.421 742.831 462.235
83 0 62.0858 14.2706 886 118.202 743.05 464.256
84 0 64.064 15.266 978 118.703 743.653 461.669
85 0 64.0725 11.0188 706 125.666 743.688 462.986
86 0 68.1139 13.4921 919 122.293 744.123 461.767
87 0 70.1844 14.8608 1043 118.329 743.442 465.043
88 0 74.1006 15.7759 1169 118.947 742.641 459.891
89 0 77.2869 14.4656 1118 120.582 742.189 461.326
90 0 78.1972 13.9391 1090 123.159 741.681 456.085
91 0 84.3874 17.076 1441 116.237 741.354 458.242
92 0 87.3137 14.9919 1309 119.682 741.95 455.541
93 0 90.4595 17.0021 1538 116.198 741.42 455.182
94 1 47.0655 11.3034 532 125.741 740.126 476.754
95 0 48.0729 13.6875 658 122.211 738.211 475.845
96 0 48.1064 11.8279 569 127.967 734.909 474.982
97 0 51.1625 11.8642 607 127.338 737.979 473.379
98 0 53.2401 12.284 654 125.861 735.196 471.151
99 0 54.2247 13.2228 717 124.955 734.428 470.064
100 0 54.4128 14.1143 768 124.766 734.348 467.133
101 0 59.2329 14.7553 874 121.946 734.039 465.888
102 0 59.2329 14.7891 876 144.227 733.045 465.85
103 0 63.2747 17.2739 1093 120.24 732.704 462.103
104 0 65.1169 14.6506 954 124.299 732.28 460.686
105 0 65.1778 13.3941 873 128.315 732.53 458.162
106 0 69.1798 13.3276 922 128.621 732.758 457.951
107 0 71.2333 16.7337 1192 122.397 731.372 456.687
108 0 72.2745 15.1091 1092 126.08 731.531 452.951
109 0 76.1288 14.725 1121 127.767 731.473 450.995
110 0 78.1108 14.4026 1125 128.045 732.588 449.758
111 0 81.4046 15.6011 1270 126.152 733.673 445.358
112 0 84.32 14.101 1189 128.833 733.257 443.835
113 0 85.3366 16.8978 1442 124.386 734.785 441.946
114 0 91.1052 19.3513 1763 119.111 736.126 439.124
115 1 45.3747 11.0414 501 130.291 735.519 460.469
116 0 50.1022 14.8896 746 117.528 735.871 461.109
117 0 51.1259 13.4961 690 118.884 737.781 460.287
118 0 52.3546 13.3513 699 117.515 738.433 460.245
119 0 52.3546 13.3131 697 135.412 739.466 460.28
120 0 52.0882 13.4963 703 117.703 740.592 460.568
121 0 55.0796 14.7423 812 116.35 740.837 461.121
122 0 57.2188 11.7793 674 120.872 741.911 459.694
123 0 59.0867 12.5747 743 119.277 741.824 462.647
124 0 59.1487 12.2234 723 120.129 742.036 461.497
125 0 62.1227 13.1353 816 120.243 742.316 457.436
126 0 65.1756 13.6554 890 118.567 743.027 458.255
127 0 68.1562 15.5232 1058 115.051 742.723 458.424
128 0 66.0936 13.1178 867 119.684 741.919 461.208
129 0 69.1843 12.445 861 120.873 742.29 459.967
130 0 73.2254 12.2362 896 121.016 741.138 458.879
131 0 74.2698 12.6835 942 120.47 741.635 458.276
132 0 77.2531 13.2551 1024 119.878 739.499 458.932
133 0 78.3116 12.1055 948 122.058 739.689 457.166
134 0 84.5664 13.5988 1150 119.117 739.438 457.415
135 0 88.1952 13.5381 1194 117.965 739.221 458.178
136 0 88.1136 13.2102 1164 117.634 739.892 457.97
137 0 87.0896 8.92185 777 122.69 737.676 459.493
138 1 47.1606 12.6165 595 115.481 738.743 473.933
139 0 49.032 10.8297 531 114.166 735.887 479.066
140 0 49.1763 11.4486 563 120.842 736.552 470.869
141 0 54.301 15.8745 862 112.376 735.951 473.573
142 0 53.0261 9.25959 491 123.377 735.678 473.835
143 0 52.0246 9.30329 484 145.081 735.686 473.783
144 0 59.3705 12.1946 724 122.566 735.486 464.344
145 0 61.274 13.5457 830 120.512 733.843 462.451
146 0 63.2385 13.3305 843 122.088 733.69 460.904
147 0 65.3632 14.1517 925 119.771 732.664 460.855
148 0 67.3646 11.8608 799 123.615 732.457 458.767
149 0 70.3875 13.3404 939 121.258 732.575 457.225
150 0 71.2782 12.6827 904 123.613 730.582 452.823
151 0 74.6222 13.441 1003 121.517 731.434 453.781
152 0 77.3024 13.0268 1007 122.914 732.087 447.994
153 0 80.2701 11.2495 903 118.761 731.035 446.874
154 0 85.1891 12.0321 1025 116.091 732.379 449.136
155 1 43.1915 11.3911 492 114.984 731.181 465.366
156 0 44.0957 16.6003 732 108.945 732.563 464.721
157 0 48.0542 11.8616 570 115.716 733.249 458.946
158 0 46.1381 13.1562 607 115.509 733.746 461.674
159 0 47.0795 12.8081 603 116.28 735.403 461.7
160 0 49.0924 11.8145 580 117.714 737.314 462.824
161 0 53.1494 11.684 621 116.876 736.665 460.452
162 0 55.1939 16.9946 938 104.909 737.823 465.441
163 0 56.3683 11.9926 676 116.982 738.426 459.516
164 0 60.2207 14.1314 851 113.448 739.757 458.041
165 0 59.3029 13.3383 791 116.949 739.239 457.824
166 0 60.3869 14.4402 872 115.143 740.507 458.35
167 0 60.3869 14.3574 867 134.254 741.499 458.288
168 0 64.2005 13.8473 889 115.855 740.467 456.387
169 0 69.2272 15.6875 1086 112.387 741.82 460.015
170 0 70.1755 13.623 956 114.945 742.29 462.213
171 0 72.196 13.5464 978 118.092 741.383 458.08
172 0 73.2104 14.192 1039 117.868 741.915 456.929
173 0 78.2817 15.2654 1195 116.813 740.534 455.576
174 0 80.2114 14.3122 1148 119.783 739.984 460.894
175 0 84.2965 15.8607 1337 119.69 739.651 456.764
176 0 88.3108 15.7965 1395 118.955 738.346 458.08
177 0 88.3273 14.6501 1294 121.753 739.275 457.981
178 0 90.464 14.9231 1350 122.259 739.353 454.362
179 0 96.183 16.2399 1562 118.732 737.047 455.011
180 1 54.1313 16.2014 877 110.121 737.643 473.797
181 0 54.5108 10.7868 588 116.097 733.985 476.384
182 0 54.5108 10.7135 584 120.894 733.015 476.236
183 0 56.0938 14.4579 811 112.032 734.655 468.771
184 0 56.2449 13.1745 741 113.634 735.344 473.267
185 0 59.1815 12.6222 747 115.751 734.158 469.365
186 0 61.126 11.9589 731 116.134 732.431 468.417
187 0 63.2805 11.3147 716 119.48 732.997 463.536
188 0 65.2193 15.9922 1043 111.962 731.938 463.088
189 0 65.2357 14.1947 926 112.651 732.413 465.175
190 0 68.099 17.269 1176 109.442 731.663 459.105
191 0 72.1957 16.9678 1225 109.366 731.143 460.239
192 0 72.1957 16.9262 1222 129.742 730.159 460.34
193 0 76.2681 15.7864 1204 111.247 730.487 455.341
194 0 73.1112 13.076 956 117.733 731.664 454.549
195 0 77.3163 13.4512 1040 117.348 731.51 451.776
196 0 79.2396 12.418 984 119.659 731.582 450.214
197 0 84.2188 11.3989 960 117.782 732.253 453.151
198 0 87.3088 15.2104 1328 113.09 732.94 448.144
199 0 88.2002 12.1542 1072 116.735 733.636 447.402
200 0 92.3415 15.4318 1425 112.96 733.983 444.903
201 0 96.4888 11.649 1124 118.609 732.759 441.549
202 1 53.4906 12.0395 644 115.033 732.668 460.753
203 0 51.2609 12.4852 640 115.325 732.023 461.777
204 0 56.2963 11.3684 640 116.834 733.923 461.648
205 0 57.0334 14.9562 853 113.961 737.298 460.043
206 0 57.0346 15.0961 861 131.237 738.287 459.952
207 0 60.2125 15.9768 962 113.204 738.011 457.215
208 0 60.1052 11.0639 665 120.589 739.51 461.302
209 0 64.2341 14.3537 922 115.338 740.43 457.551
210 0 64.2117 13.035 837 119.19 740.479 457.191
211 0 67.1584 12.6566 850 119.024 739.613 459.004
212 0 66.1042 12.677 838 119.566 739.603 461.178
213 0 71.4268 12.6983 907 119.595 739.198 458.815
214 0 72.1608 13.4422 970 119.713 739.57 457.57
215 0 76.1341 15.1443 1153 114.435 740.365 460.701
216 0 80.0937 16.8428 1349 112.194 740.635 457.236
217 0 81.2785 13.5952 1105 117.138 740.984 457.511
218 0 82.087 13.0593 1072 119.384 739.405 453.095
219 1 46.0388 13.1411 605 116.699 740.412 473.554
220 0 46.1367 10.859 501 120.649 741.381 476.263
221 0 48.2175 10.8467 523 117.185 738.14 476.14
222 0 51.0511 14.3973 735 109.935 739.482 477.654
223 0 48.0168 9.30925 447 119.262 737.582 476.488
224 0 50.0452 11.07 554 116.996 736.276 475.903
225 0 53.0195 11.0337 585 115.718 732.872 472.925
226 0 54.1484 13.9801 757 110.594 731.723 475.661
227 0 57.076 12.8601 734 112.116 731.338 472.193
228 0 59.0374 14.8381 876 110.49 730.387 466.913
229 0 60.0856 11.5668 695 115.201 728.717 467.791
230 0 63.2059 12.6729 801 113.293 728.311 467.305
231 0 64.0395 12.8671 824 114.847 728.842 463.549
232 0 67.1157 13.6332 915 113.892 727.59 463.119
233 0 68.172 13.862 945 113.623 727.243 459.86
234 0 72.2429 11.5167 832 116.536 727.329 460.312
235 0 74.1798 14.9636 1110 111.946 727.239 454.773
236 0 77.2265 16.6523 1286 108.974 727.814 453.077
237 0 79.1604 10.6366 842 117.374 727.246 449.61
238 1 43.0768 12.35 532 111.85 726.88 467.079
239 0 44.0681 12.3218 543 109.86 727.932 468.72
240 0 47.3085 11.0551 523 112.405 726.893 465.512
241 0 49.7296 14.2169 707 107.627 730.798 462.344
242 0 49.1744 12.1405 597 112.184 729.241 460.631
243 0 49.2036 12.8852 634 112.222 728.767 459.828
244 0 49.17 10.7586 529 107.8 730.55 466.078
245 0 52.0785 11.8667 618 107.502 729.693 460.817
246 0 55.1 13.3031 733 106.267 732.299 459.63
247 0 55.1625 17.7838 981 101.606 732.128 459.221
248 0 57.0603 13.3192 760 107.467 732.807 458.407
249 0 57.0603 13.3718 763 121.214 733.84 458.544
250 0 58.0972 11.2742 655 112.54 731.592 458.423
251 0 61.2025 11.6825 715 113.143 733.522 457.508
252 0 65.1769 13.4557 877 111.051 734.714 456.087
253 0 66.2283 15.054 997 109.939 735.936 455.289
254 0 68.2646 13.7992 942 112.655 736.511 454.367
255 0 68.3585 10.3572 708 117.362 735.066 459.229
256 0 73.1982 10.2325 749 116.876 736.77 460.447
257 0 79.4195 14.1527 1124 111.472 737.726 456.756
258 0 79.342 17.809 1413 108.423 737.445 455.768
259 1 42.056 11.6273 489 115.926 737.438 474.685
260 0 44.0445 11.6246 512 113.672 737.549 477.027
261 0 45.2074 13.2058 597 113.943 737.07 473.273
262 0 46.0768 13.9984 645 110.933 737.94 475.219
263 0 44.0585 11.2578 496 119.325 736.94 477.534
264 0 48.0515 11.9455 574 116.958 734.936 478.981
265 0 48.1074 13.8648 667 115.946 736.829 475.807
266 0 48.1282 14.8977 717 110.615 735.34 478.993
267 0 51.0472 14.4572 738 110.932 736.42 476.604
268 0 51.0832 11.3932 582 116.304 735.93 474
269 0 54.0602 18.0355 975 107.477 734.941 472.762
270 0 56.1672 14.3144 804 113.062 734.195 471.633
271 0 59.0715 11.7316 693 115.971 733.701 472.538
272 0 59.1725 15.7337 931 110.259 732.119 471.747
273 0 61.1001 12.6677 774 116.212 733.177 467.713
274 0 62.1217 12.1375 754 116.52 732.443 468.288
275 0 64.1041 11.7777 755 117.469 731.763 465.608
276 0 67.048 15.2279 1021 112.929 731.093 460.277
277 0 71.1751 16.4805 1173 110.144 731.213 459.043
278 0 72.2287 13.568 980 114.01 731.217 460.528
279 0 71.1367 13.0172 926 117.334 730.389 457.248
280 0 78.1389 16.9058 1321 110.046 730.999 455.226
281 0 77.0872 14.7625 1138 114.813 728.995 454.425
282 0 83.2577 12.9838 1081 116.602 730.927 454.353
283 0 82.0912 13.753 1129 118.558 731.704 445.869
284 0 86.1763 13.7857 1188 118.817 731.577 448.457
285 0 87.3107 13.7555 1201 121.674 731.048 439.753
286 1 44.0535 9.76086 430 125.581 732.214 461.949
287 0 50.0838 12.5589 629 115.27 733.498 463.471
288 0 48.0772 11.9391 574 123.629 731.354 460.192
289 0 52.2691 13.2392 692 122.647 732.458 458.465
290 0 53.1344 15.8278 841 117.235 733.781 459.559
291 0 54.1689 14.6579 794 120.884 733.878 455.66
292 0 58.1717 18.6517 1085 111.736 735.337 457.907
293 0 58.2201 14.4108 839 119.248 736.951 458.754
294 0 58.2201 14.5139 845 134.176 737.937 458.756
295 0 61.2414 14.9082 913 116.452 738.001 460.62
296 0 63.2567 14.3068 905 120.954 739.088 453.888
297 0 63.2588 14.496 917 137.607 739.077 453.864
298 0 67.2605 15.492 1042 117.866 738.724 457.486
299 0 71.4307 16.6315 1188 115.476 740.225 457.076
300 0 70.3275 13.9917 984 122.196 740.739 457.086
301 0 71.3403 14.6902 1048 121.344 740.036 458.166
302 0 75.2969 16.0564 1209 119.209 739.864 454.947
303 0 78.2614 14.196 1111 121.527 739.873 456.742
304 0 80.5461 15.2211 1226 120.505 739.685 454.465
305 0 80.5461 15.2087 1225 147.793 739.682 454.518
306 0 84.138 13.7156 1154 117.258 739.764 457.815
307 0 86.4571 17.1993 1487 112.994 738.323 457.75
308 0 90.1525 17.1709 1548 113.052 738.22 455.023
309 0 94.2048 13.5556 1277 117.935 737.658 453.666
310 0 98.2842 10.3679 1019 121.44 737.21 456.109
311 1 51.0307 11.3657 580 119.29 737.434 473.598
312 0 52.2421 10.9108 570 119.033 736.649 471.437
313 0 60.075 20.4078 1226 100.493 736.036 475.419
314 0 58.0881 14.3919 836 112.084 736.232 469.871
315 0 62.2575 17.4116 1084 106.113 734.801 469.756
316 0 63.3607 13.5099 856 112.171 734.752 466.454
317 0 66.1384 14.8628 983 110.067 733.022 461.837
318 0 66.0928 12.9515 856 111.223 732.165 462.739
319 0 66.2301 12.0338 797 113.897 732.744 457.41
320 0 70.202 10.3701 728 114.419 732.136 461.929
321 0 70.202 10.4128 731 134.421 731.129 461.908
322 0 76.2714 15.4973 1182 106.772 731.685 455.321
323 0 75.2427 12.1208 912 112.237 731.188 449.308
324 0 78.134 12.6705 990 111.669 731.426 448.866
325 0 83.3209 16.9585 1413 105.972 731.616 445.345
326 0 86.1476 15.0904 1300 108.457 733.003 446.324
327 0 86.2416 10.8185 933 115.436 733.557 443.717
328 1 45.0693 11.3825 513 110.462 734.339 463.657
329 0 46.1226 11.0358 509 112.75 734.218 463.58
330 0 47.1136 11.9711 564 112.213 733.821 459.755
331 0 49.0751 13.0209 639 108.934 732.781 460.152
332 0 50.1166 11.593 581 112.893 733.324 458.377
333 0 51.0817 13.8014 705 109.363 733.394 457.979
334 0 54.1445 13.9072 753 109.501 734.283 453.62
335 0 54.1686 9.8581 534 114.785 734.597 459.594
336 0 57.0614 13.2314 755 111.138 735.314 453.784
337 0 59.0974 11.8448 700 111.366 735.843 455.029
338 0 62.1867 13.3469 830 109.325 735.588 455.414
339 0 62.18 14.5706 906 107.02 738.068 456.252
340 0 66.1724 14.4924 959 108.333 738.548 455.292
341 0 66.2676 12.4495 825 112.752 738.502 452.241
342 0 70.2572 15.913 1118 106.991 738.229 452.602
343 0 71.2215 13.8161 984 109.761 738.496 450.852
344 0 73.1905 13.0481 955 109.993 740.098 455.8
345 0 78.2475 13.125 1027 109.886 740.035 455.162
346 0 80.2537 14.8031 1188 108.428 739.253 452.622
347 0 82.28 14.8031 1218 108.842 740.115 452.091
348 0 84.25 13.1157 1105 111.104 740.578 451.035
349 0 87.3967 12.1744 1064 112.811 740.125 453.37
350 0 86.4566 13.0817 1131 112.434 738.776 450.311
351 1 48.2551 11.5843 559 113.233 738.057 472.46
352 0 50.3181 12.6197 635 109.868 738.597 472.521
353 0 50.2616 12.5941 633 109.57 738.087 470.547
354 0 53.2539 14.3464 764 107.678 738.665 472.349
355 0 54.1726 11.4818 622 113.732 736.315 466.839
356 0 57.0395 12.991 741 111.812 734.345 468.988
357 0 57.1383 14.5087 829 110.528 734.195 468.869
358 0 58.104 14.6461 851 110.857 734.693 463.474
359 0 62.2864 14.7384 918 110.038 733.41 465.553
360 0 65.1758 13.2718 865 113.034 732.496 463.772
361 0 63.3027 14.5491 921 113.126 734.18 460.22
362 0 67.2285 13.4169 902 115.132 735.354 458.778
363 0 68.3106 13.0873 894 116.735 735.535 457.664
364 0 72.5066 14.7711 1071 113.021 733.883 456.505
365 0 72.3256 13.6743 989 116.355 733.899 454.66
366 0 77.4448 14.6039 1131 114.477 734.648 451.256
367 0 78.4246 14.0645 1103 116.747 734.059 448.02
368 0 80.5541 12.7492 1027 119.033 733.816 448.537
369 0 85.382 14.1833 1211 116.054 734.019 447.261
370 1 42.0781 11.6925 492 116.856 735.396 464.177
371 0 44.0419 12.9649 571 114.298 735.042 464.166
372 0 48.0426 12.2808 590 115.32 736.646 462.654
373 0 48.0474 13.0288 626 114.973 737.056 460.954
374 0 49.1607 16.9444 833 109.617 738.01 458.737
375 0 51.1946 15.7048 804 111.197 736.214 460.715
376 0 48.0533 12.6734 609 121.555 738.764 457.312
377 0 51.0706 13.4716 688 117.597 737.392 457.558
378 0 51.0706 13.452 687 152.234 735.384 457.467
379 0 56.1728 15.1319 850 112.353 740.727 457.725
380 0 56.09 14.0132 786 115.394 740.744 456.27
381 0 60.1729 14.4251 868 113.022 740.848 455.321
382 0 60.115 16.8178 1011 108.746 742.29 457.431
383 0 61.074 15.4567 944 112.706 742.332 453.181
384 0 63.1181 14.8769 939 112.071 743.038 455.782
385 0 64.2213 14.2009 912 112.888 742.047 454.188
386 0 67.0832 13.5205 907 113.74 743.33 453.192
387 0 71.3833 14.5272 1037 110.928 743.466 455.093
388 0 71.2368 14.1359 1007 111.236 744.13 456.457
389 0 71.2368 14.2061 1012 138.257 745.12 456.46
390 0 77.3852 14.8736 1151 108.337 744.035 457.11
391 0 78.0524 14.7337 1150 110.928 743.483 450.85
392 0 81.2961 17.2948 1406 103.391 743.818 452.871
393 0 83.2324 13.3001 1107 107.824 742.434 457.335
394 1 45.0876 12.3315 556 109.007 740.948 474.218
395 0 47.0885 14.8444 699 106.044 740.518 472.19
396 0 43.3056 11.1533 483 109.147 739.857 473.884
397 0 47.0936 12.4221 585 107.309 737.679 474.186
398 0 49.1449 13.389 658 106.495 736.433 470.22
399 0 52.1013 17.466 910 102.27 735.734 469.543
400 0 53.2386 12.134 646 108.378 734.69 472.375
401 0 53.1783 12.7872 680 108.672 735.099 470.031
402 0 54.1952 11.9199 646 109.98 734.571 467.724
403 0 59.1548 19.5758 1158 99.2884 734.388 465.738
404 0 58.0944 15.7502 915 104.141 734.004 469.249
405 0 58.2032 12.422 723 112.118 733.317 463.526
406 0 61.2631 12.5524 769 112.137 732.545 462.876
407 0 65.2552 18.1441 1184 104.196 732.706 463.688
408 0 64.2098 17.6608 1134 123.793 731.72 462.807
409 0 67.1454 16.2185 1089 107.891 730.138 460.662
410 0 73.1696 18.2589 1336 105.919 732.253 453.388
411 0 72.1609 13.9411 1006 114.012 730.588 453.033
412 0 74.2085 13.8798 1030 114.871 730.535 450.139
413 0 76.2751 14.5001 1106 114.011 731.361 448.665
414 0 81.2581 15.8015 1284 112.155 731.606 448.805
415 1 42.0876 12.9254 544 115.259 731.612 467.658
416 0 46.1707 14.533 671 113.364 732.572 464.842
417 0 45.0541 17.5345 790 109.822 733.348 462.457
418 0 45.0541 17.3569 782 127.188 734.312 462.416
419 0 47.0329 11.0561 520 122.413 734.91 460.073
420 0 49.1982 12.8867 634 120.33 734.58 457.598
421 0 53.0715 14.6595 778 113.443 735.048 461.67
422 0 54.1762 15.0804 817 114.957 737.104 456.636
423 0 56.1771 13.226 743 114.882 737.361 456.677
424 0 57.1159 15.0921 862 112.299 738.08 454.534
425 0 60.199 18.4887 1113 107.387 739.195 454.271
426 0 60.0839 13.6476 820 115.062 740.11 456.973
427 0 63.1002 13.5816 857 115.526 739.984 455.895
428 0 66.1496 14.1195 934 113.786 739.456 457.732
429 0 66.0516 13.8074 912 115.91 740.988 455.281
430 0 72.2503 15.7646 1139 111.806 741.475 455.036
431 0 74.1208 18.0246 1336 109.564 742.272 454.768
432 0 79.7613 19.433 1550 105.348 741.768 457.212
433 1 38.0626 11.376 433 119.739 740.43 474.434
434 0 41.099 14.8422 610 114.913 741.748 472.982
435 0 42.3619 14.3053 606 112.017 742.101 472.056
436 0 45.6964 14.6839 671 111.279 741.978 473.562
437 0 45.0485 13.2302 596 114.973 741.805 474.633
438 0 48.181 17.1645 827 106.657 742.308 476.362
439 0 48.105 16.6511 801 108.533 741.292 476.874
440 0 49.1043 16.8213 826 110.15 740.38 475.148
441 0 50.0897 11.9785 600 119.867 739.955 473.233
442 0 50.1542 13.4984 677 117.285 738.513 472.168
443 0 55.0686 17.0515 939 111.668 739.109 470.603
444 0 57.0495 12.9712 740 118.216 738.664 470.668
445 0 58.2616 13.9886 815 116.618 738.065 469.883
446 0 59.1677 14.2138 841 117.535 736.656 468.397
447 0 61.0814 14.849 907 115.587 736.254 468.753
448 0 64.0828 12.5619 805 119.178 735.453 468.096
449 0 66.1791 16.1834 1071 112.275 735.47 468.791
450 0 69.1534 15.6608 1083 116.392 734.702 460.856
451 0 69.2108 11.7467 813 123.863 734.05 461.137
452 0 73.0757 16.9824 1241 115.226 733.803 458.156
453 0 77.147 15.9047 1227 117.39 733.936 456.529
454 0 78.0788 14.6391 1143 120.723 734.383 454.708
455 0 79.1834 14.2707 1130 122.86 733.833 451.725
456 0 83.0702 15.1197 1256 121.58 733.327 451.539
457 1 47.092 11.2546 530 128.598 734.334 467.209
458 0 47.3972 11.6463 552 127.678 732.69 468.203
459 0 50.4419 11.5777 584 118.101 732.887 457.909
460 0 49.4231 12.0591 596 123.455 732.218 463.096
461 0 53.0801 13.489 716 118.492 733.147 461.996
462 0 55.1736 16.9103 933 112.37 734.279 463.588
463 0 56.1295 15.2683 857 116.072 733.832 459.939
464 0 57.0733 14.5252 829 116.902 734.573 461.546
465 0 59.1004 12.1827 720 121.243 735.244 459.71
466 0 62.1066 12.5108 777 119.955 734.625 460.856
467 0 65.0841 12.7527 830 120.317 735.192 457.552
468 0 64.0849 11.7032 750 151.391 736.12 458.867
469 0 70.1499 13.3999 940 119.194 736.001 460.069
470 0 70.1699 11.1444 782 119.653 737.894 457.155
471 0 73.1305 12.0333 880 119.144 738.518 457.069
472 0 77.2311 12.8316 991 118.51 737.714 459.727
473 0 80.2104 13.3773 1073 122.501 737.619 455.933
474 0 85.2515 17.8765 1524 114.685 737.711 455.309
475 0 85.1864 11.7742 1003 125.819 738.39 456.77
476 1 46.1236 11.8594 547 120.375 737.064 479.252
477 0 46.1616 13.6694 631 119.745 736.32 478.756
478 0 48.0782 12.5213 602 122.113 736.367 480.495
479 0 49.5388 14.3928 713 122.774 736.931 474.383
480 0 48.0551 12.4232 597 122.417 737.834 481.204
481 0 53.0825 14.242 756 116.926 737.365 481.278
482 0 55.1782 18.1956 1004 109.603 736.466 481.043
483 0 55.1408 14.9798 826 116.69 735.654 480.688
484 0 57.0871 16.9566 968 113.676 734.012 477.11
485 0 58.1944 12.1146 705 120.857 733.972 481.138
486 0 57.1766 11.2634 644 123.818 732.96 478.907
487 0 59.1618 12.7785 756 121.409 732.962 475.955
488 0 64.1756 15.6134 1002 114.692 732.404 476.464
489 0 66.2855 13.4569 892 118.351 731.155 473.371
490 0 66.2855 13.4569 892 141.056 730.186 473.287
491 0 70.2679 15.6259 1098 115.556 730.682 471.845
492 0 73.3643 16.1114 1182 114.228 729.901 466.028
493 0 76.3592 18.138 1385 110.471 729.412 466.054
494 0 76.2975 11.9532 912 120.714 728.432 465.952
495 0 79.2954 12.9516 1027 119.036 727.917 460.085
496 0 85.4171 16.917 1445 111.508 728.698 457.188
497 0 86.1794 15.108 1302 115.805 728.589 454.58
498 0 89.4781 14.9646 1339 114.237 726.941 456.789
499 1 46.3546 14.2596 661 115.256 727.407 472.897
500 0 46.2465 11.6117 537 114.48 728.287 474.225
501 0 49.1288 14.7571 725 109.719 727.943 470.139
502 0 49.2199 10.4836 516 116.479 729.217 473.285
503 0 51.5207 12.8686 663 112.234 729.119 470.017
504 0 52.2857 12.8333 671 113.185 730.642 466.776
505 0 53.1793 17.2623 918 107.078 730.516 465.2
506 0 55.1699 15.0263 829 109.591 731.072 463.919
507 0 55.2774 12.5729 695 112.714 732.894 464.273
508 0 59.273 15.0828 894 108.377 733.056 461.811
509 0 59.2558 14.6652 869 109.022 733.603 462.781
510 0 61.2472 15.266 935 109.124 734.585 457.753
511 0 63.192 11.0141 696 113.868 735.375 461.458
512 0 66.2697 15.0144 995 108.961 735.973 457.762
513 0 69.193 13.7442 951 110.548 736.902 460.553
514 0 69.2701 13.1225 909 112.726 736.668 455.739
515 0 72.2033 12.6449 913 113.067 737.371 460.347
516 1 36.1015 8.3376 301 117.844 738.977 477.814
517 0 38.0682 11.8472 451 111.787 738.625 479.803
518 0 42.1154 9.35525 394 114.789 739.147 480.269
519 0 42.0356 11.752 494 113.626 738.536 478.7
520 0 43.0618 14.1425 609 110.78 737.677 478.782
521 0 44.2123 13.3899 592 117.301 737.684 479.696
522 0 48.1927 14.857 716 114.772 736.814 477.786
523 0 48.0679 12.4407 598 119.413 736.535 480.052
524 0 48.2544 12.6621 611 118.177 736 480.687
525 0 54.1594 14.8266 803 111.919 735.99 481.009
526 0 53.0738 12.6805 673 115.99 735.64 479.4
527 0 57.1179 12.6755 724 117.267 734.558 478.32
528 0 56.1792 13.1365 738 117.056 735.073 477.714
529 0 61.1524 14.4066 881 112.516 734.186 479.805
530 0 60.1172 15.0539 905 113.688 732.659 473.312
531 0 61.2138 12.9709 794 117.424 731.903 471.234
532 0 64.2979 13.1108 843 116.408 731.386 471.903
533 0 66.2588 14.3679 952 115.087 730.267 468.862
534 0 69.427 12.848 892 115.342 730.08 472.135
535 0 68.2987 12.4014 847 119.564 729.497 465.233
536 0 74.5808 12.4295 927 116.501 729.146 466.81
537 0 76.3974 15.7728 1205 110.716 728.632 464.818
538 0 80.5356 16.2909 1312 109.272 728.087 457.666
539 0 80.6295 15.2798 1232 109.802 728.932 456.632
540 1 38.4559 9.51741 366 110.306 727.404 479.563
541 0 39.1135 13.2691 519 102.559 727.031 480.204
542 0 40.2611 9.91031 399 108.639 726.622 477.742
543 0 45.2082 12.7632 577 103.638 726.127 473.615
544 0 44.0655 14.5692 642 103.093 726.593 473.017
545 0 49.3996 19.9799 987 96.535 728.4 469.464
546 0 48.3416 12.6185 610 107.113 728.611 470.187
547 0 49.14 13.2682 652 106.101 727.643 467.848
548 0 52.0829 11.9425 622 106.341 728.132 467.503
549 0 54.1147 12.5659 680 105.953 728.641 466.022
550 0 53.1414 13.7181 729 105.886 728.973 465.772
551 0 55.0277 13.7022 754 105.422 730.171 464.451
552 0 58.1327 18.303 1064 101.149 731.401 463.065
553 0 57.1821 10.8426 620 109.787 731.873 463.379
554 0 60.1972 16.3795 986 103.625 732.661 462.528
555 0 60.1854 11.664 702 109.87 732.446 462.412
556 0 63.1099 14.7837 933 107 734.141 466.167
557 0 67.1635 14.6359 983 106.949 734.478 465.945
558 0 67.1584 15.6645 1052 108.661 735.685 461.497
559 0 70.1911 14.8024 1039 109.658 734.953 464.435
560 0 71.3596 14.0416 1002 111.672 736.881 460.844
561 0 74.2374 15.9354 1183 110.866 737.551 458.646
562 0 76.2602 10.7133 817 117.425 736.939 466.334
563 0 77.5486 13.6688 1060 116.554 736.898 460.161
564 0 84.2622 13.1376 1107 115.77 736.428 461.556
565 1 44.1616 15.3527 678 112.758 735.799 478.631
566 0 47.0807 15.6115 735 110.79 734.185 478.476
567 0 50.1244 14.3643 720 107.265 733.947 482.725
568 0 48.05 13.2154 635 113.189 733.726 480.879
569 0 48.1495 14.1435 681 112.821 732.546 478.744
570 0 51.1182 14.4371 738 112.568 732.482 479.018
571 0 52.3021 13.7279 718 115.013 732.091 480.93
572 0 56.1123 17.4828 981 108.133 730.127 477.301
573 0 58.2065 14.0019 815 113.617 729.629 474.21
574 0 59.2291 15.6173 925 111.289 729.274 475.739
575 0 58.146 14.498 843 114.667 728.567 473.113
576 0 60.094 14.7103 884 114.541 727.174 471.662
577 0 64.2391 17.357 1115 107.749 727.616 474.76
578 0 66.3368 15.4665 1026 112.062 727.772 470.043
579 0 65.3213 13.3188 870 118.23 726.874 465.997
580 0 71.2918 18.8381 1343 107.537 728.004 467.284
581 0 71.306 14.2625 1017 115.128 726.66 464.584
582 0 75.127 18.6484 1401 109.014 726.834 461.61
583 0 75.127 18.6484 1401 129.984 726.846 461.726
584 0 79.181 14.4984 1148 116.423 728.138 458.109
585 0 81.1722 16.003 1299 113.306 727.915 459.249
586 0 84.1805 13.1028 1103 118.531 727.989 454.727
587 0 86.3764 16.2081 1400 112.632 728.886 455.162
588 1 45.0323 13.7013 617 118.214 729.194 467.953
589 0 47.2207 13.871 655 116.867 730.811 470.64
590 0 49.2712 14.4101 710 114.299 730.865 466.82
591 0 51.074 15.4482 789 114.393 728.503 466.142
592 0 51.0575 14.2976 730 114.737 730.768 465.579
593 0 51.0575 14.1605 723 140.972 732.804 465.497
594 0 55.1392 15.5606 858 112.679 731.399 462.406
595 0 54.1658 17.0587 924 111.319 732.194 461.686
596 0 59.1507 16.4157 971 110.703 731.824 463.901
597 0 59.1507 16.4664 974 138.359 731.812 463.917
598 0 63.1078 12.4549 786 118.702 734.383 459.435
599 0 62.0756 14.0957 875 115.97 734.043 460.274
600 0 65.0947 14.6402 953 114.439 735.194 464.68
601 0 67.1259 14.9272 1002 115.229 735.688 460.281
602 0 69.0912 12.6934 877 118.775 735.371 461.178
603 0 73.127 12.4441 910 118.114 735.553 462.668
604 0 76.191 13.2693 1011 116.911 735.292 460.704
605 0 78.1233 15.1171 1181 114.044 735.71 458.314
606 0 81.1163 14.4731 1174 114.755 735.543 462.865
607 0 84.2626 16.0807 1355 109.977 734.494 464.818
608 1 46.0953 13.4287 619 113.2 734.153 480.218
609 0 47.1493 9.77744 461 119.223 734.688 482.718
610 0 48.1598 16.3622 788 110.201 733.178 480.169
611 0 49.1587 15.6432 769 111.39 732.407 478.263
612 0 49.0633 13.6762 671 115.201 733.711 477.674
613 0 53.0726 15.6766 832 108.569 732.468 481.368
614 0 53.045 15.3832 816 111.537 732.36 478.77
615 0 59.3227 13.5193 802 112.383 731.426 478.298
616 0 58.07 18.8049 1092 103.873 730.546 479.883
617 0 57.1799 11.7874 674 116.304 728.987 476.113
618 0 57.1799 11.7874 674 153.102 727.979 476.132
619 0 62.1562 15.091 938 110.839 727.957 469.241
620 0 63.1005 20.8715 1317 100.118 728.287 475.53
621 0 64.135 13.3624 857 113.422 728.256 468.405
622 0 66.2215 13.6059 901 113.108 726.943 465.977
623 0 69.0973 14.3855 994 111.049 727.098 462.745
624 0 69.0842 13.0855 904 114.133 726.604 461.343
625 0 75.2605 14.7355 1109 110.705 726.701 458.674
626 0 77.2033 12.7715 986 113.484 727.756 458.091
627 0 81.3241 17.252 1403 106.455 727.424 456.864
628 0 81.2446 14.6717 1192 111.158 728.039 455.263
629 0 87.5754 11.6357 1019 114.77 727.789 450.977
630 0 89.4826 13.511 1209 111.11 728.363 448.95
631 0 89.4826 13.6004 1217 131.895 728.361 448.97
632 1 50.0848 10.9015 546 114.377 729.275 467.108
633 0 53.434 14.4103 770 108.971 728.488 461.7
634 0 55.5276 13.4348 746 109.958 729.528 462.479
635 0 56.3362 12.2657 691 110.999 729.822 464.262
636 0 58.3822 20.1945 1179 99.4572 731.035 464.31
637 0 58.3914 12.9642 757 109.74 731.91 458.715
638 0 59.4294 17.1632 1020 103.419 732.961 463.411
639 0 62.2426 12.9654 807 110.125 733.385 458.695
640 0 66.3216 18.7722 1245 101.055 734.359 458.83
641 0 68.194 14.0188 956 106.848 734.315 459.196
642 0 68.2029 13.6505 931 108.629 736.106 459.263
643 0 73.3397 13.7443 1008 108.266 735.451 459.104
644 0 74.33 12.1082 900 110.656 735.33 459.512
645 0 75.2355 11.0719 833 112.348 735.586 459.522
646 0 81.2786 12.1926 991 109.928 735.037 457.721
647 0 83.53 15.0485 1257 106.43 736.311 452.388
648 1 45.5493 12.2285 557 106.903 737.535 473.815
649 0 46.2889 10.5425 488 104.561 737.131 474.656
650 0 48.4552 11.4332 554 102.987 737.381 477.17
651 0 51.1049 14.03 717 102.317 736.642 475.374
652 0 53.202 14.5107 772 100.665 737.231 476.06
653 0 53.0597 14.4931 769 101.187 737.358 474.925
654 0 53.2387 13.8621 738 102.203 736.351 474.52
655 0 56.246 13.3698 752 99.9468 735.076 476.899
656 0 59.2291 14.9589 886 98.6456 735.223 472.595
657 0 60.0988 14.7424 886 99.2765 734.842 472.203
658 0 61.0582 12.5126 764 102.412 733.455 470.936
659 0 61.0816 12.688 775 102.022 733.919 473.545
660 0 64.14 13.0028 834 101.18 731.544 467.773
661 0 67.079 13.6555 916 101.045 731.404 466.374
662 0 69.2644 11.6799 809 103.611 732.043 466.676
663 0 71.296 15.092 1076 100.126 731.719 462.82
664 0 76.0506 14.543 1106 101.493 730.972 461.827
665 0 78.1557 15.2132 1189 100.742 731.34 458.923
666 0 82.188 16.3893 1347 97.9421 730.238 462.85
667 0 83.1515 16.1994 1347 100.486 730.313 453.566
668 0 84.2472 10.398 876 105.839 728.517 456.817
669 0 89.3303 12.3139 1100 104.176 728.162 451.278
670 0 94.9075 14.5405 1380 101.25 729.164 444.227
671 1 47.0369 9.63074 453 103.053 727.826 475.148
672 0 50.2834 10.9579 551 103.381 731.14 467.076
673 0 51.1845 15.9423 816 96.7966 728.466 468.132
674 0 52.4779 12.6529 664 101.881 729.399 462.09
675 0 54.1981 14.3547 778 100.022 729.877 464.94
676 0 53.3354 11.9433 637 102.65 729.848 464.754
677 0 56.1462 14.1951 797 100.468 730.745 461.979
678 0 57.3198 12.6483 725 102.452 731.025 464.188
679 0 57.2981 8.49941 487 109.181 732.261 465.103
680 0 63.2591 16.8197 1064 98.7754 733.888 456.108
681 0 65.4309 15.1458 991 101.26 734.26 460.348
682 0 66.3632 14.4357 958 103.4 734.598 455.884
683 0 69.2311 14.6755 1016 102.779 734.354 456.8
684 0 70.2557 14.3334 1007 102.763 735.309 460.35
685 0 74.2709 14.501 1077 103.24 736.385 457.55
686 0 78.2736 12.699 994 104.757 737.089 456.463
687 0 79.3017 10.8321 859 107.09 735.623 452.441
688 0 85.5204 15.9728 1366 100.37 736.302 458.288
689 1 172.762 10.0427 1735 115.284 736.001 415.625
690 0 176.313 14.6671 2586 109.558 736.878 413.036
691 1 46.2857 13.179 610 103.069 737.603 477.234
692 0 49.3567 14.7295 727 101.711 737.823 473.838
693 0 50.2417 13.236 665 105.759 738.036 476.967
694 0 50.2417 12.9773 652 132.819 738.075 476.699
695 0 54.2055 14.7402 799 104.07 737.558 474.914
696 0 54.143 11.7282 635 108.528 737.03 477.942
697 0 57.0723 14.7357 841 103.535 735.775 479.787
698 0 57.3799 12.9314 742 108.608 734.841 474.466
699 0 62.2738 13.6173 848 105.961 734.208 475.55
700 0 66.143 15.7538 1042 102.314 734.494 475.947
701 0 66.116 16.4106 1085 101.127 733.678 476.906
702 0 68.3183 12.8809 880 108.467 732.415 471.32
703 0 67.1165 10.9809 737 111.924 732.859 470.668
704 0 69.1416 12.554 868 110.521 731.901 468.833
705 0 72.2172 14.3456 1036 108.099 730.494 468.744
706 0 75.1154 14.1915 1066 109.633 730.203 463.542
707 0 81.249 14.5725 1184 106.719 729.785 467.997
708 0 80.2025 16.2962 1307 106.733 729.077 461.272
709 0 83.3695 13.6261 1136 110.488 729.503 458.499
710 0 85.2636 15.4228 1315 108.263 729.747 453.154
711 0 88.4641 13.1014 1159 110.55 729.29 456.022
712 0 88.1699 16.7858 1480 106.278 729.399 455.582
713 0 97.2458 24.1553 2349 97.1103 728.529 448.72
714 0 100.27 12.6758 1271 111.402 730.424 448.984
715 1 53.0702 16.563 879 102.94 729.77 473.678
716 0 55.447 17.7286 983 102.203 728.447 464.782
717 0 56.1601 13.0698 734 109.425 727.413 465.624
718 0 60.185 16.3662 985 104.548 728.502 463.683
719 0 64.3344 18.7924 1209 99.8751 728.178 461.237
720 0 65.2628 13.7138 895 107.552 729.486 460.672
721 0 66.4093 15.7809 1048 105.02 728.85 455.836
722 0 67.189 15.6424 1051 106.065 729.861 457.791
723 0 67.1283 11.0386 741 113.409 729.919 456.741
724 0 71.1977 11.4189 813 112.062 730.358 458.569
725 0 75.108 14.9385 1122 106.42 731.468 456.121
726 0 76.1403 19.4903 1484 100.96 732.218 457.657
727 0 78.3127 12.8587 1007 110.328 733.586 455.224
728 0 82.2987 15.2979 1259 106.818 733.953 452.994
729 0 85.2879 13.9879 1193 109.148 734.417 453.809
730 0 87.3006 12.5314 1094 110.885 734.608 453.81
731 0 88.3005 12.8538 1135 110.257 734.822 449.185
732 0 90.4052 11.4595 1036 113.596 734.708 456.962
733 0 93.3352 12.1069 1130 112.888 735.718 452.817
734 1 52.5015 12.9901 682 110.767 735.365 473.916
735 0 53.9022 13.6729 737 110.89 735.456 469.446
736 0 51.4623 10.2988 530 112.777 735.1 463.768
737 0 57.2606 17.3767 995 94.6322 735.835 468.16
738 0 56.1768 15.0952 848 96.9399 735.904 465.775
739 0 60.1874 10.6002 638 104.201 734.875 465.136
740 0 62.1452 9.6709 601 109.745 732.506 474.191
741 0 61.1161 7.57575 463 113.268 732.173 474.842
742 0 66.0765 11.9256 788 106.807 732.838 471.203
743 0 73.2746 15.1212 1108 100.57 731.321 473.103
744 0 69.1281 10.2563 709 109.082 730.587 470.348
745 0 73.214 10.0391 735 106.405 730.66 471.857
746 0 79.3778 16.4278 1304 99.1971 732.621 464.714
747 0 80.1304 13.2534 1062 103.355 731.145 462.428
748 0 81.4971 10.2458 835 108.165 731.771 457.907
749 0 85.4863 13.3004 1137 103.877 730.127 454.898
750 0 88.4586 8.87421 785 107.817 730.26 464.171
751 0 89.4411 11.8626 1061 105.877 729.157 451.454
752 0 94.4022 13.8238 1305 102.636 729.026 453.437
753 1 47.4727 10.2164 485 105.635 728.899 470.462
754 0 51.0782 13.724 701 100.621 728.529 471.026
755 0 52.1741 11.27 588 105.034 726.718 472.066
756 0 54.2921 13.7221 745 102.426 726.272 465.391
757 0 56.1636 12.428 698 103.705 727.65 463.967
758 0 57.1045 13.5891 776 101.695 727.942 465.573
759 0 58.0745 11.6058 674 103.512 728.706 466.886
760 0 61.3175 13.797 846 100.272 728.202 466.087
761 0 63.5327 13.2688 843 101.622 729.442 459.34
762 0 65.2636 16.9313 1105 96.4226 730.019 461.384
763 0 67.5284 16.1117 1088 98.4908 731.54 457.381
764 0 69.4546 11.6911 812 103.867 732.038 453.563
765 0 74.3045 16.1767 1202 98.4892 733.65 457.207
766 0 75.261 14.6689 1104 99.7654 733.175 457.069
767 0 77.3536 13.7679 1065 102.212 733.458 454.357
768 0 79.3083 10.7807 855 106.62 733.78 453.188
769 0 82.277 13.175 1084 103.505 734.993 449.152
770 1 45.0374 9.08134 409 108.57 734.303 470.443
771 0 45.1179 9.30895 420 108.167 734.162 470.91
772 0 45.1971 9.07138 410 103.817 734.871 470.707
773 0 48.2209 9.58091 462 103.623 736.996 469.004
774 0 49.1553 13.6913 673 99.6419 736.351 469.666
775 0 51.1458 9.5218 487 104.764 736.739 469.885
776 0 55.0464 18.9477 1043 97.3634 738.949 468.932
777 0 54.0457 12.4894 675 107.147 738.664 470.81
778 0 58.0944 16.7142 971 99.9979 738.578 472.207
779 0 59.1277 12.3631 731 113.581 739.193 474
780 0 60.1342 12.5719 756 113.472 738.632 473.942
781 0 60.2485 13.6103 820 113.42 738.482 471.087
782 0 62.0985 13.9939 869 113.084 737.593 469.465
783 0 64.1249 14.0351 900 112.504 737.933 472.992
784 0 65.1379 12.604 821 115.313 736.989 471.724
785 0 68.1769 13.729 936 110.511 735.349 472.588
786 0 68.4003 11.6959 800 109.841 734.362 472.976
787 0 69.175 12.4612 862 110.927 734.897 467.648
788 0 72.1134 15.3647 1108 106.274 734.347 465.484
789 0 74.186 14.2884 1060 108.128 733.89 465.469
790 0 74.186 14.221 1055 131.539 732.878 465.335
791 0 78.2065 13.183 1031 111.211 733.133 461.388
792 0 80.4379 12.8919 1037 111.135 732.269 462.905
793 0 83.1306 15.2772 1270 106.753 732.918 460.994
794 1 45.0836 15.5933 703 101.336 732.605 481.107
795 0 46.0429 9.99069 460 116.665 731.978 473.228
796 0 47.0787 11.3002 532 115.329 732.25 474.945
797 0 49.1798 14.5792 717 111.206 732.321 471.237
798 0 49.0758 9.06761 445 121.431 733.231 470.346
799 0 51.121 13.9082 711 113.868 733.436 470.478
800 0 51.0191 13.3283 680 116.26 732.324 465.253
801 0 58.2458 14.8509 865 110.201 733.052 466.347
802 0 56.0893 15.1366 849 112.768 732.282 464.007
803 0 57.1152 14.392 822 113.218 732.792 464.255
804 0 58.0869 12.2575 712 116.268 732.888 466.034
805 0 61.2074 15.2923 936 112.281 734.187 458.724
806 0 63.2347 14.375 909 112.003 734.782 461.152
807 0 65.2587 13.3622 872 115.521 735.413 458.014
808 0 67.108 16.3319 1096 109.101 737.5 455.476
809 0 68.0661 15.1911 1034 110.241 737.786 457.915
810 0 69.0928 12.8523 888 114.9 738.472 455.374
811 0 73.1646 18.0278 1319 107.091 737.81 453.268
812 0 73.1448 19.0854 1396 104.756 737.486 460.019
813 0 76.2334 16.397 1250 110.402 738.701 452.386
814 0 78.155 14.9447 1168 112.369 738.985 455.866
815 0 81.0973 14.1065 1144 108.652 739.018 454.026
816 0 85.1832 18.1256 1544 104.019 738.948 452.648
817 0 86.1043 15.5857 1342 107.181 738.664 456.601
818 0 90.2242 17.4122 1571 104.934 737.829 453.628
819 1 48.1142 12.2001 587 111.424 738.76 475.249
820 0 51.0411 11.9707 611 112.007 739.301 477.422
821 0 52.0972 13.8011 719 113.741 739.833 472.583
822 0 55.0907 17.1717 946 110.485 736.616 473.941
823 0 54.3713 11.4583 623 108.1 737.629 468.061
824 0 53.2308 7.96532 424 113.009 737.344 470.455
825 0 58.2058 11.9404 695 108.466 736.304 470.928
826 0 60.1228 13.5556 815 106.971 737.036 466.866
827 0 63.2324 18.1869 1150 106.389 736.703 473.244
828 0 63.1445 13.4454 849 114.117 736.878 472.658
829 0 67.1045 12.2197 820 115.113 735.644 470.756
830 0 68.2524 12.3073 840 115.376 735.294 468.01
831 0 70.1876 15.658 1099 111.16 734.575 464.685
832 0 75.1712 13.5557 1019 110.245 733.999 469.974
833 0 80.2011 14.5759 1169 110.383 733.631 465.447
834 0 79.4909 13.8381 1100 114.009 733.171 461.713
835 0 83.3014 13.8293 1152 111.935 733.26 459.989
836 1 43.0988 10.6963 461 118.857 733.701 475.017
837 0 46.035 9.21037 424 113.521 733.825 475.163
838 0 47.3364 13.9216 659 105.351 730.282 471.247
839 0 48.423 12.3082 596 112.851 730.211 465.498
840 0 50.1806 14.0293 704 116.612 731.071 468.909
841 0 50.2834 13.2648 667 118.934 731.948 467.567
842 0 53.1188 16.416 872 113.563 731.936 464.163
843 0 50.2852 10.6791 537 124.006 730.814 464.793
844 0 55.0971 14.2657 786 116.341 731.575 463.851
845 0 59.2964 17.3535 1029 111.188 731.791 463.214
846 0 59.2425 12.6092 747 120.621 729.981 460.937
847 0 60.3916 13.7933 833 119.043 731.732 457.595
848 0 62.5416 14.4864 906 116.638 733.317 459.708
849 0 67.3193 17.8403 1201 111.208 733.43 457.102
850 0 66.2508 16.2715 1078 113.805 734.649 458.484
851 0 70.3784 17.2354 1213 113.346 734.505 455.197
852 0 71.125 14.13 1005 119.049 734.827 456.28
853 0 74.1358 15.04 1115 118.079 733.324 452.57
854 0 76.1159 15.1348 1152 117.84 735.405 455.181
855 0 80.0893 14.309 1146 118.949 735.463 455.921
856 0 83.1967 18.8349 1567 110.501 736.432 451.521
857 0 85.2496 15.9297 1358 115.141 736.457 452.36
858 0 85.5121 14.0565 1202 119.848 736.784 452.298
859 1 46.0238 12.2762 565 125.593 736.536 469.841
860 0 51.2671 14.4342 740 116.291 738.507 470.474
861 0 55.2205 12.8756 711 117.572 740.101 470.997
862 0 54.1758 15.9481 864 114.057 739.157 472.718
863 0 55.254 15.3654 849 117.073 738.78 468.708
864 0 56.1416 14.9266 838 117.205 737.69 472.113
865 0 62.2863 20.6305 1285 107.163 737.902 470.67
866 0 65.1515 17.16 1118 112.643 738.51 469.122
867 0 65.1515 17.206 1121 131.908 739.492 469.073
868 0 68.222 15.8013 1078 115.023 737.384 470.685
869 0 68.2157 16.2573 1109 116.706 736.988 466.487
870 0 72.2651 18.5843 1343 112.62 736.724 468.867
871 0 75.2068 17.1926 1293 114.835 736.247 464.559
872 0 79.1946 16.2764 1289 114.419 735.672 467.506
873 0 79.2649 15.341 1216 118.139 735.261 460.447
874 0 79.2649 15.3031 1213 139.826 734.27 460.521
875 0 84.2585 14.8472 1251 118.807 734.818 458.528
876 1 48.0377 14.3013 687 119.523 735.751 475.202
877 0 46.0989 11.779 543 123.761 734.381 474.906
878 0 49.1296 18.8888 928 111.35 733.914 472.712
879 0 50.1676 15.1492 760 118.576 732.174 472.408
880 0 54.3204 12.997 706 121.598 732.878 468.745
881 0 54.4818 13.9496 760 115.605 730.007 469.853
882 0 56.3126 13.7092 772 116.465 729.965 468.758
883 0 56.5168 13.1112 741 118.818 730.018 466.051
884 0 58.2794 14.0701 820 117.052 730.339 462.68
885 0 59.1367 14.1706 838 116.581 730.261 464.025
886 0 63.2998 16.3034 1032 113.39 730.724 463.838
887 0 64.3662 13.1746 848 119.037 731.604 458.956
888 0 66.3273 14.8355 984 117.574 731.304 456.674
889 0 66.3273 14.8355 984 131.685 731.279 456.695
890 0 72.5489 16.1408 1171 114.797 731.714 457.549
891 0 71.4249 10.2065 729 126.125 731.831 455.96
892 0 76.3952 12.2652 937 123.583 733.327 450.996
893 0 78.8972 14.6647 1157 120.95 733.487 447.758
894 0 78.7452 12.6738 998 125.345 734.875 446.582
895 0 86.7712 16.4456 1427 117.317 734.441 446.119
896 0 87.7518 16.1364 1416 119.459 734.855 440.131
897 0 91.8427 14.7644 1356 121.386 735.443 444.776
898 0 97.0939 16.1287 1566 119.019 735.759 439.517
899 0 100.934 16.7536 1691 117.457 735.962 442.105
900 0 100.824 13.9649 1408 124.808 736.36 439.694
901 1 52.6471 12.3653 651 122.547 736.275 463.656
902 0 53.5426 12.8683 689 119.826 737.061 464.524
903 0 58.5346 15.7001 919 115.151 736.9 464.039
904 0 58.3846 14.3189 836 118.768 738.28 463.782
905 0 58.3846 14.2161 830 133.437 740.299 463.701
906 0 63.0923 12.6481 798 119.927 737.229 465.635
907 0 67.2456 13.9043 935 116.034 737.459 469.621
908 0 68.278 14.4995 990 118.087 736.647 465.32
909 0 71.505 15.0898 1079 116.592 736.857 466.032
910 0 75.2979 14.0774 1060 118.248 735.965 463.973
911 0 77.2159 14.699 1135 117.813 736.088 461.477
912 0 79.3497 14.0517 1115 119.909 735.706 462.06
913 0 80.4126 12.125 975 124.721 733.902 457.857
914 0 86.4108 15.5189 1341 118.325 734.629 457.68
915 0 89.4451 14.2098 1271 122.07 734.64 455.218
916 0 91.2771 14.0561 1283 123.13 732.377 450.99
917 0 94.7645 15.7654 1494 120.435 731.354 450.863
918 0 97.5679 16.9933 1658 118.723 730.359 447.221
919 1 48.4512 12.0534 584 120.774 730.337 472.421
920 0 50.6686 15.3152 776 113.517 729.754 474.396
921 0 49.3614 10.8992 538 124.082 730.206 469.606
922 0 55.3255 16.0866 890 113.282 729.601 473.376
923 0 55.3067 9.99878 553 128.269 729.461 470.895
924 0 59.2943 14.7906 877 118.989 728.864 468.275
925 0 61.3208 15.9 975 117.209 729.13 465.907
926 0 62.597 13.7227 859 118.858 728.899 467.027
927 0 67.2813 16.4682 1108 113.72 729.655 464.611
928 0 70.512 14.3096 1009 119.051 729.688 462.578
929 0 67.1929 12.5013 840 124.381 730.471 461.594
930 0 69.2033 13.0341 902 125.37 729.419 456.6
931 0 71.2206 13.718 977 125.083 730.253 452.42
932 0 76.3468 17.8659 1364 116.103 729.812 452.725
933 0 77.1031 13.1123 1011 125.828 731.037 451.958
934 0 81.28 14.407 1171 122.658 731.237 450.272
935 0 82.4964 14.4128 1189 122.585 731.87 450.402
936 0 86.4462 11.7761 1018 126.906 732.752 447.136
937 0 90.3688 13.6109 1230 124.209 733.215 446.496
938 1 46.1227 11.6212 536 125.789 733.088 465.685
939 0 49.112 12.1966 599 125.841 733.88 464.062
940 0 50.6659 13.2634 672 123.374 736.433 458.938
941 0 48.2106 11.3668 548 119.692 735.241 454.277
942 0 53.0497 13.5722 720 119.018 735.06 465.212
943 0 55.1917 13.3353 736 119.311 734.769 463.22
944 0 55.1929 12.5741 694 121.422 735.846 462.395
945 0 58.094 13.788 801 117.472 735.881 463.687
946 0 61.2727 14.7048 901 114.991 734.65 466.674
947 0 62.1252 13.4084 833 117.833 735.328 464.737
948 0 64.1046 15.5371 996 114.177 735.507 461.037
949 0 66.1946 13.3546 884 118.521 736.251 462.448
950 0 69.1556 13.0286 901 118.327 735.774 462.774
951 0 73.0844 12.2188 893 119.461 735.295 464.311
952 0 75.1721 12.651 951 119.119 735.662 459.551
953 0 77.1184 12.5521 968 117.573 735.134 463.741
954 0 79.1597 9.07028 718 124.272 734.898 464.774
955 0 83.161 12.3856 1030 119.265 733.822 458.507
956 0 85.1416 12.2619 1044 120.226 734.033 457.281
957 1 45.1184 8.90989 402 121.754 731.823 482.209
958 0 44.0454 11.1703 492 120.329 731.291 475.319
959 0 45.3057 10.5285 477 120.159 733.442 477.757
960 0 47.115 12.2042 575 119.454 730.038 476.212
961 0 51.1861 14.6329 749 113.579 729.112 474.973
962 0 51.1501 12.6491 647 117.482 727.428 474.345
963 0 51.1046 10.4687 535 122.869 729.551 473.886
964 0 55.0998 11.9964 661 119.664 727.623 470.634
965 0 55.0498 10.8629 598 122.448 728.032 463.557
966 0 57.1777 10.1263 579 124.762 727.921 464.577
967 0 59.1305 11.1618 660 122.536 727.883 464.418
968 0 63.0644 11.9085 751 119.352 728.74 462.55
969 0 64.1124 12.868 825 118.522 728.678 462.379
970 0 61.1539 11.1031 679 123.091 726.832 458.795
971 0 68.0636 13.5315 921 117.453 728.051 459.216
972 0 69.1313 13.5829 939 118.346 727.409 457.711
973 0 70.1528 12.5013 877 120.35 728.469 455.629
974 0 74.1562 13.5255 1003 118.356 727.83 453.285
975 0 77.2305 12.4692 963 120.802 728.252 449.721
976 0 78.2898 12.5815 985 120.03 729.632 449.989
977 0 84.1124 15.7646 1326 113.505 729.817 450.438
978 1 47.0984 12.4633 587 116.094 729.404 465.453
979 0 49.1082 13.399 658 111.108 730.816 465.588
980 0 49.183 17.3231 852 101.205 731.777 467.197
981 0 50.0932 13.2553 664 110.19 733.276 463.387
982 0 50.0577 10.3081 516 116.628 731.479 464.583
983 0 53.0958 12.0725 641 111.095 732.562 462.677
984 0 53.0491 13.6477 724 108.63 733.994 462.599
985 0 56.077 12.8038 718 107.942 734.022 463.677
986 0 56.1787 9.36298 526 111.255 734.928 461.914
987 0 61.1203 12.6308 772 108.653 734.028 462.699
988 0 59.1565 12.1711 720 109.808 734.803 460.672
989 0 62.1258 12.9898 807 108.113 735.877 462.808
990 0 65.6242 12.404 814 106.568 737.317 461.945
991 0 65.5135 12.2112 800 106.288 736.836 456.416
992 0 70.4461 12.4634 878 106.786 737.134 460.264
993 0 70.3968 15.5405 1094 102.108 736.772 462.187
994 0 73.3976 11.6353 854 110.359 736.889 456.656
995 0 78.3606 13.2592 1039 106.953 735.833 461.88
996 0 77.3451 13.847 1071 106.901 734.345 463.147
997 0 80.3243 12.0636 969 116.159 734.858 459.091
998 0 84.5431 15.8144 1337 111.444 735.286 455.055
999 0 90.7683 18.9383 1719 104.577 734.761 456.597
1000 0 89.4101 17.526 1567 107.632 733.738 456.073
1001 0 90.3556 13.9449 1260 113.016 731.79 456.718
1002 0 92.5533 11.3556 1051 118.625 731.729 450.426
1003 0 95.2753 11.7344 1118 118.727 731.723 453.64
1004 1 52.1654 13.323 695 110.531 732.406 478.345
1005 0 53.1883 14.6273 778 112.107 732.211 469.571
1006 0 55.0872 14.8673 819 112.156 732.586 471
1007 0 55.1067 9.92619 547 121.865 732.861 472.031
1008 0 57.1518 10.5509 603 120.265 732.121 471.672
1009 0 59.0501 12.7519 753 116.815 731.428 467.782
1010 0 61.0769 14.1952 867 114.292 731.925 467.082
1011 0 63.1243 11.612 733 119.865 731.873 464.067
1012 0 64.1857 11.6537 748 118.932 731.25 463.703
1013 0 68.2786 17.2821 1180 108.534 731.328 462.166
1014 0 69.2031 13.2508 917 115.702 731.262 459.132
1015 0 71.2085 10.9257 778 119.599 726.612 457.215
1016 0 73.2202 14.9822 1097 114.02 727.363 451.217
1017 0 75.3199 13.3033 1002 117.205 728.325 448.698
1018 0 81.2692 14.5073 1179 112.997 728.876 453.174
1019 0 80.3468 12.2718 986 118.522 732.603 447.894
1020 0 84.217 12.349 1040 118.482 732.958 447.135
1021 1 47.0162 12.8254 603 115.517 734.657 465.537
1022 0 47.0472 12.7531 600 116.857 734.67 462.513
1023 0 47.0894 11.51 542 118.483 735.039 463.504
1024 0 49.1153 11.9107 585 115.798 735.205 462.627
1025 0 51.0895 13.7014 700 112.114 736.209 465.624
1026 0 52.1127 13.6051 709 113.051 737.358 462.283
1027 0 56.1092 18.1967 1021 104.366 738.01 466.946
1028 0 57.2433 17.05 976 107.501 738.763 464.172
1029 0 56.1015 16.3454 917 109.847 739.707 461.23
1030 0 54.2114 10.4775 568 119.727 741.257 465.759
1031 0 57.1678 14.6061 835 113.523 741.277 462.413
1032 0 60.0747 13.5498 814 114.569 741.048 463.756
1033 0 61.1427 12.0701 738 117.184 741.881 461.757
1034 0 59.1402 10.957 648 121.27 740.421 463.475
1035 0 65.1187 13.7288 894 114.519 740.145 464.327
1036 0 70.0838 13.7978 967 114.255 740.45 462.867
1037 0 67.08 14.356 963 115.469 737.855 462.052
1038 0 71.1449 11.5539 822 120.4 740.535 461.296
1039 0 74.0856 13.9298 1032 117.256 738.623 461.687
1040 0 77.1692 16.4055 1266 112.69 738.224 462.02
1041 0 79.2129 16.9796 1345 112.613 737.285 462.507
1042 0 83.2125 13.76 1145 117.947 737.024 460.669
1043 0 84.3168 15.5604 1312 115.86 735.72 457.434
1044 0 86.1373 12.8284 1105 121.164 735.5 457.096
1045 1 48.1655 12.6439 609 119.169 734.391 479.969
1046 0 48.0902 10.3971 500 124.74 734.168 475.796
1047 0 49.0476 11.6418 571 124.285 734.599 475.792
1048 0 50.0654 10.0469 503 117.085 732.73 472.05
1049 0 52.1581 14.1685 739 111.046 731.815 468.857
1050 0 52.1594 9.60517 501 118.443 732.05 468.752
1051 0 55.0855 12.653 697 113.35 730.26 464.059
1052 0 54.1058 10.3686 561 118.494 731.111 466.854
1053 0 57.1401 10.6405 608 117.493 730.788 462.814
1054 0 58.1221 14.8997 866 111.162 731.051 463.771
1055 0 61.369 14.2906 877 110.655 731.161 461.018
1056 0 62.1613 11.8562 737 120.484 728.109 465.269
1057 0 63.349 14.2228 901 117.367 728.774 462.626
1058 0 67.3541 15.3666 1035 115.974 729.432 457.918
1059 0 68.158 12.7204 867 119.591 729.212 460.164
1060 0 71.3018 13.8706 989 118.299 729.57 455.873
1061 0 75.411 18.4721 1393 110.818 730.625 452.48
1062 0 75.274 14.693 1106 117.522 729.703 453.426
1063 0 75.274 14.6266 1101 137.559 728.699 453.421
1064 0 82.3441 14.1237 1163 117.162 730.351 453.113
1065 0 84.3048 13.5698 1144 119.75 732.082 446.217
1066 0 87.2947 13.3341 1164 120.058 732.552 441.833
1067 0 89.6181 14.8631 1332 118.103 733.267 447.086
1068 0 94.2498 14.2069 1339 117.095 733.647 448.179
1069 1 48.0684 10.4851 504 120.893 732.827 467.444
1070 0 53.1174 12.1053 643 117.603 734.356 463.603
1071 0 54.0619 15.2603 825 111.856 734.703 465.324
1072 0 58.0541 13.6424 792 113.739 734.734 465.4
1073 0 56.337 15.9043 896 111.988 734.884 462.468
1074 0 60.1253 15.7671 948 110.445 736.129 465.66
1075 0 62.2319 14.2531 887 114.178 735.834 465.283
1076 0 64.0914 13.6056 872 115.228 735.678 464.323
1077 0 65.1932 14.1886 925 113.903 735.446 463.13
1078 0 68.2964 13.7343 938 113.474 736.244 463.7
1079 0 70.2844 15.1812 1067 111.21 735.63 466.042
1080 0 73.2289 15.3491 1124 110.709 736.15 464.642
1081 0 77.5108 14.3206 1110 112.768 734.832 464.44
1082 0 76.3583 11.1841 854 113.115 736.696 459.536
1083 0 82.2759 15.3629 1264 107.12 735.17 457.441
1084 0 84.2755 15.0459 1268 106.401 735.118 461.947
1085 0 88.4082 14.3086 1265 108.949 734.353 459.289
1086 0 89.3741 11.2337 1004 113.805 733.818 458.252
1087 0 93.2874 14.9216 1392 109.356 732.829 455.987
1088 0 96.4216 13.6899 1320 112.259 732.964 449.061
1089 0 99.5388 11.9953 1194 112.908 731.703 456.528
1090 1 54.0969 10.4257 564 114.507 730.715 473.418
1091 0 57.3023 15.3223 878 107.133 730.819 473.022
1092 0 58.1567 13.7216 798 113.135 731.286 478.402
1093 0 57.1343 11.1842 639 118.091 731.679 477.196
1094 0 60.1654 12.8313 772 113.781 731.565 476.328
1095 0 62.1947 16.4162 1021 109.691 732.13 468.514
1096 0 65.4239 13.7717 901 113.147 731.607 466.947
1097 0 63.2311 10.0267 634 118.664 731.767 468.992
1098 0 63.3814 12.5747 797 116.745 731.868 463.705
1099 0 65.2691 12.3335 805 116.734 731.066 463.652
1100 0 70.1223 13.9185 976 114.408 730.859 459.865
1101 0 76.4586 14.3869 1100 112.418 730.877 460.506
1102 0 76.3374 14.6848 1121 111.761 732.01 458.572
1103 0 80.3758 17.244 1386 108.276 731.429 456.454
1104 0 83.3238 19.2142 1601 105.781 730.651 448.345
1105 0 85.4653 13.1515 1124 113.937 731.177 446.039
1106 0 91.4448 22.0898 2020 101.198 731.018 448.609
1107 0 92.397 18.388 1699 106.475 733.061 442.61
1108 0 93.2011 18.4547 1720 106.993 732.597 442.679
1109 0 98.414 13.5042 1329 113.109 734.558 439.934
1110 1 47.0722 10.622 500 115.636 736.236 463.042
1111 0 49.086 14.1588 695 110.799 733.878 464.327
1112 0 52.4474 13.2895 697 112.254 733.373 465.201
1113 0 56.6515 13.433 761 111.879 734.819 462.327
1114 0 59.5424 11.9747 713 112.59 734.729 464.356
1115 0 58.5739 19.3943 1136 105.291 736.189 459.982
1116 0 60.1186 13.1906 793 112.632 736.889 463.449
1117 0 61.0679 15.0161 917 110.26 738.786 461.845
1118 0 62.1621 13.0626 812 113.2 737.229 462.858
1119 0 68.1135 16.0908 1096 106.902 738.716 462.448
1120 0 65.0632 14.5243 945 111.189 738.559 459.897
1121 0 68.1689 12.8798 878 112.941 737.835 466.69
1122 0 69.0648 14.624 1010 111.179 738.171 461.83
1123 0 76.2678 15.4194 1176 107.698 738.388 468.515
1124 0 73.1376 14.9308 1092 111.355 737.866 462.014
1125 0 76.3245 14.9362 1140 111.217 738.139 466.864
1126 0 79.1265 16.6442 1317 109.387 737.14 465.25
1127 0 81.2022 14.9996 1218 112.601 736.597 461.174
1128 0 85.3355 14.7067 1255 113.496 737.003 461.927
1129 0 86.1115 14.6554 1262 113.353 734.697 464.731
1130 0 88.08 12.9314 1139 117.155 733.399 458.113
1131 0 94.0747 16.8377 1584 110.488 732.866 461.437
1132 0 95.1732 13.0394 1241 117.103 732.632 460.849
1133 0 99.1817 16.9991 1686 109.068 731.907 456.332
1134 1 54.2106 10.0534 545 111.505 733.068 476.121
1135 0 52.2011 8.62052 450 115.349 730.467 477.511
1136 0 56.3582 11.9947 676 112.028 731.601 477.268
1137 0 55.3998 12.5813 697 116.067 729.788 471.412
1138 0 55.3998 12.7076 704 130.511 729.803 471.324
1139 0 61.2672 12.5353 768 116.052 730.496 471.462
1140 0 63.2288 12.4152 785 117.278 729.967 465.727
1141 0 67.292 13.434 904 115.362 729.265 464.73
1142 0 67.2323 13.788 927 116.262 729.799 462.227
1143 0 70.2072 13.7023 962 118.793 729.285 462.746
1144 0 69.1381 12.2942 850 124.935 728.815 456.671
1145 0 73.1814 14.9628 1095 119.95 728.489 456.251
1146 0 76.1877 13.7817 1050 122.613 730.139 452.727
1147 0 79.5351 12.8119 1019 123.198 729.826 454.139
1148 0 81.3058 14.0211 1140 121.211 730.346 452.303
1149 0 82.3782 15.9023 1310 119.001 728.531 448.768
1150 0 87.0937 12.9171 1125 121.694 732.283 451.946
1151 0 90.1151 13.7824 1242 120.093 733.378 450.076
1152 0 91.1369 12.4209 1132 122.451 732.691 448.764
1153 1 50.0304 11.8328 592 118.519 734.742 465.944
1154 0 50.0304 11.8128 591 128.941 735.736 465.831
1155 0 53.3922 13.3727 714 117.807 734.737 462.88
1156 0 57.2446 13.8703 794 120.005 733.758 465.855
1157 0 57.1259 15.6847 896 117.694 732.357 464.577
1158 0 57.1828 13.7104 784 121.722 733.038 463.749
1159 0 58.1364 13.9155 809 121.703 733.31 462.973
1160 0 62.0724 14.1609 879 121.086 735.234 461.573
1161 0 65.2294 14.472 944 120.151 733.748 462.177
1162 0 68.1339 17.6271 1201 112.863 735.386 466.843
1163 0 69.0683 14.8404 1025 118.9 735.019 464.076
1164 0 71.0544 15.9878 1136 117.238 735.357 462.229
1165 0 73.2144 15.8165 1158 116.813 735.605 463.828
1166 0 76.2202 15.101 1151 118.04 735.712 464.072
1167 0 80.1629 16.8407 1350 115.73 735.865 463.281
1168 0 82.4144 14.3786 1185 119.646 734.95 462.325
1169 0 85.1434 14.5519 1239 118.678 734.58 459.99
1170 0 88.0486 15.2416 1342 119.346 733.539 458.145
1171 0 89.0996 12.5927 1122 124.745 732.837 458.21
1172 0 91.2597 12.6781 1157 124.82 733.248 455.376
1173 1 48.0478 8.09611 389 124.486 731.638 481.769
1174 0 53.0841 11.8491 629 119.072 730.609 479.61
1175 0 57.288 12.1841 698 115.189 732.883 476.779
1176 0 55.1291 14.203 783 110.84 732.086 475.609
1177 0 53.2451 11.7194 624 116.867 731.585 470.215
1178 0 58.2742 11.6518 679 113.471 730.324 472.722
1179 0 59.0796 11.1375 658 120.465 731.508 475.734
1180 0 64.1441 13.9062 892 115.385 730.686 473.795
1181 0 65.1915 11.3819 742 117.892 730.898 474.904
1182 0 68.2098 13.1359 896 114.592 730.743 466.96
1183 0 70.1541 13.5131 948 114.345 730.387 462.887
1184 0 72.2028 10.3597 748 116.671 730.552 464.833
1185 0 75.1923 11.6767 878 113.692 729.74 461.538
1186 0 77.2845 11.49 888 114.993 729.11 456.818
1187 0 81.4064 14.5197 1182 110.55 728.871 454.788
1188 0 85.2375 12.8465 1095 111.368 729.364 455.405
1189 0 86.2196 15.8317 1365 108.866 729.404 453.945
1190 0 88.2064 13.6498 1204 113.092 729.851 447.4
1191 0 93.379 13.8468 1293 111.651 730.073 451.305
1192 0 96.255 15.0226 1446 110.851 731.235 444.704
1193 0 99.3485 13.9509 1386 112.942 731.488 442.649
1194 0 102.192 12.4765 1275 115.463 730.922 439.322
1195 0 105.373 14.1403 1490 113.259 732.175 433.807
1196 0 107.339 12.3999 1331 115.284 731.965 435.627
1197 0 112.308 13.4274 1508 113.603 733.115 435.131
1198 1 59.1288 10.0797 596 111.399 732.206 460.257
1199 0 62.4026 14.2622 890 107.528 732.687 456.371
1200 0 67.2511 20.2971 1365 103.536 734.657 463.566
1201 0 65.1364 11.1766 728 117.12 736.28 461.806
1202 0 67.1981 11.0122 740 112.876 736.134 457.428
1203 0 69.2752 10.8264 750 113.361 736.272 457.68
1204 0 71.1102 10.5892 753 113.616 735.74 458.418
1205 0 74.3618 11.3499 844 112.434 735.72 452.816
1206 0 77.1429 12.1204 935 110.991 737.063 459.965
1207 0 81.1334 15.6656 1271 106.976 736.888 455.661
1208 0 83.1674 10.8456 902 113.455 736.258 460.452
1209 0 84.2243 9.58156 807 115.674 734.985 459.688
1210 0 88.3833 10.5563 933 115.527 733.781 449.88
1211 0 92.2523 11.9997 1107 113.049 734.257 453.026
1212 0 93.216 13.399 1249 110.669 733.898 455.542
1213 0 97.7665 12.6628 1238 112.662 734.174 451.58
1214 1 51.3049 11.305 580 111.819 732.238 473.483
1215 0 50.4558 13.5762 685 110.742 732.461 472.804
1216 0 55.4974 11.5321 640 112.795 731.341 473.573
1217 0 53.6128 11.4152 612 115.02 730.474 470.386
1218 0 54.2676 10.0428 545 117.598 729.18 474.791
1219 0 57.1056 12.8534 734 112.623 729.625 471.936
1220 0 58.1444 11.6778 679 113.857 728.549 469.807
1221 0 63.2393 16.145 1021 107.149 727.998 466.123
1222 0 64.241 12.671 814 110.842 726.735 468
1223 0 65.1595 13.9657 910 111.205 728.233 462.765
1224 0 68.2023 15.0875 1029 108.839 727.138 464.245
1225 0 69.2159 14.2019 983 111.702 725.878 461.083
1226 0 72.149 11.7119 845 114.486 725.626 462.773
1227 0 78.2086 16.7501 1310 106.189 725.899 462.96
1228 0 78.1738 13.5851 1062 111.78 726.111 459.424
1229 0 81.3572 17.331 1410 106.043 726.377 459.679
1230 0 83.0699 15.1198 1256 110.436 726.167 454.541
1231 0 84.2316 12.4775 1051 115.027 726.912 452.41
1232 0 86.1116 14.9225 1285 112.43 727.062 447.279
1233 0 92.2642 12.7243 1174 111.399 727.221 445.07
1234 0 92.3072 13.7801 1272 110.478 727.778 447.353
1235 0 93.3564 10.4546 976 114.48 728.227 448.001
1236 0 98.524 10.6776 1052 115.739 730.394 440.845
1237 0 101.204 13.4283 1359 112.698 730.939 439.495
1238 1 53.1524 12.0785 642 110.38 730.516 459.182
1239 0 56.1012 13.5826 762 107.718 730.909 460.654
1240 0 58.2707 11.7726 686 110.264 731.908 455.303
1241 0 60.1277 14.8018 890 105.908 732.926 456.262
1242 0 60.1341 14.8501 893 115.462 732.899 456.123
1243 0 60.225 8.55126 515 115.676 733.095 458.703
1244 0 62.1961 8.843 550 116.433 733.493 454.142
1245 0 65.0882 9.86353 642 114.488 734.215 456.977
1246 0 69.274 13.9302 965 108.976 735.835 455.146
1247 0 70.2906 13.7999 970 109.831 736.904 456.888
1248 0 72.1848 14.9616 1080 107.923 735.831 457.456
1249 0 74.1055 11.4297 847 113.492 736.303 456.689
1250 0 79.1181 10.6676 844 114.719 734.796 459.064
1251 0 80.2096 12.3676 992 113.115 736.82 454.906
1252 0 82.1517 12.1483 998 114.828 734.638 455.836
1253 0 84.2494 12.0832 1018 116.982 734.995 453.724
1254 0 90.1982 9.45695 853 120.579 734.474 453.608
1255 0 92.1527 16.8308 1551 108.306 733.861 458.45
1256 0 94.1173 15.7994 1487 111.212 734.258 454.493
1257 0 96.2782 14.1153 1359 115.173 733.528 452.607
1258 0 100.375 13.1407 1319 117.564 732.986 452.261
1259 1 55.1179 9.99675 551 118.385 731.868 470.662
1260 0 56.1412 12.3083 691 115.819 730.508 469.606
1261 0 57.3028 13.6468 782 114.99 731.275 465.127
1262 0 59.5196 11.8784 707 115.562 730.395 468.792
1263 0 63.346 13.1184 831 116.01 729.38 469.735
1264 0 66.4677 13.2094 878 115.395 729.007 468.862
1265 0 65.2413 11.2965 737 111.718 728.65 470.122
1266 0 69.3583 11.8659 823 113.08 727.893 462.762
1267 0 68.2727 10.4727 715 116.759 728.58 459.057
1268 0 70.2787 10.686 751 131.678 728.549 459.827
1269 0 70.2872 10.4855 737 115.843 727.574 460.322
1270 0 76.3702 13.5655 1036 110.637 727.507 457.063
1271 0 80.375 12.902 1037 110.336 727.281 459.09
1272 0 80.4065 10.2604 825 115.784 728.234 454.446
1273 0 81.4481 9.83449 801 119 727.416 446.871
1274 0 85.2759 11.8674 1012 116.545 728.496 446.667
1275 0 88.1133 10.8383 955 119.215 727.154 446.813
1276 0 92.2471 14.4937 1337 113.242 728.388 444.712
1277 0 95.2144 11.5949 1104 116.04 730.156 441.869
1278 1 51.2408 11.3777 583 110.213 730.451 466.087
1279 0 54.3837 11.8786 646 116.44 730.045 457.703
1280 0 55.346 13.0994 725 113.287 730.992 463.203
1281 0 49.2726 9.25463 456 125.107 730.943 452.285
1282 0 57.4244 12.7298 731 116.268 732.889 456.963
1283 0 58.2494 12.292 716 119.225 732.264 454.711
1284 0 61.2877 16.496 1011 112.673 734.063 454.498
1285 0 60.1447 9.66004 581 124.391 734.718 453.126
1286 0 66.3663 13.0789 868 117.399 735.559 454.097
1287 0 70.2795 11.7104 823 120.357 734.625 451.575
1288 0 72.2394 16.1408 1166 110.742 735.479 457.796
1289 0 72.1314 12.4911 901 118.178 735.946 454.364
1290 0 75.2781 12.4073 934 119.843 735.892 455.102
1291 0 77.1345 15.4665 1193 113.968 736.687 457.006
1292 0 78.2608 11.8578 928 122.968 736.45 449.447
1293 0 83.1763 17.4208 1449 112.358 736.743 455.231
1294 0 86.1977 11.8797 1024 120.011 735.558 456.188
1295 0 89.1977 12.7582 1138 120.031 734.982 452.135
1296 1 47.5458 7.50854 357 116.392 736.756 473.933
1297 0 49.3123 11.3359 559 115.011 736.179 469.36
1298 0 52.4475 11.7832 618 111.299 737.492 469.877
1299 0 54.2191 13.7959 748 107.592 737.937 471.918
1300 0 54.2782 11.4226 620 112.869 735.261 469.208
1301 0 57.1582 12.999 743 109.268 734.935 468.925
1302 0 58.4024 13.0132 760 108.707 732.989 469.079
1303 0 60.2279 12.0376 725 110.189 732.212 467.921
1304 0 59.1108 9.71059 574 112.686 731.317 469.852
1305 0 65.1796 11.476 748 111.576 730.41 464.393
1306 0 66.3643 13.4862 895 108.636 730.16 463.79
1307 0 66.1508 10.6121 702 113.708 730.087 459.534
1308 0 73.1049 17.3039 1265 104.925 728.303 454.848
1309 0 75.3328 11.7877 888 112.131 727.557 455.886
1310 0 79.3087 10.995 872 113.044 728.925 453.982
1311 0 85.2282 20.3688 1736 99.8462 729.086 455.901
1312 0 85.2564 13.6999 1168 110.599 729.188 448.438
1313 0 86.2928 11.8782 1025 114.006 727.299 441.92
1314 0 88.2001 11.2698 994 115.867 728.144 443.695
1315 1 44.3518 9.96577 442 115.921 728.072 464.143
1316 0 47.1985 9.25877 437 111.783 729.719 464.311
1317 0 48.2005 10.7675 519 109.969 729.308 463.503
1318 0 50.202 11.7924 592 108.064 729.632 461.505
1319 0 48.1061 9.16723 441 114.474 730.522 456.261
1320 0 52.0903 14.8588 774 105.966 730.913 456.925
1321 0 54.188 14.5235 787 117.4 731.375 463.906
1322 0 56.165 12.1606 683 123.07 733.231 459.204
1323 0 56.1671 11.0207 619 124.937 733.554 460.645
1324 0 61.0582 12.7583 779 120.969 735.63 460.13
1325 0 60.0926 13.0299 783 120.591 736.714 459.683
1326 0 62.1483 12.5667 781 122.238 735.143 457.561
1327 0 64.2989 12.5352 806 121.916 736.151 459.202
1328 0 67.3536 13.6889 922 120.412 737.155 458.688
1329 0 68.4184 18.6938 1279 112.129 736.459 460.235
1330 1 144.572 11.5029 1663 123.918 736.844 426.837
1331 0 144.572 11.4891 1661 149.758 737.855 426.603
1332 1 72.4147 11.227 813 125.276 737.522 458.902
1333 0 80.2638 14.7763 1186 116.558 736.825 459.546
1334 0 80.5476 13.4951 1087 120.687 737.351 455.419
1335 0 83.4289 16.1814 1350 116.616 736.361 456.472
1336 0 85.4165 16.5776 1416 113.689 736.004 453.763
1337 0 85.3609 12.1133 1034 120.77 735.212 459.711
1338 0 89.6327 14.3474 1286 116.785 733.807 457.189
1339 0 95.8491 13.8238 1325 119.124 734.787 451.173
1340 1 54.2601 13.7117 744 118.28 733.238 472.742
1341 0 55.2772 12.1931 674 114.969 732.598 472.301
1342 0 56.2954 14.4239 812 114.643 733.09 471.952
1343 0 60.6321 15.2724 926 110.811 731.586 476.216
1344 0 62.1055 16.7135 1038 109.642 730.741 471.341
1345 0 62.1345 14.1306 878 114.956 728.95 469.893
1346 0 63.2304 13.174 833 117.511 729.545 469.281
1347 0 62.1832 9.72931 605 124.22 728.557 468.8
1348 0 62.1832 9.74539 606 125.693 726.584 468.642
1349 0 71.2576 13.4863 961 117.647 727.517 466.57
1350 0 74.2443 17.0922 1269 111.507 728.495 463.532
1351 0 75.4161 14.5194 1095 116.65 728.357 462.177
1352 0 76.2785 13.1754 1005 120.799 727.134 457.212
1353 0 79.1449 15.9202 1260 116.68 728.063 457.079
1354 0 82.2469 11.6843 961 124.233 726.374 454.252
1355 0 86.1788 15.6419 1348 117.614 726.963 452.205
1356 1 43.021 10.2508 441 122.594 725.027 475.553
1357 0 45.0258 10.8382 488 124.727 724.895 472.32
1358 0 47.0561 10.6256 500 128.89 725.448 469.688
1359 0 50.4675 11.1161 561 129.957 726.535 463.722
1360 0 51.4374 13.1033 674 126.586 727.634 463.829
1361 0 52.4772 12.6722 665 127.477 728.038 464.134
1362 0 53.3429 14.9036 795 124.108 728.717 461.745
1363 0 56.4948 12.4613 704 128.439 729.151 462.05
1364 0 54.478 11.087 604 134.031 730.32 459.666
1365 0 58.0549 12.5054 726 129.536 734.587 458.461
1366 0 60.1023 14.1093 848 126.32 735.781 454.43
1367 0 61.1529 12.7713 781 129.218 734.335 456.821
1368 0 65.1411 12.7416 830 127.157 735.448 456.528
1369 0 68.1365 14.5003 988 122.022 736.716 457.264
1370 0 68.1309 12.065 822 128.387 737.144 454.691
1371 0 71.1792 12.602 897 125.663 737.575 454.561
1372 0 74.1768 15.7462 1168 119.181 738.229 455.326
1373 0 75.095 12.7305 956 126.685 737.338 453.236
1374 0 80.1938 16.0736 1289 118.813 739.054 454.431
1375 0 81.2322 12.9752 1054 125.09 737.903 452.494
1376 0 86.1051 13.4719 1160 124.162 738.841 451.913
1377 0 85.0874 12.4108 1056 127.081 739.014 451.656
1378 0 89.2005 14.2152 1268 123.069 738.912 450.621
1379 0 93.1878 14.122 1316 123.265 737.982 449.879
1380 1 52.0995 14.242 742 113.648 738.644 477.59
1381 0 51.1744 14.6167 748 112.405 737.563 472.991
1382 0 51.3579 15.3433 788 112.934 738.053 472.975
1383 0 51.3579 15.3044 786 122.363 739.084 473.12
1384 0 54.1103 13.6018 736 113.443 737.717 478.796
1385 0 55.1163 16.1658 891 111.015 736.14 475.626
1386 0 57.0472 15.8816 906 110.933 734.716 473.542
1387 0 57.063 13.0558 745 116.697 732.954 473.094
1388 0 59.0798 13.6426 806 115.583 732.959 471.135
1389 0 61.1428 15.6682 958 112.158 731.448 471.508
1390 0 63.2235 13.9663 883 115.219 731.521 469.307
1391 0 64.2146 13.0189 836 115.828 731.602 472.236
1392 0 67.3819 12.8521 866 115.44 731.663 467.845
1393 0 71.1758 12.3497 879 114.711 731.268 465.379
1394 0 72.2164 10.967 792 117.759 731.207 463.519
1395 0 75.2362 16.5346 1244 109.083 729.544 461.974
1396 0 75.3537 12.5276 944 116.112 729.99 456.593
1397 0 76.3701 13.1727 1006 116.291 728.646 455.488
1398 0 80.0927 15.2448 1221 112.406 729.303 458.448
1399 0 82.438 12.3365 1017 117.874 728.879 448.957
1400 0 83.3752 14.7766 1232 115.667 729.241 447.334
1401 0 89.2611 19.1909 1713 109.353 729.583 444.349
1402 0 90.4194 14.9525 1352 117.218 729.845 445.233
1403 0 88.332 13.3021 1175 118.518 729.179 441.125
1404 0 83.2265 13.3611 1112 121.352 728.741 438.857
1405 0 88.162 14.791 1304 118.162 730.604 444.638
1406 1 112.602 19.982 2250 107.22 731.207 426.164
1407 0 112.377 25.1118 2822 102.177 732.08 430.103
1408 0 114.436 19.7141 2256 108.48 732.546 424.342
1409 0 112.401 16.3432 1837 115.512 733.136 427.495
1410 0 115.586 19.8207 2291 110.636 732.56 431.675
1411 1 58.0854 10.6567 619 123.864 735.047 457.633
1412 0 64.1281 16.2487 1042 112.745 735.636 463.734
1413 0 64.3999 17.4069 1121 111.307 734.413 464.5
1414 0 64.3999 17.3913 1120 132.405 733.452 464.522
1415 0 68.2634 15.5427 1061 112.992 733.932 459.908
1416 0 68.1952 14.0479 958 117.077 734.163 454.645
1417 0 68.1952 13.9893 954 137.852 734.166 454.628
1418 0 72.2226 14.4276 1042 117.637 734.59 456.457
1419 0 73.1511 14.8323 1085 117.683 734.761 453.875
1420 0 77.1943 15.7395 1215 116.218 735.714 455.78
1421 0 80.2256 14.5091 1164 118.958 734.717 454.686
1422 0 83.1843 16.8541 1402 115.051 734.417 458.016
1423 0 86.1672 18.6266 1605 112.065 734.222 461.115
1424 0 88.149 13.4885 1189 119.815 733.552 460.013
1425 0 90.1634 14.3628 1295 119.763 733.615 458.583
1426 0 94.2623 14.0035 1320 119.217 734.25 459.326
1427 0 97.2283 13.638 1326 120.395 733.85 459.17
1428 0 101.728 15.3154 1558 117.98 734.364 456.236
1429 0 104.423 14.6137 1526 119.067 732.588 454.028
1430 0 108.372 13.9981 1517 119.925 732.246 452.609
1431 0 116.349 15.316 1782 114.589 731.258 450.025
1432 1 64.0971 12.6683 812 113.328 731.558 472.741
1433 0 64.2199 10.4952 674 117.322 730.162 471.772
1434 0 65.2399 12.0632 787 118.155 730.734 465.776
1435 0 70.1992 14.872 1044 112.304 729.402 466.775
1436 0 74.1703 14.4532 1072 112.668 730.478 460.127
1437 0 75.1143 13.3264 1001 115.127 729.391 460.464
1438 0 79.109 15.4218 1220 111.12 729.26 464.243
1439 0 81.2821 14.5542 1183 114.192 727.967 457.03
1440 0 85.2038 14.3773 1225 112.169 727.199 459.51
1441 0 85.3049 10.0815 860 120.376 729.195 457.292
1442 0 88.063 12.9566 1141 116.101 729.238 452.936
1443 0 89.3002 11.7805 1052 118.697 729.235 449.221
1444 0 96.2428 13.4867 1298 115.602 730.32 450.284
1445 1 51.0831 12.5873 643 117.213 729.535 467.199
1446 0 50.1519 9.67063 485 124.041 731.311 465.262
1447 0 54.1494 15.8635 859 113.849 731.355 463.289
1448 0 57.1693 13.3813 765 115.613 731.759 464.247
1449 0 57.0956 12.0675 689 121.875 731.303 458.089
1450 0 59.21 12.2952 728 121.08 732.493 460.365
1451 0 56.0532 9.79427 549 126.297 732.557 460.88
1452 0 60.138 11.141 670 120.955 733.607 463.363
1453 0 60.138 11.1577 671 133.128 734.604 463.18
1454 0 67.2215 13.8944 934 116.31 734.191 461.283
1455 0 71.2606 14.1172 1006 114.496 734.899 462.579
1456 0 74.2517 11.3802 845 120.761 735.847 456.446
1457 0 76.3483 12.7442 973 117.563 736.516 458.954
1458 0 78.5505 9.82808 772 119.109 736.04 462.867
1459 0 80.2426 13.509 1084 116.806 736.819 457.425
1460 0 81.2744 8.96962 729 123.647 737.095 462.608
1461 1 45.2772 10.1596 460 122.663 738.883 472.559
1462 0 45.4358 11.4887 522 119.734 738.287 472.897
1463 0 48.6707 10.1293 493 122.041 737.751 471.254
1464 0 48.3919 12.0475 583 116.746 736.988 467.141
1465 0 49.5507 11.1401 552 119.982 735.759 467.183
1466 0 54.4212 14.4062 784 113.221 735.511 466.216
1467 0 53.3627 13.53 722 115.795 735.817 468.048
1468 0 54.459 10.5033 572 120.712 734.766 465.963
1469 0 59.1568 11.8499 701 117.772 735.947 471.899
1470 0 59.1109 13.4831 797 114.368 736.551 468.258
1471 0 62.2185 11.4275 711 121.775 733.252 473.194
1472 0 65.2717 15.1674 990 113.704 733.276 476.643
1473 0 66.4856 15.0709 1002 114.509 730.441 469.456
1474 0 70.6778 16.6389 1176 110.757 730.157 469.175
1475 0 69.5815 13.3369 928 117.155 729.731 472.167
1476 0 73.4702 12.7943 940 119.295 729.809 464.413
1477 0 76.3486 14.5779 1113 116.268 727.997 462.58
1478 0 78.5138 15.908 1249 113.5 727.845 462.517
1479 0 82.4352 12.2157 1007 118.607 727.914 462.222
1480 0 84.3495 15.6847 1323 113.381 727.043 456.332
1481 0 86.3108 17.5413 1514 110.526 727.732 457.03
1482 0 89.3718 14.1767 1267 114.923 726.776 453.217
1483 0 92.2978 15.0383 1388 113.749 727.315 452.341
1484 1 47.1453 12.9175 609 116.218 727.074 471.617
1485 0 49.0599 11.8834 583 116.139 729.947 468.887
1486 0 52.0608 12.8888 671 113.465 730.82 469.873
1487 0 54.2092 16.3441 886 107.462 726.655 462.476
1488 0 53.1779 9.72208 517 129.015 725.24 467.998
1489 0 56.0787 13.2492 743 109.163 727.585 464.59
1490 0 57.1561 11.7048 669 112.112 728.217 462.836
1491 0 57.1874 13.0273 745 110.729 728.228 462.536
1492 0 62.2108 13.9204 866 108.857 728.038 462.682
1493 0 64.1605 11.1907 718 113.312 730.061 457.599
1494 0 63.2225 12.5588 794 112.467 729.031 458.689
1495 0 65.2097 11.8234 771 113.812 730.195 459.909
1496 0 64.1596 11.3311 727 114.637 731.878 457.587
1497 0 71.149 15.5589 1107 106.877 732.035 458.975
1498 0 73.2324 15.007 1099 108.204 732.95 452.324
1499 0 74.1598 12.7967 949 111.185 733.119 452.12
1500 0 77.2103 13.1459 1015 110.886 734.068 455.577
1501 0 79.1605 13.5042 1069 110.327 734.206 456.721
1502 0 79.3962 13.1241 1042 111.131 734.489 454.761
1503 0 81.152 12.6183 1024 112.403 733.781 453.021
1504 0 85.2172 12.5562 1070 112.713 734.588 453.085
1505 0 87.1848 13.133 1145 111.296 735.122 453.12
1506 0 89.458 13.9395 1247 109.592 734.628 456.317
1507 1 48.0342 14.2607 685 110.288 734.669 475.289
1508 0 49.0589 15.1858 745 108.374 733.11 475.972
1509 0 52.0774 9.73551 507 115.535 734.85 477.54
1510 0 52.3785 9.58409 502 116.219 736.108 473.361
1511 0 55.0198 11.2323 618 113.401 736.877 474.265
1512 0 56.0511 14.915 836 108.024 737.453 475.397
1513 0 57.1701 16.4422 940 105.754 735.711 475.918
1514 0 63.1409 11.3872 719 111.798 736.573 476.21
1515 0 61.0415 13.8431 845 110 735.747 473.628
1516 0 59.1566 10.9709 649 114.744 734.173 473.145
1517 0 63.1864 14.1803 896 110.568 733.408 469.241
1518 0 64.1181 11.8219 758 114.24 731.612 467.344
1519 0 68.2103 13.6343 930 111.047 731.594 470.51
1520 0 69.2237 13.4203 929 112.015 730.733 467.512
1521 0 71.2238 12.8749 917 112.781 729.999 468.955
1522 0 74.2603 13.4661 1000 112.56 730.258 462.478
1523 0 71.3122 10.7275 765 117.071 730.17 464.935
1524 0 78.2771 16.1094 1261 109.343 729.783 458.047
1525 0 85.1799 17.3985 1482 105.941 730.247 461.34
1526 0 85.3185 17.464 1490 107.993 729.112 454.598
1527 0 91.2628 14.661 1338 110.132 729.824 456.883
1528 0 90.1994 13.3371 1203 112.719 729.911 455.283
1529 0 98.2031 16.6492 1635 107.683 729.954 453.577
1530 0 97.1343 14.6704 1425 109.239 729.582 456.288
1531 0 104.288 20.2707 2114 103.323 730.504 445.753
1532 1 204.405 15.5769 3184 110.549 730.661 414.822
1533 1 109.154 15.4186 1683 111.29 731.682 442.417
1534 1 56.1288 17.0679 958 109.915 732.622 466.681
1535 0 56.0825 12.7491 715 119.287 732.58 461.6
1536 0 56.128 11.0996 623 119.96 733.093 454.178
1537 0 63.2577 18.5906 1176 102.293 732.163 459.168
1538 0 64.25 15.2685 981 107.958 733.966 460.121
1539 0 64.1889 11.4038 732 111.958 733.387 465.572
1540 0 67.2352 13.8915 934 110.411 734.723 454.436
1541 0 71.4028 10.0836 720 115.408 734.464 464.715
1542 0 73.251 13.3377 977 112.348 735.563 461.116
1543 0 73.251 13.3377 977 134.751 736.58 461.002
1544 0 74.2735 15.6987 1166 111.266 735.945 455.932
1545 0 78.1827 15.0161 1174 108.11 735.378 464.464
1546 0 81.1338 15.0369 1220 111.676 736.027 459.239
1547 0 80.2004 13.0548 1047 114.32 735.303 462.312
1548 0 84.1738 14.7077 1238 114.581 735.932 456.228
1549 1 191.992 11.4692 2202 118.333 735.292 429.427
1550 0 192.517 10.8354 2086 121.884 735.442 423.628
1551 0 192.612 16.811 3238 114.309 735.843 415.695
1552 1 94.1815 13.5058 1272 119.433 734.887 455.206
1553 0 100.239 15.0041 1504 115.743 735.507 457.971
1554 0 104.323 16.1134 1681 115.294 735.012 457.482
1555 1 52.2684 11.6323 608 120.658 733.436 474.88
1556 0 54.139 14.0379 760 119.424 732.808 475.487
1557 0 56.1959 14.2359 800 116.929 733.791 477.289
1558 0 58.162 16.2305 944 114.462 732.115 477.106
1559 0 57.1341 14.0722 804 118.254 732.228 479.301
1560 0 62.3044 19.164 1194 110.419 731.885 474.8
1561 0 61.4619 12.7721 785 122.373 730.561 473.132
1562 0 64.1363 13.8767 890 120.384 730.373 472.307
1563 0 68.2023 17.7413 1210 113.488 729.327 469.885
1564 0 67.2457 15.6441 1052 118.567 729.752 468.71
1565 0 77.3685 19.5687 1514 109.225 729.367 470.655
1566 0 73.1848 13.746 1006 121.323 729.002 467.812
1567 0 74.172 17.6751 1311 115.445 728.966 464.333
1568 0 77.2489 18.6669 1442 112.913 729.08 468.751
1569 0 78.3689 16.1671 1267 119.444 728.772 460.777
1570 0 81.2565 16.0972 1308 118.381 728.505 460.838
1571 0 83.1641 14.9704 1245 121.165 726.908 457.524
1572 0 87.2483 16.5275 1442 118.501 726.743 454.286
1573 0 90.3288 17.1817 1552 116.174 727.864 456.318
1574 0 92.3284 15.2607 1409 119.855 728.334 449.869
1575 0 93.2079 12.8101 1194 124.917 728.388 447.206
1576 0 99.1921 14.8197 1470 119.362 729.866 449.987
1577 0 105.154 15.6818 1649 119.627 731.157 440.492
1578 0 108.188 19.1611 2073 113.897 732.381 440.545
1579 0 112.262 15.8468 1779 119.771 732.071 439.08
1580 0 117.845 16.0719 1894 124.168 732.588 429.954
1581 0 119.304 15.054 1796 124.175 732.555 430.435
1582 0 125.866 16.0091 2015 123.438 732.929 430.997
1583 1 57.1855 13.1677 753 129.112 733.748 455.684
1584 0 61.5835 16.9039 1041 120.64 733.662 456.752
1585 0 65.2226 17.8006 1161 119.774 734.931 454.837
1586 0 65.4954 17.9402 1175 122.994 735.392 457.1
1587 0 68.2037 15.1311 1032 127.314 736.567 454.329
1588 0 69.1996 16.055 1111 127.122 736.197 453.338
1589 0 73.5386 19.8943 1463 119.004 735.818 456.122
1590 0 74.3089 17.5349 1303 125.899 736.246 453.762
1591 0 77.243 16.0662 1241 130.404 736.795 451.869
1592 0 79.4302 17.336 1377 127.954 736.49 454.986
1593 0 79.6658 14.8244 1181 133.92 736.014 457.14
1594 0 85.2743 15.9251 1358 132.513 736.239 453.655
1595 0 86.3606 14.9489 1291 135.273 734.64 452.05
1596 0 91.6094 15.5879 1428 131.727 735.095 452.179
1597 1 47.7118 12.9947 620 132.561 734.189 474.323
1598 0 51.0393 13.088 668 133.362 734.485 472.007
1599 0 53.2938 16.1557 861 126.274 733.915 470.908
1600 0 55.4848 14.6527 813 129.462 732.232 469.638
1601 0 56.192 14.3437 806 131.155 731.496 467.732
1602 0 55.4296 13.1157 727 135.177 730.487 465.472
1603 0 60.394 14.571 880 130.535 731.26 464.848
1604 0 62.3379 15.1433 944 129.296 728.911 465.444
1605 0 64.4492 13.3594 861 132.381 729.732 463.744
1606 0 65.3623 14.4426 944 130.891 729.346 461.242
1607 0 69.7137 16.3096 1137 127.16 728.206 460.117
1608 0 69.3327 16.3127 1131 128.592 728.835 458.226
1609 0 73.4839 13.5268 994 133.574 727.347 456.331
1610 0 74.2617 13.8429 1028 134.624 727.946 451.348
1611 0 77.188 13.3959 1034 134.527 727.902 452.237
1612 0 78.3876 14.8365 1163 131.724 727.651 448.847
1613 0 82.4728 15.8355 1306 130.082 728.223 447.325
1614 0 83.5953 16.1253 1348 130.724 727.128 443.693
1615 0 87.3853 16.7534 1464 129.331 727.898 439.96
1616 0 89.2906 16.8103 1501 128.458 727.39 439.965
1617 0 90.5625 15.6577 1418 132.456 728.764 436.101
1618 0 95.3748 15.2451 1454 130.563 729.862 441.461
1619 0 95.2198 13.012 1239 136.701 729.877 436.697
1620 0 97.3052 14.1719 1379 135.719 729.822 433.615
1621 0 100.336 15.4082 1546 133.239 730.647 432.288
1622 0 105.282 17.8378 1878 128.776 730.938 428.338
1623 0 110.225 14.661 1616 134.26 732.236 427.403
1624 0 114.379 17.8354 2040 127.62 732.241 426.132
1625 0 120.181 20.4109 2453 123.548 731.539 419.524
1626 0 122.511 17.2719 2116 128.526 733.01 422.154
1627 0 127.203 16.0059 2036 130.697 732.929 418.633
1628 0 131.306 15.3459 2015 132.986 734.355 414.246
1629 0 135.368 15.3803 2082 133.579 734.915 413.14
1630 0 139.294 13.7336 1913 136.99 735.19 410.899
1631 0 146.546 16.2543 2382 132.457 735.442 409.602
1632 0 146.293 13.3773 1957 138.577 735.536 408.486
1633 0 157.513 16.3478 2575 130.749 736.088 416.248
1634 0 163.573 19.0435 3115 125.472 736.508 417.061
1635 0 164.316 15.5493 2555 134.647 737 408.145
1636 0 172.456 15.6909 2706 131.69 734.667 415.829
1637 0 176.446 14.248 2514 135.37 735.3 415.041
1638 0 183.289 16.9459 3106 131.38 735.201 401.757
1639 0 190.401 15.3938 2931 133.846 734.961 398.199
1640 1 99.2222 12.9205 1282 136.488 734.142 445.546
1641 0 103.17 16.8557 1739 128.402 732.863 446.773
1642 0 107.399 15.8847 1706 130.54 732.747 443.147
1643 0 112.412 13.9131 1564 134.101 732.879 439.414
1644 0 119.492 14.1599 1692 132.724 731.543 438.959
1645 0 120.312 14.2795 1718 134.816 730.882 440.781
1646 0 126.436 15.5257 1963 134.756 729.504 430.53
1647 0 133.421 15.9945 2134 131.305 729.818 436.518
1648 1 75.3935 12.8393 968 122.864 729.096 463.63
1649 0 74.1807 12.0112 891 125.259 727.213 461.722
1650 0 79.1027 14.715 1164 115.599 728.888 459.874
1651 0 81.3318 10.9428 890 121.448 727.47 454.482
1652 0 85.1951 14.3553 1223 116.421 728.334 452.992
1653 0 88.2537 12.6 1112 118.82 727.357 452.647
1654 0 88.2257 11.6066 1024 123.118 726.643 451.313
1655 0 91.2546 11.1008 1013 122.882 726.599 447.807
1656 0 96.1536 11.9184 1146 121.821 727.013 447.728
1657 0 98.0762 11.8785 1165 122.439 726.39 441.647
1658 0 103.524 11.437 1184 127.508 727.308 439.002
1659 0 104.255 11.8748 1238 121.819 726.879 440.2
1660 0 109.401 10.7038 1171 123.364 728.395 436.114
1661 0 113.173 11.2217 1270 123.485 729.431 428.662
1662 1 66.2516 9.81108 650 117.882 728.715 457.366
1663 0 64.4065 8.32214 536 124.297 730.67 453.25
1664 0 69.4539 10.1362 704 119.938 732.964 453.524
1665 0 68.176 10.2089 696 121.68 732.494 448.447
1666 0 74.2651 13.2633 985 116.006 732.921 451.331
1667 0 77.3191 10.0234 775 121.08 733.977 448.858
1668 0 79.1203 10.5409 834 121.464 734.029 446.24
1669 0 82.3159 10.9821 904 120.48 735.488 445.632
1670 0 83.1665 10.3768 863 122.01 735.984 446.374
1671 0 87.479 10.8026 945 121.624 735.866 446.212
1672 0 90.2436 9.82895 887 124.071 736.931 442.88
1673 1 47.0364 11.9694 563 116.563 737.602 467.488
1674 0 49.2696 12.2794 605 115.648 738.347 469.248
1675 0 51.1703 11.022 564 121.879 739.562 467.493
1676 0 52.3229 11.3717 595 120.966 737.597 467.099
1677 0 53.0933 11.169 593 121.187 737.755 469.111
1678 0 54.1889 10.5003 569 121.968 737.707 470.998
1679 0 54.1443 10.4905 568 123.908 737.845 466.998
1680 0 60.1103 12.3273 741 119.471 736.364 470.656
1681 0 59.1713 10.0725 596 122.253 735.267 472.025
1682 0 64.1734 11.6871 750 120.517 734.676 469.825
1683 0 64.0621 12.3942 794 119.408 735.373 470.703
1684 0 67.053 10.4395 700 122.89 735.053 471.634
1685 0 70.1058 10.9977 771 122.837 734.704 470.311
1686 0 71.1468 11.6941 832 122.897 733.221 467.98
1687 0 73.0825 10.4266 762 125.47 733.427 466.425
1688 1 151.626 13.6718 2073 128.76 732.075 424.432
1689 1 78.2203 10.3298 808 126.552 732.595 464.928
1690 0 82.3624 14.7276 1213 118.444 731.831 462.664
1691 0 84.2123 13.6441 1149 122.326 731.432 457.849
1692 1 44.2163 9.09168 402 121.306 730.995 479.771
1693 0 46.1485 9.53443 440 122.002 730.059 476.848
1694 0 47.2024 12.6053 595 117.931 730.049 474.076
1695 0 48.19 9.54554 460 122.846 728.998 476.783
1696 0 51.0286 12.738 650 117.038 729.023 471.055
1697 0 52.2499 11.3493 593 119.152 730.567 467.901
1698 0 52.2499 11.2728 589 119.818 730.56 467.805
1699 0 55.0655 12.5669 692 118.288 730.107 466.302
1700 0 56.0288 12.797 717 120.054 729.978 465
1701 0 57.127 14.8966 851 117.149 729.542 464.229
1702 0 59.1066 12.9258 764 126.199 730.373 466.554
1703 0 61.18 15.577 953 122.148 730.494 461.186
1704 0 60.2348 13.0655 787 127.787 732.118 459.784
1705 0 62.1748 13.06 812 128.394 731.786 459.931
1706 0 63.1288 13.5754 857 125.571 733.38 461.723
1707 0 66.2097 13.714 908 125.733 732.638 457.085
1708 0 69.1689 14.9345 1033 119.177 733.046 462.354
1709 0 66.1132 10.7089 708 152.648 735.181 457.347
1710 0 70.1842 14.7042 1032 125.655 733.778 454.544
1711 0 74.1288 17.591 1304 120.012 735.2 453.65
1712 0 74.1288 17.618 1306 128.606 736.235 453.696
1713 0 75.2146 16.8717 1269 122.733 736.16 453.063
1714 0 78.2144 14.0383 1098 127.789 736.775 450.291
1715 0 80.1034 20.0865 1609 117.122 736.924 450.452
1716 0 83.3892 13.2631 1106 129.433 737.118 450.024
1717 0 87.2897 12.3497 1078 129.569 736.987 453.293
1718 0 95.5091 13.5275 1292 127.133 736.481 449.713
1719 1 48.5099 11.1317 540 126.43 735.52 469.848
1720 0 51.369 11.9527 614 125.365 735.104 469.502
1721 0 51.4577 12.9621 667 123.646 736.187 471.258
1722 0 54.0412 16.7835 907 115.681 733.869 475.29
1723 0 55.1499 16.5005 910 116.908 733.337 475.571
1724 0 58.1248 15.0194 873 119.881 733.135 472.419
1725 0 59.1389 13.7642 814 121.799 733.357 474.158
1726 0 59.1159 13.888 821 133.129 734.358 474.294
1727 0 63.0854 14.3456 905 121.88 733.59 472.16
1728 0 61.0748 13.3934 818 124.967 732.572 469.756
1729 0 63.2145 11.3582 718 128.955 730.337 468.645
1730 0 68.0924 16.9182 1152 117.662 731.004 472.648
1731 0 70.0928 15.1799 1064 120.395 727.834 470.163
1732 0 72.1261 15.3204 1105 119.987 729.234 470.746
1733 0 75.2162 16.3795 1232 118.515 728.398 466.257
1734 0 77.1239 14.4962 1118 121.873 728.007 462.169
1735 0 79.1643 15.7773 1249 120.125 726.367 457.695
1736 0 84.3344 14.3595 1211 122.031 727.806 460.611
1737 0 86.4748 17.6005 1522 116.495 727.781 460.309
1738 0 85.161 15.6292 1331 122.09 727.785 453.132
1739 1 47.1592 11.6838 551 121.777 727.064 476.254
1740 0 46.232 15.2275 704 116.651 727.449 474.284
1741 0 46.418 10.5778 491 124.446 728.24 471.367
1742 0 51.2027 15.0773 772 115.37 727.53 473.604
1743 0 50.2163 11.7492 590 121.783 727.059 470.714
1744 0 53.2497 18.1034 964 111.301 728.279 468.197
1745 0 53.2509 17.3894 926 113.771 727.289 465.123
1746 0 56.214 15.7256 884 115.445 728.398 464.221
1747 0 56.2786 13.8596 780 119.035 728.912 463.649
1748 0 59.1618 16.4971 976 113.747 728.763 462.065
1749 0 59.2675 13.8525 821 116.86 728.038 459.599
1750 0 60.1178 13.1409 790 119.076 728.361 458.48
1751 0 61.1137 8.656 529 124.703 728.733 459.983
1752 0 67.2322 12.9253 869 117.535 729.678 458.449
1753 0 68.1164 8.58825 585 124.215 730.096 460.439
1754 0 71.1366 11.8786 845 120.317 730.488 456.497
1755 0 72.1537 12.903 931 120.263 731.779 453.696
1756 0 78.0849 15.0861 1178 115.657 731.39 451.96
1757 0 80.0857 14.1224 1131 117.095 731.727 453.248
1758 0 81.3645 13.6669 1112 117.119 732.816 456.411
1759 1 41.0322 11.1863 459 116.693 732.821 473.76
1760 0 41.0571 8.18373 336 124.533 732.783 470.598
1761 0 41.1538 10.9589 451 116.47 733.665 463.488
1762 0 46.1276 11.3381 523 118.727 733.669 469.384
1763 0 49.1507 13.774 677 117.038 734.62 474.575
1764 0 52.0459 14.3527 747 115.344 733.798 477.221
1765 0 49.0422 11.4391 561 115.189 734.128 480.321
1766 0 49.0422 11.3576 557 133.56 733.142 480.382
1767 0 54.2035 16.9546 919 106.815 733.07 480.753
1768 0 54.0615 11.5054 622 117.188 733.127 476.608
1769 0 56.1184 12.5449 704 114 733.533 481.27
1770 0 58.1557 12.1226 705 115.462 732.838 480.515
1771 0 57.1082 11.4344 653 117.894 730.801 477.985
1772 1 130.333 13.7724 1795 120.691 731.023 444.003
1773 0 132.332 12.65 1674 123.583 729.088 439.751
1774 1 65.2712 12.9153 843 114.571 730.072 472.069
1775 0 67.2943 13.2255 890 112.616 729.118 474.77
1776 0 66.2867 13.3511 885 128.624 729.089 475.321
1777 0 72.2127 10.8291 782 117.94 727.978 469.63
1778 0 74.2322 13.2557 984 113.383 727.64 468.387
1779 1 39.0728 13.2573 518 115.82 725.749 481.208
1780 0 39.0269 11.6586 455 116.062 725.24 480.903
1781 0 39.0269 11.5305 450 132.958 724.244 480.904
1782 0 41.1397 12.9072 531 113.343 726.697 476.173
1783 0 43.0341 11.061 476 117.013 726.628 475.754
1784 0 41.0453 13.3267 547 115.519 726.201 475.433
1785 0 43.1677 14.8954 643 112.605 725.773 473.787
1786 0 45.0275 12.7478 574 117.22 726.524 469.969
1787 0 46.0807 12.4564 574 116.732 727.279 470.185
1788 0 47.1052 12.4402 586 118.055 726.666 467.961
1789 0 48.1726 14.7387 710 114.518 726.19 464.887
1790 0 50.0483 13.8466 693 116.01 727.619 464.466
1791 0 55.2273 13.8518 765 113.582 728.863 466.727
1792 0 52.185 13.7204 716 114.73 729.887 465.376
1793 0 54.0715 16.6261 899 111.298 729.92 462.594
1794 0 57.2982 13.0545 748 116.031 731.678 460.909
1795 0 59.0917 16.1782 956 111.912 732.365 458.412
1796 0 58.1243 13.3507 776 117.885 731.472 457.393
1797 0 62.2743 13.6332 849 116.77 731.808 458.654
1798 0 62.2142 14.3215 891 116.981 732.923 456.709
1799 0 65.1547 14.6881 957 116.359 732.466 455.098
1800 0 71.0733 12.9725 922 115.881 733.603 458.465
1801 0 71.2796 14.4361 1029 116.125 734.883 453.65
1802 0 73.2796 15.6114 1144 114.33 735.507 454.279
1803 0 75.1771 14.1665 1065 116.857 735.689 454.138
1804 0 79.043 14.7135 1163 115.791 734.775 451.43
1805 0 82.2415 15.0775 1240 120.66 734.789 459.247
1806 1 40.0507 12.7089 509 122.723 736.982 478.134
1807 0 44.1604 11.9338 527 123.564 736.721 478.241
1808 0 43.1578 12.0488 520 138.394 737.71 478.581
1809 0 46.138 13.0695 603 118.458 734.799 476.221
1810 0 48.1909 16.7044 805 113.153 734.964 478.652
1811 0 49.1204 11.1359 547 121.673 734.852 478.729
1812 0 51.4664 14.2034 731 117.129 733.373 478.908
1813 0 54.1232 13.4693 729 118.111 734.07 479.749
1814 0 56.1152 15.9493 895 115.325 733.491 477.406
1815 0 57.1517 13.018 744 120.418 732.194 475.254
1816 0 60.1678 16.2878 980 114.883 732.045 476.084
1817 0 61.1798 13.8118 845 118.019 730.773 472.678
1818 0 62.1131 16.4056 1019 114.81 730.447 470.705
1819 0 66.2441 16.3939 1086 115.76 729.145 465.573
1820 0 68.3014 15.4462 1055 116.973 729.517 465.083
1821 0 71.1499 17.442 1241 113.251 728.105 463.02
1822 0 73.1868 16.1368 1181 116.055 729.229 462.686
1823 0 76.289 17.4468 1331 114.366 727.953 459.463
1824 0 77.3117 16.0002 1237 117.731 727.113 456.226
1825 0 82.2386 16.2576 1337 116.324 727.413 457.683
1826 0 81.1837 15.7913 1282 117.632 727.761 452.62
1827 0 82.3127 14.7851 1217 120.212 727.884 446.838
1828 0 85.3228 13.572 1158 120.529 726.738 451.537
1829 0 87.1593 15.1332 1319 120.696 727.001 443.954
1830 1 49.3433 9.32245 460 124.574 728.311 466.922
1831 0 48.2887 13.1501 635 122.986 728.74 462.131
1832 0 50.2332 12.7207 639 123.069 728.218 460.33
1833 0 52.3293 13.2431 693 123.698 729.42 459.101
1834 0 54.0619 19.2742 1042 114.489 729.044 453.389
1835 0 55.3978 13.6107 754 121.119 728.82 455.753
1836 0 58.2261 16.539 963 116.841 730.31 451.785
1837 0 58.0642 13.3817 777 122.189 729.297 448.955
1838 0 64.2629 14.783 950 118.896 731.479 449.805
1839 0 67.3939 17.1381 1155 114.835 731.745 448.482
1840 0 69.4585 13.4181 932 120.094 732.21 450.678
1841 0 70.2012 14.8288 1041 119.072 731.41 448
1842 0 71.2805 14.3518 1023 117.776 733.094 447.694
1843 0 75.2333 12.6407 951 121.033 733.595 444.38
1844 0 78.6083 16.0288 1260 115.519 734.795 444.363
1845 0 78.221 14.3184 1120 119.924 733.494 442.891
1846 0 83.1421 16.6101 1381 116.82 734.806 443.129
1847 0 85.3145 14.722 1256 120.002 734.17 443.502
1848 0 87.5383 19.0431 1667 115.236 734.853 441.457
1849 0 89.2583 15.5504 1388 121.112 734.576 447.326
1850 0 94.4685 16.831 1590 120.214 735.159 439.22
1851 1 44.3063 10.608 470 130.402 734.296 467.862
1852 0 46.4263 12.2991 571 129.32 733.841 466.163
1853 0 47.4444 9.61125 456 149.864 732.768 468.215
1854 0 53.4311 15.1971 812 123.275 732.856 464.841
1855 0 55.1957 15.4722 854 122.645 733.468 468.981
1856 0 57.2627 14.0929 807 126.991 732.605 465.188
1857 0 61.3465 14.2306 873 125.151 731.459 465.683
1858 0 64.3273 14.1309 909 126.481 731.336 466.068
1859 0 67.4344 17.7951 1200 119.923 730.686 462.672
1860 0 68.3446 15.4804 1058 125.453 730.413 461.997
1861 0 71.41 17.9667 1283 120.858 729.989 458.994
1862 0 73.4839 15.1734 1115 126.201 728.77 460.854
1863 0 74.6106 16.9011 1261 123.555 728.447 460.256
1864 0 75.4625 14.3913 1086 131.293 727.009 454.455
1865 0 81.7238 17.2532 1410 123.34 726.125 453.804
1866 0 81.4206 15.5857 1269 128.134 727.059 453.461
1867 0 84.5683 16.6493 1408 125.519 726.454 453.389
1868 0 85.4683 16.6377 1422 128.243 726.5 446.499
1869 0 86.4302 15.527 1342 130.724 726.467 445.348
1870 0 91.2576 16.1302 1472 128.793 725.952 446.209
1871 0 94.5419 16.3843 1549 128.672 726.592 439.784
1872 0 97.4262 16.2995 1588 129.027 725.925 439.183
1873 0 100.504 14.8154 1489 132.066 726.267 435.445
1874 0 104.191 14.1663 1476 132.509 726.976 436.31
1875 1 44.4846 9.68875 431 139.014 726.592 461.432
1876 0 49.2303 15.9861 787 125.187 726.222 458.502
1877 0 51.2621 13.6358 699 129.079 727.399 457.904
1878 0 50.2614 16.5336 831 125.57 727.994 454.876
1879 0 54.5669 14.8808 812 127.012 727.982 455.16
1880 0 59.4432 16.3854 974 124.556 729.3 453.144
1881 0 54.5007 13.0457 711 134.665 729.405 451.011
1882 0 59.3083 16.0349 951 128.125 731.076 449.792
1883 0 61.4836 14.6543 901 131.287 731.1 449.211
1884 0 63.3099 17.2485 1092 126.255 731.701 448.859
1885 0 64.3668 14.0134 902 134.33 732.22 448.17
1886 0 64.4118 14.3452 924 135.643 731.978 445.194
1887 0 70.7278 17.023 1204 127.699 734.29 448.288
1888 0 72.9194 14.6463 1068 133.71 733.828 446.654
1889 0 72.5984 16.0885 1168 132.069 734.873 446.546
1890 0 77.6568 14.2808 1109 134.8 735.208 444.342
1891 0 82.709 20.3968 1687 121.162 736.108 444.215
1892 0 85.5115 19.7049 1685 123.084 734.248 438.633
1893 0 81.4907 19.6464 1601 126.363 735.828 450.573
1894 0 86.5567 14.3721 1244 138.683 734.226 448.834
1895 0 87.4774 13.3292 1166 143.533 734.24 445.445
1896 0 91.672 12.2066 1119 146.958 733.315 446.663
1897 0 89.4737 13.68 1224 146.003 734.667 443.605
1898 0 97.4883 14.6171 1425 142.483 733.712 444.095
1899 0 96.5004 16.3834 1581 139.455 734.001 448.483
1900 0 99.762 13.6826 1365 148.049 733.067 444.417
1901 0 99.4052 16.4177 1632 144.07 731.953 445.404
1902 0 102.601 13.5086 1386 150.632 731.88 446.392
1903 0 104.699 13.4576 1409 151.741 730.253 446.126
1904 0 102.57 14.9166 1530 151.652 729.331 440.924
1905 0 105.422 15.0159 1583 151.686 728.138 438.942
1906 0 105.68 13.8721 1466 155.955 728.1 438.059
1907 0 110.642 16.9013 1870 147.289 727.935 440.109
1908 0 105.427 12.5585 1324 162.023 726.769 436.306
1909 0 110.719 14.4781 1603 155.488 726.58 433.437
1910 0 113.587 15.2306 1730 153.966 727.155 432.772
1911 0 113.747 12.9938 1478 161.93 726.104 430.275
1912 0 113.916 14.8531 1692 155.408 726.577 435.553
1913 0 116.664 15.266 1781 155.67 725.706 429.486
1914 0 113.822 13.5299 1540 162.244 726.753 428.369
1915 0 115.859 13.689 1586 160.078 727.006 430.274
1916 0 115.714 15.8321 1832 154.799 727.759 428.092
