time division length width area intensity CMx CMy
0 0 82.5625 18.0469 1490 130.458 739.268 426.319
1 0 85.5693 12.3993 1061 133.951 740.105 431.05
2 0 85.5693 12.4928 1069 146.056 741.123 431.252
3 0 88.5136 12.1337 1074 145.319 742.146 431.331
4 0 84.3832 12.2181 1031 145.274 742.203 432.295
5 1 52.1941 13.1433 686 115.786 739.776 452.532
6 0 52.3279 7.60589 398 129.018 740.701 449.518
7 0 56.1358 25.5274 1433 109.761 740.147 455.304
8 0 58.4507 17.0571 997 116.229 739.15 453.871
9 0 61.1897 13.3192 815 121.135 738.124 450.894
10 0 61.5604 22.6769 1396 114.38 737.61 446.497
11 0 65.3931 15.2462 997 121.166 735.57 452.368
12 0 70.9949 15.6349 1110 121.279 735.822 452.959
13 0 68.389 16.2307 1110 127.562 734.358 449.169
14 0 68.3652 25.8319 1766 119.214 734.138 450.924
15 0 69.2414 14.24 986 148.415 731.424 444.676
16 0 73.346 14.9974 1100 153.285 729.996 443.832
17 0 74.3187 14.7473 1096 156.171 728.137 443.312
18 0 77.2933 14.6843 1135 155.571 727.669 441.362
19 0 77.4035 15.1156 1170 157.533 726.642 438.232
20 0 82.2662 14.6962 1209 155.419 726.055 438.934
21 1 42.0483 12.1289 510 152.018 723.506 456.978
22 0 42.0487 10.5592 444 157.89 722.687 454.077
23 0 44.0497 9.53468 420 157.464 723.224 455.174
24 0 47.1117 11.7593 554 152.285 722.984 452.969
25 0 47.4676 11.7132 556 152.698 725.336 450.66
26 0 50.5223 15.1616 766 144.615 725.4 446.693
27 0 50.1229 11.392 571 150.562 723.672 449.504
28 0 52.0452 13.6036 708 144.129 726.425 447.099
29 0 55.2576 12.4508 688 137.594 728.423 447.349
30 0 59.1065 14.2962 845 132.013 730.721 446.851
31 0 58.0777 13.7574 799 129.252 732.527 444.355
32 0 57.2035 10.1392 580 128.953 732.55 442.338
33 0 67.0272 11.9504 801 119.615 734.99 448.719
34 0 65.239 17.2903 1128 116.465 735.895 444.033
35 0 68.3252 12.5576 858 119.484 738.242 444.02
36 0 80.9697 19.3653 1568 107.548 738.916 453.482
37 0 72.4742 16.1023 1167 117.097 739.837 441.936
38 0 75.4511 12.4054 936 118.163 739.628 446.271
39 0 78.3119 18.7072 1465 114.031 739.48 445.562
40 0 86.4701 17.7865 1538 114.997 739.131 441.252
41 0 88.8751 15.955 1418 115.707 739.255 446.538
42 0 87.1759 14.1782 1236 117.296 738.289 448.478
43 1 48.3102 12.1713 588 121.508 738.238 463.349
44 0 47.1702 10.8967 514 134.35 736.481 462.675
45 0 45.0628 11.3397 511 145.671 735.46 460.536
46 0 47.1626 13.3368 629 141.037 733.353 464.55
47 0 49.1233 14.1481 695 142.6 732.426 461.37
48 0 51.1884 15.062 771 143.672 730.431 460.515
49 0 52.1207 13.4687 702 153.907 728.104 458.576
50 0 55.3113 15.8376 876 147.639 726.763 457.249
51 0 53.1581 13.0554 694 161.641 725.092 454.875
52 0 58.2794 12.9548 755 160.225 724.93 454.192
53 0 59.127 12.7691 755 160.279 723.503 453.604
54 0 62.1634 13.8828 863 156.635 722.465 449.244
55 0 62.1882 12.639 786 159.168 721.93 449.005
56 0 67.2445 13.9045 935 153.081 721.742 446.46
57 0 69.0861 15.1405 1046 144.608 720.884 448.5
58 0 72.1478 15.7454 1136 145.232 720.196 442.137
59 0 74.3287 15.4045 1145 145.768 720.517 442.555
60 1 38.0961 10.7623 410 150.176 724.451 456.698
61 0 38.1267 8.81272 336 155.973 724.682 456.452
62 0 42.0718 11.2189 472 141.939 725.511 458.532
63 0 41.0381 12.0132 493 143.686 727.093 453.819
64 0 42.0619 11.5306 485 143.311 728.548 454.94
65 0 44.3624 13.1418 583 135.744 726.981 449.856
66 0 44.0846 10.8201 477 135.897 731.543 453.358
67 0 51.0861 16.2862 832 115.287 733.363 451.775
68 0 52.2235 24.7207 1291 103.01 734.622 459.073
69 0 53.1548 23.9301 1272 106.395 735.632 455.989
70 0 52.1479 15.9738 833 111.954 737.384 456.13
71 0 52.1331 14.5781 760 114.051 737.368 457.764
72 0 58.1217 11.7856 685 114.669 738.654 456.146
73 0 57.2962 18.6051 1066 111.567 737.394 456.09
74 0 60.3534 12.6919 766 117.68 737.629 450.04
75 0 58.2081 16.9908 989 114.33 737.687 453.123
76 0 65.3926 13.5795 888 119.636 736.794 455.483
77 0 60.1146 13.7737 828 130.326 733.298 453.361
78 0 62.1995 14.0516 874 135.794 732.248 455.182
79 0 66.2064 12.8235 849 140.075 731.375 454.492
80 0 67.3731 15.006 1011 137.26 730.503 453.43
81 1 34.0346 9.34342 318 152.503 728.453 469.164
82 0 34.0346 9.46095 322 138.115 727.466 469.152
83 0 38.0311 10.5177 400 150.478 726.358 466.9
84 0 39.0343 10.2218 399 154.569 723.466 466.113
85 0 42.0714 12.9304 544 152.085 722.289 464.393
86 0 44.0926 13.6531 602 149.977 721.12 461.915
87 0 47.295 13.4475 636 144.624 722.539 462.063
88 0 47.0755 13.8289 651 147.978 721.195 461.177
89 0 47.105 13.5655 639 153.559 720.014 459.659
90 0 48.1633 11.7517 566 155.097 719.894 458.949
91 0 50.061 13.3437 668 151.576 719.299 456.543
92 0 50.0878 12.9373 648 156.639 719.406 455.364
93 0 54.0584 13.3189 720 153.811 719.831 452.928
94 0 56.1252 14.6102 820 150.841 719.715 452.839
95 0 56.0504 13.8268 775 152.182 720.382 452.352
96 0 57.1466 12.3367 705 161.112 721.082 448.145
97 0 58.1367 13.1758 766 151.862 722.373 449.268
98 0 60.1784 12.7288 766 153.854 724.42 449.197
99 0 64.2144 13.6262 875 146.296 724.592 446.824
100 0 69.5769 18.2963 1273 122.223 728.357 451.028
101 0 68.1421 13.193 899 126.846 729.16 446.567
102 0 71.399 17.2551 1232 115.306 731.097 452.84
103 0 71.3312 14.8603 1060 117.638 733.049 451.468
104 0 76.6057 18.9281 1450 115.208 734.177 448.167
105 0 78.1687 16.2981 1274 117.958 734.444 447.911
106 0 91.8403 24.8257 2280 109.384 734.997 448.417
107 0 84.1643 16.9193 1424 120.633 734.892 441.164
108 0 85.2376 13.0693 1114 123.466 733.52 446.68
109 0 91.5503 15.2048 1392 121.149 733.895 444.652
110 0 92.7427 15.8826 1473 124.887 733.202 441.097
111 0 95.8098 18.2758 1751 121.451 733.329 445.448
112 0 100.418 17.9948 1807 126.407 732.695 437.488
113 1 52.183 14.4683 755 125.399 734.487 465.777
114 0 56.5213 16.8078 950 124.795 733.207 463.581
115 0 52.3925 11.7765 617 144.185 730.284 461.334
116 0 56.3991 13.7059 773 142.974 729.071 457.708
117 0 57.3743 16.1048 924 137.17 727.919 457.91
118 0 58.2901 13.5186 788 151.223 726.485 456.822
119 0 61.2868 15.2724 936 141.788 725.767 457.103
120 0 60.1897 13.2415 797 150.666 724.292 452.704
121 0 65.1433 15.2894 996 142.318 722.963 452.33
122 0 64.1414 15.2008 975 144.686 721.611 451.169
123 0 67.1736 14.0531 944 146.179 720.959 447.447
124 0 70.237 15.8748 1115 142.359 720.161 446.209
125 0 72.2065 14.5832 1053 143.483 719.844 446.068
126 0 74.1779 13.1306 974 146.39 719.837 445.418
127 0 75.1886 14.856 1117 141.962 719.15 441.389
128 0 78.2799 14.5759 1141 143.911 719.265 439.069
129 0 81.1573 17.9158 1454 134.908 720.095 440.138
130 0 81.1714 11.8391 961 143.884 721.516 437.179
131 0 88.1524 14.8379 1308 135.53 723.758 435.363
132 0 89.3234 14.4083 1287 131.157 723.814 436.693
133 0 95.2107 12.0365 1146 130.681 726.681 433.807
134 1 50.1228 15.6416 784 125.582 725.99 450.851
135 0 55.7011 17.2348 960 116.92 729.335 454.631
136 0 54.2157 18.205 987 115.482 728.86 454.198
137 0 56.048 16.6108 931 116.386 729.913 454.795
138 0 54.1096 23.4709 1270 108.314 730.809 458.689
139 0 57.1229 16.1756 924 116.158 731.47 457.496
140 0 59.1403 13.0368 771 123.995 730.654 455.933
141 0 61.1463 12.5437 767 125.613 730.342 455.1
142 0 65.2954 12.8034 836 126.535 730.279 458.319
143 0 64.1048 11.84 759 133.242 730.028 454.456
144 0 66.0447 15.1413 1000 135.167 728.899 450.897
145 0 69.1469 14.7801 1022 133.799 728.427 455.708
146 0 71.0921 17.5969 1251 129.538 727.958 456.075
147 0 74.0932 17.8964 1326 131.234 726.864 451.483
148 1 36.0582 8.40308 303 142.129 725.158 469.795
149 0 38.0849 9.11123 347 140.553 724.104 469.804
150 0 41.0412 9.72193 399 142.912 721.296 465.504
151 0 39.0957 9.23375 361 142.31 720.551 469.006
152 0 42.0353 10.063 423 141.565 719.48 466.546
153 0 44.1313 12.5534 554 134.563 718.253 465.523
154 0 44.1313 12.5534 554 124.953 717.242 465.449
155 0 46.2319 13.5188 625 131.306 716.246 459.765
156 0 51.3596 14.6029 750 130.008 715.171 459.519
157 0 48.176 10.4824 505 137.224 716.048 458.725
158 0 49.4632 12.3931 613 135.86 715.64 455.566
159 0 52.0914 14.0906 734 129.64 714.631 457.975
160 0 53.1443 11.8545 630 132.551 714.802 453.689
161 0 56.365 14.6722 827 126.849 716.238 452.727
162 0 55.2285 11.2261 620 129.668 716.134 451.956
163 0 57.2268 12.1621 696 125.04 716.224 451.234
164 0 59.1186 11.3501 671 124.934 718.213 445.198
165 0 62.4236 10.669 666 122.08 719.652 450.21
166 0 62.407 10.5757 660 131.98 722.636 450.047
167 0 68.4166 13.5347 926 115.013 723.373 442.708
168 0 73.392 16.4187 1205 108.772 725.71 448.762
169 0 76.5644 13.1131 1004 113.014 727.44 443.194
170 0 73.3711 17.5273 1286 107.808 728.774 449.371
171 0 73.3711 17.7045 1299 119.928 729.736 449.256
172 0 80.147 11.6411 933 110.562 729.978 453.935
173 0 79.3363 13.4869 1070 115.133 730.764 438.269
174 0 86.3801 8.91409 770 117.396 730.562 447.592
175 0 90.5755 22.335 2023 106.814 731.569 450.668
176 0 91.0436 14.2459 1297 114.23 731.457 449.551
177 1 53.4567 11.0557 591 115.418 730.941 460.286
178 0 52.9539 10.2353 542 120.902 730.808 457.904
179 0 55.6444 10.603 590 123.698 730.52 456.751
180 0 57.4854 16.3346 939 118.005 730.341 459.128
181 0 57.1357 15.7695 901 122.646 729.275 459.691
182 0 59.0528 14.4108 851 127.345 727.732 458.263
183 0 60.2075 14.832 893 128.768 727.161 458.048
184 0 63.2425 16.587 1049 125.81 725.117 456.464
185 0 65.3681 13.7376 898 132.135 723.666 455.198
186 0 66.3611 14.2855 948 130.886 722.374 455.388
187 0 70.1512 15.6662 1099 135.315 720.92 449.826
188 0 70.2306 11.1917 786 137.31 720.786 453.775
189 0 73.5332 18.2503 1342 125.475 718.149 452.032
190 0 76.2483 13.6134 1038 134.185 717.187 448.543
191 0 79.5118 17.3936 1383 126.286 717.652 441.758
192 0 81.561 13.0332 1063 134.234 716.825 438.818
193 0 81.3594 14.1717 1153 133.716 716.143 439.396
194 0 86.6767 19.2093 1665 120.786 715.306 437.886
195 1 51.3498 10.5161 540 118.207 717.057 457.378
196 0 41.2541 10.1323 418 125.038 716.194 451.49
197 0 45.0524 12.6298 569 119.241 717.696 448.417
198 0 48.0527 12.4031 596 118.69 717.057 448.237
199 0 51.1004 18.5517 948 115.994 717.947 453.273
200 0 54.1619 12.7027 688 121.672 718.914 455.73
201 0 54.0445 9.43667 510 121.661 721.267 456.39
202 0 56.0602 16.179 907 113.967 723.97 452.811
203 0 56.0551 16.0378 899 117.432 725.958 452.744
204 0 57.0471 15.7589 899 111.279 726.719 454.802
205 0 59.2421 17.8589 1058 108.058 728.044 457.194
206 0 60.0964 23.5954 1418 107.279 728.841 451.158
207 0 64.0765 6.33617 406 121.766 728.389 453.424
208 0 67.1001 19.5529 1312 108.968 728.225 454.563
209 0 69.1048 15.8455 1095 114.386 727.73 451.322
210 0 72.1564 11.6552 841 118.869 727.553 450.069
211 0 72.0444 11.7011 843 121.932 726.687 450.21
212 0 75.0924 15.5142 1165 120.312 726.651 448.644
213 0 75.087 14.956 1123 123.932 725.654 447.253
214 0 82.3318 20.2716 1669 117.175 725.456 443.011
215 1 42.0903 9.21828 388 127.964 723.997 467.776
216 0 44.0952 11.9741 528 127.61 722.199 464.727
217 0 45.046 12.5871 567 130.524 720.961 465.7
218 0 48.0845 12.7276 612 130.694 720.572 465.036
219 0 49.0831 11.6333 571 138.11 718.329 460.317
220 0 51.0955 12.4473 636 131.877 717.816 461.986
221 0 51.1366 13.2195 676 133.507 716.311 458.401
222 0 54.195 14.577 790 132.797 715.895 459.106
223 0 54.4016 14.4297 785 133.062 714.266 457.86
224 0 56.2297 13.1959 742 135.222 713.906 453.546
225 0 56.0872 12.8907 723 135.636 713.682 451.703
226 0 60.0479 14.9547 898 132.785 713.019 452.531
227 0 63.1124 17.8412 1126 129.231 713.39 448.536
228 0 64.0672 16.0613 1029 135.398 713.366 446.871
229 0 64.1627 10.9877 705 145.426 713.445 447.13
230 0 68.0626 10.9311 744 144.3 717.091 440.435
231 0 72.238 15.8781 1147 129.41 715.126 444.264
232 0 78.4449 14.5835 1144 130.39 717.733 443.159
233 0 76.4117 13.5712 1037 138.076 719.267 439.447
234 0 80.2551 12.6472 1015 136.586 721.102 437.33
235 0 86.4082 16.9891 1468 125.999 723.194 441.144
236 0 86.4082 16.885 1459 149.94 724.182 441.049
237 0 93.3355 14.9139 1392 124.354 726.908 439.826
238 0 97.4671 16.8672 1644 117.414 729.336 446.515
239 1 48.0559 11.9236 573 122.12 731.347 463.321
240 0 53.3988 15.5809 832 114.2 731.56 461.399
241 0 56.1643 18.891 1061 104.683 731.641 467.215
242 0 60.114 17.1175 1029 112.504 729.686 460.949
243 0 53.1482 12.7003 675 124.679 727.849 465.15
244 0 54.1843 13.3803 725 130.262 728.695 463.6
245 0 56.1023 11.1938 628 138.731 727.623 461.863
246 0 60.3173 15.75 950 133.791 726.022 461.475
247 0 60.2456 14.5073 874 137.876 724.686 458.696
248 0 61.2047 14.2473 872 141.476 723.756 459.327
249 0 66.2194 16.4755 1091 136.903 722.148 458.211
250 0 66.2824 13.7593 912 144.339 721.341 457.111
251 0 67.1926 15.9095 1069 139.858 720.534 457.717
252 0 70.2137 13.9716 981 143.18 721.443 455.738
253 0 72.0577 15.3627 1107 140.818 720.147 454.946
254 0 74.2375 15.3561 1140 142.214 718.69 452.029
255 0 76.216 16.2958 1242 141.019 717.698 449.785
256 0 80.2275 13.2623 1064 146.835 716.524 446.222
257 0 79.2264 13.6823 1084 152.649 715.517 446.152
258 0 87.4194 17.1587 1500 135.693 715.272 444.103
259 1 44.0768 10.6859 471 146.599 716.212 461.822
260 0 47.0467 12.5407 590 140.412 716.19 459.637
261 0 51.0991 10.4894 536 139.996 716.444 459.614
262 0 50.1657 12.1996 612 137.897 716.575 456.812
263 0 53.1766 13.1261 698 133.914 717.775 454.024
264 0 57.1311 15.9108 909 129.631 718.391 452.626
265 0 55.225 16.5686 915 128.348 719.618 453.956
266 0 57.2002 17.7447 1015 125.649 721.346 453.126
267 0 58.1839 12.0136 699 132.127 723.057 452.229
268 0 59.1698 12.9458 766 132.932 724.795 450.185
269 0 64.2063 16.9454 1088 121.964 726.232 447.427
270 0 66.3763 20.2633 1345 114.909 728.018 450.169
271 0 66.5659 24.5171 1632 112.431 729.302 444.392
272 0 71.296 13.8437 987 124.343 730.146 448.938
273 0 73.4187 14.2198 1044 124.521 730.243 448.56
274 0 75.1915 14.5761 1096 128.712 730.165 449.034
275 0 77.3913 13.9292 1078 129.521 729.866 449.931
276 0 80.3624 16.998 1366 130.57 730.244 446.881
277 0 83.311 17.2246 1435 134.227 729.586 446.426
278 0 85.4971 15.4508 1321 135.399 728.892 446.974
279 0 88.4817 16.8509 1491 131.066 728.766 443.173
280 0 90.2022 12.5607 1133 138.453 727.461 447.264
281 0 94.1968 14.3317 1350 135.287 726.012 443.375
282 0 99.2475 16.3732 1625 131.79 725.274 439.44
283 0 100.303 12.8212 1286 140.61 723.853 437.687
284 0 103.269 13.5568 1400 143.095 722.526 434.88
285 0 108.301 16.2418 1759 138.447 720.687 435.035
286 1 55.0872 12.4893 688 139.327 720.749 461.212
287 0 59.1717 16.7817 993 129.824 719.363 460.183
288 0 59.2057 13.6304 807 137.097 717.602 457.84
289 0 61.4771 14.7535 907 135.805 715.83 454.886
290 0 61.3352 12.8311 787 137.767 715.225 455.404
291 0 64.2945 13.1426 845 136.414 715.102 453.47
292 0 69.3618 13.0764 907 134.153 714.904 452.216
293 0 69.2592 14.5107 1005 136.718 714.153 447.246
294 0 71.4451 14.4587 1033 134.798 714.184 448.61
295 0 74.2905 13.2857 987 136.458 715.055 447.102
296 0 77.3835 14.3441 1110 134.81 714.866 445.25
297 0 82.3065 19.0264 1566 125.296 716.78 444.922
298 0 81.3044 16.9117 1375 131.026 718.526 442.473
299 0 85.4534 15.2013 1299 132.224 719.149 437.699
300 0 89.338 14.0478 1255 134.184 721.19 435.994
301 0 95.2742 15.8175 1507 129.928 723.208 435.34
302 0 95.3329 15.6085 1488 127.612 725.786 438.87
303 0 101.364 14.7488 1495 128.772 727.427 436.908
304 1 53.0648 7.99023 424 132.632 730.837 460.58
305 0 55.159 16.1533 891 123.644 730.716 455.854
306 0 55.159 15.9539 880 136.955 731.742 455.87
307 0 58.6173 14.262 836 123.158 731.427 452.434
308 0 58.2382 12.26 714 130.632 731.427 458.524
309 0 61.214 14.4902 887 127.508 730.957 458.536
310 0 63.175 14.9585 945 128.096 729.785 459.414
311 0 66.2347 16.5472 1096 128.784 729.763 456.22
312 0 69.3331 15.9808 1108 131.121 729.345 456.248
313 0 70.1662 15.6058 1095 136.052 728.121 456.408
314 0 73.0962 14.7887 1081 136.657 727.073 452.889
315 0 75.1308 19.2198 1444 130.797 725.589 455.1
316 0 76.2316 14.7708 1126 138.048 724.468 451.533
317 0 82.1725 16.5506 1360 134.35 722.61 450.105
318 0 82.1633 14.3495 1179 136.187 721.037 448.711
319 1 42.0628 11.364 478 136.826 720.883 468.174
320 0 43.0962 9.56002 412 137.748 719.01 467.381
321 0 48.0537 8.88589 427 138.314 718.852 467.122
322 1 96.3376 17.1273 1650 129.727 716.203 437.281
323 1 49.0225 10.689 524 133.96 717.433 464.16
324 0 53.1993 11.8047 628 127.148 716.408 460.268
325 0 53.0941 11.2065 595 134.655 713.466 458.602
326 0 56.1809 13.4743 757 121.408 712.536 452.885
327 0 58.152 14.5997 849 129.695 714.495 454.217
328 0 59.3728 12.7163 755 135.134 715.608 454.552
329 0 61.375 12.9532 795 133.447 715.633 452.242
330 0 64.1439 13.953 895 132.859 716.889 450.839
331 0 66.1568 15.6447 1035 125.089 718.651 452.774
332 0 72.1597 16.214 1170 120.274 719.756 450.198
333 0 73.4001 15.5586 1142 117.933 721.574 446.63
334 0 77.4873 24.4685 1896 107.811 723.335 449.299
335 0 78.6014 24.5924 1933 109.318 725.298 441.792
336 0 81.3146 16.553 1346 114.519 727.276 446.297
337 0 85.632 17.6803 1514 113.609 728.418 443.078
338 0 83.6532 15.373 1286 118.654 729.37 439.257
339 0 86.6472 19.3082 1673 114.889 728.111 439.19
340 0 91.6958 17.907 1642 115.736 729.174 443.41
341 0 94.4747 18.5764 1755 116.336 729.238 443.972
342 0 95.3811 18.4733 1762 119.214 728.45 441.428
343 0 99.8974 14.1545 1414 127.489 727.907 440.582
344 1 52.8089 10.2824 543 135.256 727.948 461.823
345 0 53.1355 14.8865 791 127.905 727.459 457.379
346 0 56.5518 11.9713 677 134.795 726.352 457.908
347 0 58.0947 15.4231 896 131.054 726.315 463.809
348 0 59.074 13.6439 806 137.01 726.055 461.986
349 0 62.2305 14.4784 901 131.91 723.293 462.036
350 0 62.3515 14.0654 877 130.293 722.111 459.59
351 0 66.3449 18.2983 1214 120.837 720.864 455.311
352 0 68.3163 12.8227 876 128.752 719.532 458.538
353 0 69.1867 13.8755 960 127.569 717.931 456.311
354 0 72.2995 14.8272 1072 130.729 716.871 457.348
355 0 74.3493 14.0418 1044 130.029 716.273 457.053
356 0 78.224 14.4329 1129 128.823 715.411 451.938
357 0 78.3227 12.6272 989 133.374 714.556 447.075
358 0 85.539 16.7058 1429 125.337 714.274 444.896
359 1 46.1242 14.0707 649 128.787 715.14 465.276
360 0 47.1542 14.7601 696 128.075 715.208 462.675
361 0 46.1144 12.5124 577 133.357 716.243 461.536
362 0 49.0542 14.8815 730 128.771 715.773 460.025
363 0 49.1001 12.7698 627 135.472 716.26 461.486
364 0 47.0471 13.3908 630 128.619 716.865 457.751
365 0 52.1036 14.7207 767 121.248 719.168 461.699
366 0 52.0838 14.8415 773 118.812 721.177 461.724
367 0 55.1277 14.6569 808 125.177 721.566 456.333
368 0 55.1154 12.9365 713 126.073 723.588 458.17
369 1 116.536 14.6564 1708 124.912 724.838 432.942
370 0 120.59 12.8286 1547 128.878 726.953 435.47
371 1 63.2468 15.3526 971 120.367 727.65 454.508
372 0 65.1656 14.1486 922 120.312 728.14 459.722
373 0 71.7658 16.1916 1162 112.658 728.232 456.752
374 0 70.2319 16.3743 1150 117.056 728.536 456.917
375 0 72.6309 17.5407 1274 116.668 728.036 455.816
376 0 73.1656 11.1391 815 127.533 728.722 458.748
377 0 74.1726 11.1227 825 132.375 728.446 460.193
378 1 41.0571 12.6653 520 128.994 728.34 472.483
379 0 42.046 12.1534 511 129.556 727.211 474.652
380 0 43.2341 12.6058 545 131.095 725.939 475.294
381 0 41.2862 11.4324 472 136.292 724.462 474.023
382 0 47.2779 15.1445 716 128.592 722.788 471.499
383 0 47.1089 14.9016 702 130.071 721.538 468.17
384 0 48.1439 15.0798 726 129.663 719.417 468.869
385 0 50.0907 12.7369 638 135.527 717.625 467.099
386 0 52.2297 15.8913 830 129.376 716.575 465.82
387 0 50.0984 14.8907 746 132.489 715.536 463.315
388 0 55.3761 15.7107 870 127.86 714.863 464.386
389 0 56.1547 14.4601 812 131.756 713.837 462.602
390 0 59.2056 18.3766 1088 124.698 713.949 458.114
391 0 58.2307 14.7002 856 132.391 713.339 457.186
392 0 61.1828 14.8571 909 130.591 712.91 456.927
393 0 64.2016 16.199 1040 126.796 712.491 453.891
394 0 65.3024 14.0577 918 130.191 713.477 454.6
395 0 68.203 14.8821 1015 130.408 714.445 449.719
396 0 68.2141 11.889 811 135.039 714.372 450.647
397 0 74.3144 16.0131 1190 128.118 715.537 448.088
398 1 35.1788 11.0578 389 137.509 715.093 465.38
399 0 41.0903 12.3874 509 129.499 716.892 464.299
400 0 40.2031 14.7004 591 124.046 720.871 464.836
401 0 41.0533 11.1562 458 132.234 722.823 463.179
402 0 45.33 14.5599 660 121.145 725.258 466.547
403 0 43.2233 18.9481 819 118.675 726.209 464.739
404 0 49.0215 16.7682 822 119.88 727.931 464.496
405 0 52.1014 17.37 905 123.76 727.15 462.697
406 0 49.2857 14.7507 727 127.194 727.649 463.297
407 0 50.3084 13.0197 655 129.34 727.498 465.716
408 0 53.1763 14.1228 751 138.903 729.477 463.85
409 0 56.2021 15.2841 859 139.776 728.632 464.345
410 0 57.2694 16.012 917 137.502 727.949 465.239
411 0 57.3418 18.5903 1066 138.144 727.062 464.036
412 0 59.2145 15.7901 935 143.666 725.907 460.756
413 0 62.2889 14.8341 924 144.656 724.201 461.364
414 0 65.2572 16.2894 1063 140.371 723.467 462.064
415 0 67.2037 16.7848 1128 140.434 722.52 464.557
416 0 70.2642 14.4739 1017 148.509 721.478 459.276
417 0 70.2101 14.7842 1038 148.187 720.17 459.638
418 0 73.1592 14.94 1093 149.33 719.016 457.773
419 0 76.1756 14.2697 1087 152.472 717.441 454.652
420 0 79.2822 16.5989 1316 144.745 715.963 453.956
421 1 41.4438 12.9814 538 150.963 714.671 469.461
422 0 41.279 11.4344 472 155.008 714.127 468.913
423 0 42.1613 11.2188 473 157.408 713.372 466.873
424 0 43.5267 17.4376 759 142.116 712.747 466.037
425 0 48.2787 14.437 697 150.139 712.608 462.578
426 0 46.2027 14.5446 672 158.454 712.216 462.609
427 0 47.194 15.1926 717 159.951 712.731 461.459
428 0 50.1988 15.6378 785 163.442 712.878 456.521
429 0 51.0869 17.4409 891 154.576 714.369 459.678
430 0 53.1885 15.0784 802 162.897 715.208 458.074
431 0 55.2162 17.9658 992 155.623 716.163 455.066
432 0 57.1922 16.226 928 159.528 717.613 453.879
433 0 61.2053 17.8906 1095 153.086 719.406 454.963
434 0 63.1142 15.2581 963 162.41 721.246 452.28
435 0 66.2644 17.4604 1157 156.889 723.126 453.7
436 0 66.1244 17.0588 1128 157.265 723.87 450.442
437 0 69.2262 20.108 1392 145.188 726.371 453.649
438 0 70.4206 16.9837 1196 159.457 726.646 451.403
439 0 72.356 16.0457 1161 156.131 728.003 451.649
440 0 75.2195 18.6521 1403 152.929 728.335 451.942
441 0 78.2923 17.2686 1352 155.323 728.706 454.528
442 0 79.2868 15.2358 1208 165.014 727.693 450.056
443 0 83.186 15.5315 1292 165.409 726.898 451.343
444 1 41.0639 11.543 474 175.219 726.859 468.719
445 0 44.2251 11.9615 529 169.905 726.573 470.715
446 0 46.0886 15.6655 722 166.108 725.704 468.511
447 0 45.2439 11.7585 532 177.652 724.436 468.782
448 0 48.1624 15.7384 758 168.306 723.715 466.16
449 0 52.2403 15.735 822 166.257 721.828 464.647
450 0 54.4696 15.6968 855 166.696 721.33 460.815
451 0 55.4349 14.8462 823 168.705 719.774 461.676
452 0 58.3549 15.8684 926 168.606 718.47 459.721
453 0 60.3196 16.6115 1002 167.416 716.492 458.35
454 0 61.4625 16.7256 1028 168.623 715.698 454.46
455 0 62.519 16.1231 1008 169.607 715.213 449.718
456 0 64.5852 13.8422 894 174.545 713.918 447.753
457 0 67.8866 14.8925 1011 171.287 713.5 442.992
458 0 69.5385 16.0343 1115 166.98 713.289 442.594
459 0 72.5116 15.7216 1140 168.9 713.154 440.161
460 0 74.3785 14.9909 1115 173.119 713.05 435.912
461 0 77.5512 16.4279 1274 167.237 713.369 437.175
462 0 78.3224 14.8233 1161 173.573 713.961 435.355
463 0 82.4574 14.7106 1213 175.918 714.548 432.984
464 0 83.2689 17.0532 1420 171.545 716.154 427.944
465 0 86.5121 15.4198 1334 173.088 717.604 427.796
466 0 90.6242 14.1684 1284 174.505 719.206 426.762
467 0 95.4291 17.678 1687 162.499 721.707 428.334
468 0 98.6597 13.8963 1371 175.677 723.487 424.854
469 1 51.5134 8.48323 437 166.705 725.105 446.229
470 0 53.4845 11.1247 595 156.079 727.15 449.155
471 0 59.6148 11.2556 671 138.393 728.083 447.121
472 0 58.4715 10.6548 623 137.04 728.037 445.501
473 0 60.2409 14.94 900 133.817 728.286 445.103
474 0 66.6501 15.7239 1048 129.063 728.703 447.968
475 0 71.3791 14.7102 1050 134.106 729.51 450.864
476 0 72.2292 12.6126 911 143.538 728.881 453.246
477 0 74.4585 11.1069 827 144.568 728.704 452.312
478 0 75.6527 12.835 971 141.715 728.014 449.697
479 0 80.5168 13.4506 1083 144.165 726.82 451.211
480 0 81.6049 11.8988 971 148.329 725.725 451.077
481 0 84.5149 13.1456 1111 148.256 724.48 446.65
482 0 85.4592 13.0121 1112 153.044 723.032 440.894
483 0 89.3896 15.0353 1344 146.889 721.346 439.857
484 0 92.4633 14.6977 1359 148.787 720.224 439.032
485 0 95.5901 12.7314 1217 150.237 718.79 439.37
486 0 100.573 13.3038 1338 152.335 717.659 437.76
487 1 53.1543 8.08966 430 149.807 718.212 464.47
488 0 55.2917 10.327 571 144.851 716.923 461.706
489 0 58.1623 11.0897 645 144.867 715.888 456.474
490 0 59.1438 13.3065 787 139.022 715.482 453.511
491 0 58.1483 11.4363 665 140.756 714.996 447.662
492 0 62.0958 13.0927 813 138.839 714.793 449.327
493 0 67.1222 12.9465 869 135.915 715.135 448.96
494 0 69.1283 13.1639 910 133.956 715.625 445.769
495 0 72.1034 13.4945 973 131.804 716.003 447.366
496 0 72.2044 11.5782 836 134.092 716.64 444.705
497 0 77.1158 12.9805 1001 129.486 717.749 444.606
498 0 78.0737 13.705 1070 129.384 719.824 439.879
499 0 79.18 15.2564 1208 124.344 721.156 436.478
500 0 78.0362 13.1734 1028 121.456 722.438 444.694
501 0 83.2113 9.44583 786 125.648 723.496 446.192
502 0 85.2986 14.1737 1209 123.072 726.275 440.5
503 0 89.5863 10.6824 957 125.197 727.884 438.09
504 0 92.3252 13.7666 1271 122.841 728.84 432.034
505 0 92.2597 10.0802 930 127.503 729.69 433.619
506 0 100.239 13.7771 1381 116.904 730.597 444.584
507 1 52.09 9.52198 496 122.161 729.645 464.655
508 0 58.207 10.875 633 130.586 727.302 460.338
509 0 57.1522 15.3275 876 127.75 727.825 459.142
510 0 58.629 12.093 709 135.096 728.155 456.446
511 0 61.2096 12.7594 781 128.037 728.697 461.3
512 0 64.1044 11.1069 712 134.018 726.869 456.963
513 0 62.1906 12.2848 764 139.903 726.534 457.332
514 0 65.1004 12.2733 799 141.14 725.884 456.773
515 0 67.1056 8.7027 584 149.625 724.361 454.401
516 0 69.3391 10.2251 709 143.941 723.003 452.953
517 0 73.2436 15.1959 1113 134.767 721.798 449.283
518 0 76.3949 12.9197 987 140.124 721.144 448.273
519 0 77.4552 12.3814 959 141.621 719.687 447.454
520 1 43.096 11.1843 482 139.064 720.002 464.822
521 0 44.1115 9.47598 418 143.873 717.622 465.522
522 0 49.1513 9.74541 479 141.257 715.896 463.194
523 0 50.0172 11.9559 598 133.801 717.105 457.411
524 0 49.0873 9.51366 467 133.388 715.467 458.653
525 0 49.2536 9.19731 453 136.823 713.85 450.974
526 0 48.2075 7.94482 383 130.232 714.029 453.212
527 0 55.0761 13.436 740 134.885 716.612 457.809
528 0 57.1671 12.4897 714 137.801 718.801 455.584
529 0 60.1581 13.4313 808 135.385 718.661 452.949
530 0 60.0507 13.2888 798 135.508 719.994 452.432
531 0 63.0889 14.0595 887 130.508 721.688 454.008
532 0 65.1286 14.4637 942 132.584 722.76 449.22
533 0 63.1314 13.0363 823 130.92 725.282 447.919
534 0 66.1266 12.839 849 130.093 727.174 448.587
535 0 67.1282 13.4221 901 129.996 729.113 448.206
536 0 74.1699 12.9432 960 126.864 729.914 450.199
537 0 76.0571 17.6972 1346 118.923 730.67 450.542
538 0 77.3733 14.1005 1091 121.847 732.207 449.686
539 0 77.1833 16.0527 1239 125.383 731.365 444.224
540 0 80.1324 14.0018 1122 128.363 731.734 448.965
541 0 86.1301 16.9975 1464 125.318 731.682 448.557
542 1 44.2144 11.987 530 128.217 731.858 468.808
543 0 42.1342 10.3716 437 140.286 730.616 471.32
544 0 44.1158 11.5378 509 137.613 730.519 468.935
545 0 45.0508 14.0952 635 136.638 729.358 467.146
546 0 44.1841 12.6516 559 136.526 727.032 468.789
547 0 47.0319 11.5666 544 138.279 726.007 470.099
548 0 49.1864 12.0968 595 138.486 724.951 469.45
549 0 51.0614 15.1974 776 131.472 723.256 467.004
550 0 50.2795 15.8514 797 133.183 722.354 463.797
551 0 55.142 14.0546 775 133.204 720.814 468.196
552 0 54.1713 14.3803 779 135.05 719.617 465.689
553 0 52.0869 14.1878 739 137.736 718.15 461.616
554 0 54.2441 13.0521 708 139.987 717.442 463.49
555 0 58.2257 13.4133 781 137.763 716.43 459.859
556 0 58.1549 13.55 788 140.066 716.357 457.916
557 0 58.1749 12.4452 724 142.326 715.843 456.686
558 0 64.2253 17.8279 1145 127.886 715.62 453.757
559 0 62.0943 12.8031 795 137.208 715.743 455.225
560 0 65.1379 16.5341 1077 129.364 715.872 450.999
561 0 68.5445 14.1222 968 131.325 714.751 450.728
562 0 71.3021 16.0304 1143 126.957 716.032 450.176
563 0 71.4191 16.4102 1172 126.481 717.477 446.454
564 0 71.3295 14.9588 1067 126.293 718.772 448.761
565 0 80.8808 20.932 1693 113.505 720.619 451.559
566 1 47.3405 13.3712 633 117.979 723.776 462.932
567 0 49.3995 12.2471 605 118.557 725.273 462.142
568 0 45.0631 11.0068 496 121.379 727.518 458.143
569 0 47.0252 13.95 656 113.646 728.84 463.043
570 0 47.1587 15.6069 736 114.629 729.894 460.321
571 0 47.1377 12.071 569 135.525 726.764 461.294
572 0 50.1159 14.3068 717 129.105 727.364 462.039
573 0 47.0239 10.2288 481 138.453 728.208 463.536
574 0 49.1539 14.1393 695 135.627 727.381 461.21
575 0 52.1558 12.9612 676 140.889 727.132 464.984
576 0 53.173 12.7132 676 146.099 726.451 464.913
577 0 56.1015 16.1493 906 136.265 726.142 462.828
578 0 56.1242 15.7151 882 142.415 726.57 466.729
579 0 58.1226 14.0221 815 149.211 724.839 465.178
580 0 59.2309 11.4805 680 151.432 723.256 467.985
581 0 61.1903 18.4997 1132 138.935 722.696 463.549
582 0 64.1621 15.5232 996 144.186 721.107 463.732
583 0 66.4098 16.082 1068 143.717 719.599 463.528
584 0 67.3608 15.944 1074 143.811 718.332 464.433
585 0 68.1354 17.6707 1204 143.164 717.019 459.044
586 0 71.2481 16.9268 1206 144.034 715.818 459.166
587 0 73.2034 17.1987 1259 144.316 714.677 458.572
588 0 75.2574 18.2573 1374 141.48 713.968 459.111
589 0 77.3167 15.0679 1165 148.609 715.089 456.156
590 0 83.3268 17.1733 1431 137.184 715.317 455.906
591 1 43.1928 11.0666 478 148.201 715.368 471.895
592 0 44.1077 9.34076 412 153.556 714.539 470.218
593 0 43.0537 9.43009 406 153.458 714.84 469.091
594 0 45.0767 11.3362 511 154.489 714.648 466.722
595 0 50.16 13.0183 653 142.833 714.146 466.878
596 0 50.3795 13.7754 694 141.182 714.828 465.037
597 0 51.384 13.1169 674 142.84 714.853 465.218
598 0 55.0398 15.4434 850 139.525 718.131 464.051
599 0 56.1074 12.886 723 135.56 718.888 466.649
600 0 57.3293 13.3265 764 138.415 720.28 464.035
601 0 59.1385 14.4745 856 135.797 721.938 464.125
602 0 57.2866 14.5409 833 137.463 723.037 462.875
603 0 59.1252 12.3129 728 142.832 723.551 462.527
604 0 61.3627 14.8136 909 137.828 724.383 461.227
605 0 63.2835 13.5264 856 141.09 724.097 460.049
606 0 68.2071 15.1157 1031 135.782 724.459 463.364
607 0 66.4595 12.9101 858 143.928 723.885 459.138
608 0 72.419 17.1364 1241 133.359 723.361 458.464
609 0 74.2034 15.0802 1119 139.29 723.427 459.238
610 0 76.2752 14.4084 1099 140.283 722.378 461.032
611 0 80.3077 17.5201 1407 134.559 721.33 459.25
612 0 82.2922 16.7817 1381 137.07 720.591 458.771
613 0 82.3639 15.3344 1263 143.282 719.107 454.864
614 0 89.3095 16.8851 1508 137.326 718.158 456.532
615 0 89.2985 15.3866 1374 143.668 716.714 451.369
616 1 47.0312 10.8651 511 143.139 717.149 473.65
617 0 49.0331 12.7057 623 140.825 714.666 471.12
618 0 52.2625 13.1643 688 137.375 712.416 468.67
619 0 49.37 11.424 564 146.371 710.56 468.94
620 0 53.4383 13.2115 706 145.144 709.221 461.357
621 0 56.3778 15.4848 873 134.234 708.74 459.73
622 0 58.1759 15.9516 928 132.318 709.39 459.873
623 0 58.2775 14.3795 838 134.87 710.699 460.761
624 0 61.2663 14.3309 878 134.896 710.223 457.444
625 0 65.7597 13.5797 893 133.46 710.498 459.344
626 0 62.1878 12.0763 751 138.951 710.579 454.719
627 0 68.3076 15.5327 1061 132.709 711.621 452.444
628 0 66.3639 13.8177 917 137.974 712.326 450.286
629 0 70.2946 18.394 1293 127.021 713.614 448.893
630 0 71.2752 16.2609 1159 132.386 713.541 445.093
631 0 74.2145 15.9403 1183 133.906 715.741 441.983
632 0 81.1824 15.767 1280 131.577 718.151 443.973
633 0 81.4861 18.5185 1509 128.475 720.101 445.852
634 0 83.28 16.4385 1369 134.607 721.164 444.109
635 0 83.2673 14.0752 1172 137.376 723.798 442.746
636 0 88.2736 18.8845 1667 127.282 724.902 447.25
637 1 45.0785 11.0918 500 135.1 726.9 465.836
638 0 49.0749 12.1243 595 139.123 727.506 462.829
639 0 50.1253 12.2493 614 135.607 728.528 464.163
640 0 49.0862 12.0808 593 144.543 726.622 464.546
641 0 52.1254 14.2733 744 138.942 724.664 462.277
642 0 53.0869 13.8076 733 143.233 723.138 462.112
643 0 52.1573 12.9416 675 148.421 724.449 463.819
644 0 55.2345 13.4155 741 146.74 723.779 464.954
645 0 57.2587 15.1942 870 145.353 723.003 461.68
646 0 59.3883 14.7672 877 144.101 723.36 463.287
647 0 59.4569 11.9751 712 151.268 722.454 461.989
648 0 61.3848 13.1303 806 148.164 721.409 461.034
649 0 66.3431 15.254 1012 142.883 719.042 459.934
650 0 66.2317 14.102 934 146.199 717.876 456.655
651 0 67.5313 13.0162 879 149.322 716.727 456.086
652 0 71.3839 15.6478 1117 142.924 715.402 455.181
653 0 71.3514 12.6136 900 150.914 715.211 450.313
654 0 76.2939 15.7156 1199 143.998 714.139 449.58
655 0 77.3056 16.9457 1310 142.579 713.137 445.635
656 0 81.4029 15.1469 1233 144.093 712.535 444.247
657 0 83.3815 14.8234 1236 142.598 712.352 442.222
658 0 86.2142 15.7399 1357 141.287 712.601 440.62
659 0 86.2221 12.5374 1081 142.637 714.28 437.499
660 0 91.2864 13.6494 1246 140.536 714.663 438.782
661 1 51.0457 11.0685 565 140.579 715.319 459.313
662 0 51.073 12.5311 640 135.73 716.131 459.131
663 0 54.2632 12.3288 669 137.263 718.486 454.336
664 0 54.2101 11.935 647 138.048 720.148 454.75
665 0 57.2124 15.5561 890 134.709 722.67 452.787
666 0 60.0767 13.0167 782 138.237 724.925 453.49
667 0 63.0705 13.1282 828 136.092 726.156 454.403
668 0 65.1783 14.6521 955 131.808 727.422 452.372
669 0 70.1837 15.1602 1064 129.13 729.454 454.335
670 0 70.3459 18.5228 1303 126.291 729.43 451.843
671 0 71.2796 14.9832 1068 130.18 731.3 452.767
672 0 73.0677 14.1239 1032 135.7 730.762 450.149
673 0 78.1174 15.6303 1221 132.303 731.248 452.786
674 0 79.3291 14.5218 1152 139.533 730.781 450.469
675 0 81.1393 15.3933 1249 142.476 729.883 450.767
676 1 42.0517 10.5822 445 143.584 729.589 470.548
677 0 45.0957 11.5532 521 142.098 728.505 471.044
678 0 48.2201 13.2725 640 138.566 727.048 470.841
679 0 48.0153 12.2045 586 140.92 726.13 469.746
680 0 55.151 15.249 841 130.308 724.885 470.75
681 0 54.0908 13.7916 746 135.721 723.253 467.436
682 0 52.0888 12.8627 670 143.384 721.5 464.443
683 0 53.127 14.8324 788 140.034 719.405 463.326
684 0 56.0298 15.7595 883 137.798 717.895 462.248
685 0 57.0622 15.3692 877 137.791 717.393 461.909
686 0 59.1005 12.8087 757 144.946 716.145 460.057
687 0 59.0937 15.7208 929 139.875 715.393 459.188
688 0 63.0818 15.6463 987 139.526 713.761 455.572
689 0 62.1204 12.1699 756 147.136 713.36 452.587
690 0 68.1407 13.5895 926 143.982 712.782 452.349
691 0 68.2488 15.3702 1049 142.317 713.182 449.826
692 0 71.0998 15.1055 1074 142.515 714.063 449.493
693 0 75.0882 18.6581 1401 134.657 714.5 447.149
694 0 75.1675 15.073 1133 141.583 715.318 448.673
695 0 79.2536 14.952 1185 143.846 716.294 444.058
696 0 80.2234 15.0579 1208 144.146 718.139 441.625
697 0 81.103 13.4027 1087 149.284 718.914 439.895
698 1 43.0774 12.0945 521 143.977 721.82 461.111
699 0 46.0843 11.262 519 146.266 724.925 460.335
700 0 47.0289 13.9489 656 136.895 725.672 461.494
701 0 48.0561 14.2542 685 138.701 727.165 459.448
702 0 52.0683 14.02 730 135.599 728.623 459.933
703 0 54.2532 14.4139 782 135.605 726.389 455.101
704 0 52.2248 13.5951 710 138.918 726.72 457.373
705 0 54.0854 14.1443 765 139.579 729.731 459.92
706 0 54.1764 11.2226 608 148.702 729.762 459.929
707 0 58.0294 15.2164 883 139.473 728.817 460.301
708 0 61.0561 13.7415 839 143.658 728.33 458.617
709 0 59.2354 13.0159 771 147.978 726.751 462.115
710 0 64.0532 14.4099 923 146.728 727.367 457.581
711 0 66.1412 15.0738 997 146.22 724.104 461.16
712 0 69.263 13.1095 908 150.539 724.6 458.564
713 0 71.1159 13.8787 987 151.205 722.02 457.989
714 0 69.1331 14.7831 1022 153.074 719.495 454.339
715 0 76.1313 15.4864 1179 149.565 717.238 453.513
716 0 77.0798 14.4915 1117 152.121 715.44 453.337
717 0 77.1398 16.7229 1290 146.751 714.346 453.491
718 0 83.2725 15.5393 1294 149.371 713.092 450.76
719 0 84.1119 13.9695 1175 153.188 711.66 447.743
720 0 88.3253 16.3826 1447 144.35 711.352 446.522
721 0 91.0999 19.1328 1743 139.728 710.846 441.398
722 0 94.2572 22.3855 2110 129.366 710.632 443.125
723 1 49.2292 15.9255 784 143.573 710.483 460.337
724 0 52.2373 14.3576 750 143.748 711.075 459.201
725 0 52.4754 14.1971 745 142.072 713.164 458.868
726 0 55.1217 17.8151 982 134.256 710.982 459.125
727 0 57.1838 16.2459 929 136.37 712.3 456.817
728 0 58.0687 11.6242 675 146.622 712.856 458.033
729 0 60.1131 15.371 924 136.5 714.03 452.643
730 0 62.0723 17.4635 1084 134.491 715.99 448.953
731 0 64.0733 15.3106 981 139.1 718.385 450.969
732 0 65.1082 17.4939 1139 132.681 720.476 451.23
733 0 67.0809 15.936 1069 140.683 722.403 453.817
734 0 70.0776 15.5256 1088 142.266 723.222 453.162
735 0 70.0967 14.1519 992 147.746 723.575 449.722
736 0 73.0827 15.9272 1164 140.656 725.068 454.704
737 0 74.0436 15.3153 1134 146.843 725.014 451.493
738 0 79.0849 16.1599 1278 140.013 725.226 453.754
739 0 83.1022 16.1368 1341 142.797 724.632 452.87
740 1 44.1251 9.90366 437 146.927 724.462 474.49
741 0 42.0779 10.6945 450 148.958 723.882 474.113
742 0 48.4799 16.8111 815 132.973 723.955 476.531
743 0 48.3085 16.8086 812 137.4 722.34 473.074
744 0 50.4199 15.9064 802 138.918 721.574 472.918
745 0 51.8022 17.007 881 136.771 720.824 469.233
746 0 51.2682 14.4729 742 142.332 719.76 472.392
747 0 51.5489 13.5793 700 146.379 717.894 469.217
748 0 54.4232 13.983 761 144.042 716.185 469.737
749 0 54.2871 14.3496 779 144.056 714.944 469.942
750 0 55.5318 12.7314 707 148.024 714.443 467.605
751 0 60.3392 15.7278 949 140.175 713.84 465.731
752 0 59.2954 13.5592 804 147.388 713.086 463.909
753 0 60.4044 12.9626 783 147.668 712.69 464.018
754 0 62.2054 13.793 858 146.626 711.059 462.17
755 0 65.295 17.3826 1135 137.664 711.423 460.351
756 0 68.3469 15.2604 1043 140.449 711.741 459.675
757 0 70.3222 14.1349 994 144.623 711.584 458.125
758 0 74.4307 15.585 1160 140.837 712.068 455.762
759 0 74.4382 13.5817 1011 144.448 712.419 455.869
760 0 79.5329 13.9062 1106 141.724 712.984 454.107
761 1 42.1076 11.0906 467 138.268 714.441 473.276
762 0 46.1317 12.3776 571 141.72 716.785 468.783
763 0 46.2977 12.3116 570 140.916 717.291 467.181
764 0 45.1116 11.7265 529 140.807 719.369 469.096
765 0 46.1342 13.9376 643 138.135 720.694 465.499
766 0 49.3139 14.7017 725 135.095 722.059 467.29
767 0 51.2019 18.3196 938 124.777 722.762 471.319
768 0 52.2197 13.8262 722 136.878 724.536 467.702
769 0 51.2081 13.1034 671 137.996 724.651 467.861
770 0 56.1839 15.4671 869 133.472 724.934 469.323
771 0 57.2609 16.5733 949 131.076 725.367 469.024
772 0 56.2714 14.4123 811 139.376 725.324 467.276
773 0 60.2448 14.3913 867 136.499 725.637 471.54
774 0 63.1493 12.3042 777 142.208 724.129 468.677
775 0 64.2523 16.1551 1038 135.653 723.426 470.241
776 0 67.3013 13.8482 932 140.795 721.654 467.621
777 0 70.2218 15.6931 1102 138.775 719.995 468.78
778 0 70.2503 14.8612 1044 143.258 718.736 464.292
779 0 72.392 13.6755 990 146.903 716.956 462.211
780 0 75.2541 14.6703 1104 144.444 715.307 462.076
781 1 37.0724 11.2213 416 145.286 715.377 479.546
782 0 37.1338 10.5295 391 145.338 713.921 480.905
783 0 40.0454 12.9853 520 139.64 711.837 479.144
784 0 41.0723 11.3702 467 142.732 711.176 477.989
785 0 42.665 13.6412 582 134.816 708.704 474.397
786 0 45.4968 15.1 687 130.747 708.109 468.387
787 0 45.5431 13.5476 617 134.496 707.245 465.818
788 0 47.1506 16.7124 788 123.662 707.933 464.963
789 0 48.159 12.2096 588 128.279 707.6 465.92
790 0 47.1948 15.0864 712 125.117 708.08 460.698
791 0 49.1568 14.2808 702 125.6 708.89 462.605
792 0 50.4044 12.2212 616 125.083 708.925 457.765
793 0 52.2907 14.4003 753 122.793 710.21 456.068
794 0 55.2665 12.5031 691 131.425 711.195 457.14
795 0 55.2569 15.5094 857 123.068 712.841 454.681
796 0 57.2189 13.527 774 125.469 714.079 453.198
797 0 58.3578 11.7208 684 126.623 717.49 453.366
798 0 65.245 19.5571 1276 114.412 718.929 452.35
799 0 64.5036 16.1541 1042 118.066 720.502 451.702
800 0 65.0554 14.5722 948 122.83 721.371 451.756
801 0 68.1558 16.8144 1146 118.914 723.049 452.948
802 0 70.2206 13.7994 969 124.337 723.873 453.927
803 0 71.2118 11.2481 801 132.036 725.854 453.489
804 0 73.2063 13.66 1000 129.401 725.767 450.685
805 0 76.2675 13.492 1029 128.133 725.666 454.639
806 0 78.2299 14.7514 1154 133.234 725.25 450.269
807 1 42.118 9.82953 414 132.703 726.297 469.531
808 0 45.1539 12.2691 554 127.092 726.365 470.087
809 0 40.2806 8.91248 359 135.145 724.877 469.12
810 0 46.2892 12.7027 588 129.233 724.383 471.364
811 0 51.2883 11.9715 614 132.122 723.892 469.795
812 0 51.142 12.0645 617 131.856 721.216 467.207
813 0 53.1458 15.0906 802 128.212 719.988 467.948
814 0 52.1041 12.3791 645 135.291 720.327 465.468
815 0 56.0828 14.5321 815 129.996 719.093 463.239
816 0 58.0549 15.5198 901 128.32 718.154 462.797
817 0 59.2217 12.8669 762 129.996 716.715 459.247
818 0 63.1925 13.8149 873 132.969 715.961 460.241
819 0 65.1396 16.0425 1045 127.004 715.406 456.672
820 0 67.1356 13.4355 902 131.222 714.877 456.672
821 0 69.1575 12.739 881 132.884 714.115 455.946
822 0 70.1069 14.3352 1005 130.065 714.168 452.649
823 0 74.3517 14.4987 1078 128.343 713.879 451.455
824 0 74.3536 12.0236 894 129.57 714.771 450.506
825 1 43.06 14.2359 613 122.777 715.858 463.45
826 0 44.1177 14.416 636 117.69 715.994 466.035
827 0 44.1154 8.47777 374 126.147 717.877 465.227
828 0 45.1406 13.8013 623 119.87 718.554 461.812
829 0 49.2017 13.7597 677 119.598 720.191 461.904
830 0 53.323 14.8716 793 115.725 720.501 460.82
831 0 52.1958 15.1736 792 118.227 721.287 459.17
832 0 53.2916 12.5536 669 119.673 722.244 460.006
833 0 55.4308 16.5431 917 114.676 724.12 459.601
834 0 54.1581 12.9251 700 120.781 726.273 461.72
835 0 57.2648 13.0971 750 118.367 726.576 459.348
836 0 61.5181 12.8905 793 111.069 727.89 463.723
837 0 64.3954 18.1379 1168 111.095 728.209 459.091
838 0 62.3344 13.7163 855 118.822 728.124 458.644
839 0 69.5031 14.7763 1027 114.832 727.771 463.023
840 0 70.2753 18.0291 1267 117.77 727.832 457.216
841 0 70.2377 14.2516 1001 125.189 727.97 458.014
842 0 72.3089 11.8658 858 133.192 727.564 458.417
843 0 71.3026 10.9253 779 140.418 725.421 460.112
844 1 37.083 10.463 388 137.451 723.644 475.438
845 0 41.1232 11.3318 466 128.202 722.654 477.311
846 0 43.1557 10.9371 472 134.239 721.907 473.038
847 0 43.1936 12.2472 529 134.354 721.403 467.083
848 0 45.2391 15.7607 713 128.641 720.408 464.69
849 0 47.3378 13.9846 662 129.228 718.69 466.282
850 0 49.4585 13.8904 687 129.39 717.14 463.63
851 0 51.4482 13.4504 692 117.682 716.088 463.36
852 0 53.2887 14.8437 791 127.915 713.813 464.991
853 0 54.0917 12.4973 676 132.016 713.485 466.391
854 0 55.1751 12.5238 691 134.664 713.353 463.42
855 0 56.0705 12.734 714 132.945 712.871 460.905
856 0 61.3043 18.1717 1114 121.447 713.109 463.268
857 0 62.0572 16.082 998 125.871 713.286 457.371
858 0 61.2747 13.0396 799 132.218 712.678 451.143
859 0 66.2802 14.4387 957 126.424 713.446 455.013
860 0 67.2053 14.2846 960 129.43 714.211 452.198
861 0 70.2544 13.4796 947 129.497 715.073 450.941
862 0 75.7387 16.4249 1244 122.949 716.28 449.731
863 0 76.3811 15.5012 1184 126.582 717.677 444.998
864 0 77.4099 14.6493 1134 128.226 718.509 445.795
865 0 79.855 15.4906 1237 127.677 720.251 441.203
866 0 84.8468 19.0461 1616 122.67 721.577 441.779
867 0 85.9173 14.0833 1210 130.474 723.288 442.788
868 0 89.8683 14.9775 1346 133.392 723.704 441.182
869 0 91.6917 14.1452 1297 135.873 723.966 438.305
870 1 47.4188 11.3668 539 139.85 724.017 460.121
871 0 51.5483 11.7366 605 137.388 724.064 460.57
872 0 49.3682 11.8295 584 141.389 724.024 460.002
873 0 52.5211 10.8718 571 141.32 724.552 460.737
874 0 53.0573 12.2321 649 135.851 725.895 463.886
875 0 55.1596 15.5005 855 132.63 726.221 465.901
876 0 58.191 15.1913 884 133.612 724.673 465.324
877 0 58.2028 12.3018 716 139.557 723.577 463.578
878 0 62.1526 13.322 828 137.633 721.874 460.359
879 0 65.2368 14.2098 927 135.003 721.256 461.777
880 0 67.2356 16.1968 1089 132.174 719.207 458.6
881 0 69.2614 14.3226 992 134.578 717.221 458.663
882 0 72.1881 14.0051 1011 133.612 716.239 459.8
883 0 73.2487 13.9798 1024 136.181 714.527 454.802
884 0 74.1366 13.5426 1004 134.976 713.555 455.46
885 0 80.3348 16.2943 1309 128.716 712.821 452.904
886 0 83.2065 15.2753 1271 130.143 711.242 447.921
887 0 87.2532 17.581 1534 125.435 711.744 449.442
888 0 89.1701 18.9189 1687 122.336 710.982 444.114
889 0 91.2307 15.4553 1410 128.93 711.353 440.717
890 0 93.2535 15.3774 1434 130.531 711.128 435.501
891 0 97.329 15.576 1516 127.922 711.128 440.29
892 0 100.464 14.6521 1472 132.198 711.824 436.196
893 1 55.1545 14.4503 797 121.428 713.072 461.189
894 0 51.1216 7.92229 405 131.642 714.978 459.975
895 0 57.0951 13.6264 778 124.373 715.496 456.851
896 0 57.4326 12.3101 707 126.83 715.331 451.661
897 0 61.5057 13.2671 816 119.732 717.486 449.934
898 0 66.5214 15.3935 1024 115.703 721.583 453.022
899 0 64.2581 15.889 1021 116.758 723.379 450.291
900 0 68.3193 14.9592 1022 115.927 724.395 450.555
901 0 69.2052 14.3775 995 118.577 725.058 451.866
902 0 73.2937 12.8524 942 116.893 726.008 454.814
903 0 74.2716 13.2352 983 120.435 726.538 452.721
904 0 76.303 14.6521 1118 119.928 727.712 453.155
905 0 80.553 16.6847 1344 118.045 727.471 452.51
906 0 81.0764 15.3805 1247 119.469 727.021 450.217
907 0 85.3012 17.4441 1488 118.736 726.873 451.036
908 1 43.0651 8.96317 386 129.531 726.852 468.588
909 0 48.2164 11.0958 535 126.495 726.262 472.936
910 0 46.1499 11.2893 521 128.973 724.511 471.225
911 0 48.0792 10.8363 521 129.083 725.017 471.593
912 0 48.0932 10.8331 521 129.378 723.772 470.843
913 0 50.1301 10.4328 523 132.472 722.604 470.18
914 0 51.2532 15.2966 784 124.843 720.988 467.105
915 0 50.0497 13.5465 678 130.353 719.562 464.768
916 0 52.0651 12.542 653 131.962 718.32 461.9
917 0 54.0829 15.014 812 127.575 716.147 461.872
918 0 56.4478 15.129 854 124.78 715.741 458.546
919 0 58.8115 15.6602 921 123.328 714.907 457.851
920 0 58.2155 13.1752 767 126.764 714.428 459.537
921 0 61.6256 16.8112 1036 118.934 714.57 457.042
922 0 65.4314 14.1981 929 124.854 714.124 455.751
923 0 63.2744 11.948 756 127.46 714.194 453.799
924 0 69.4171 15.9615 1108 118.979 713.851 452.175
925 0 69.3026 17.2577 1196 118.209 714.859 450.722
926 0 72.2204 12.0188 868 124.772 715.364 451.624
927 0 71.2875 10.4927 748 126.556 716.85 451.34
928 0 73.1921 14.1409 1035 130.538 716.993 443.109
929 0 75.2741 13.6435 1027 130.982 718.629 445.358
930 0 80.2219 17.1649 1377 122.622 720.543 441.813
931 0 80.3556 13.5647 1090 126.078 722.311 441.609
932 0 82.2786 13.2477 1090 126.279 723.795 443.118
933 0 87.2619 15.6999 1370 122.246 724.882 440.052
934 0 91.4456 21.2586 1944 111.592 725.757 446.583
935 1 51.1799 13.7945 706 116.824 725.562 460.967
936 0 51.2229 11.7916 604 123.409 725.647 457.742
937 0 53.1806 10.4737 557 127.54 727.346 461.233
938 0 54.3082 12.1344 659 122.53 726.92 459.833
939 0 56.0702 11.7353 658 124.319 728.143 461.535
940 0 60.148 12.2864 739 126.268 728.176 464.035
941 0 62.3764 11.8314 738 132.084 726.496 459.435
942 0 63.1212 16.7456 1057 126.311 724.659 457.008
943 0 64.1071 14.7566 946 130.043 723.082 455.358
944 0 64.0799 13.4676 863 133.725 722.08 456.291
945 0 70.2702 15.4404 1085 128.362 720.902 456.524
946 0 68.0991 13.7447 936 133.859 719.224 455.931
947 0 74.6927 15.9587 1192 127.336 717.732 459.026
948 0 73.1408 15.5727 1139 131.561 716.929 452.075
949 0 74.2259 14.3211 1063 132.999 715.122 452.694
950 0 78.1883 16.78 1312 127.997 715.284 452.845
951 0 80.2298 14.7202 1181 131.744 714.274 449.452
952 0 82.0964 13.5938 1116 133.651 713.583 448.462
953 0 84.2588 16.0221 1350 127.518 712.947 447.169
954 0 83.3086 14.2122 1184 144.292 714.289 441.573
955 0 90.4033 16.9242 1530 136.656 714.005 439.568
956 0 90.343 15.9282 1439 137.484 714.113 445.671
957 0 94.3227 15.4576 1458 141.764 713.513 437.369
958 0 96.3446 16.4929 1589 140.312 713.804 437.315
959 0 100.475 16.3822 1646 141.873 713.776 433.476
960 0 102.633 17.8402 1831 139.962 714.312 433.129
961 0 105.336 13.8225 1456 147.607 715.792 429.822
962 0 108.495 16.4432 1784 143.283 717.071 428.508
963 0 114.62 15.8088 1812 142.176 718.958 428.985
964 0 117.752 17.6898 2083 140.081 721.201 423.409
965 0 119.789 17.8564 2139 134.141 723.235 422.025
966 0 124.572 14.891 1855 142.224 724.139 417.015
967 0 127.609 15.3986 1965 139.925 725.961 418.907
968 0 131.606 16.8382 2216 140.103 726.522 415.293
969 0 136.863 18.0473 2470 137.337 728.185 413.998
970 0 139.395 17.8127 2483 131.159 728.606 414.555
971 1 73.2292 11.7439 860 134.11 728.866 448.281
972 0 76.1197 11.4951 875 139.365 729.256 448.133
973 0 77.1628 12.1432 937 147.826 728.418 445.729
974 0 82.3448 14.9251 1229 139.37 728.116 446.694
975 0 83.3163 13.9108 1159 144.234 726.95 449.77
976 0 85.2764 13.8843 1184 147.226 726.291 447.685
977 0 90.3136 18.469 1668 136.561 724.225 444.259
978 0 93.4235 16.6767 1558 136.556 722.484 443.064
979 0 96.3576 13.5952 1310 144.989 721.443 445.082
980 0 100.579 17.1905 1729 137.864 719.627 443.477
981 0 103.495 14.1457 1464 142.486 718.006 437.921
982 0 106.426 15.1279 1610 140.93 716.42 435.446
983 0 110.754 14.7624 1635 142.589 716.262 433.067
984 0 114.215 13.5884 1552 140.419 714.39 433.885
985 0 118.458 14.8829 1763 137.936 713.349 428.748
986 0 121.35 14.2728 1732 137.061 712.449 430.769
987 1 64.4954 13.6134 878 131.448 711.375 455.607
988 0 64.1087 15.3489 984 131.755 711.111 454.833
989 0 66.2638 13.5972 901 132.575 711.176 450.958
990 0 68.284 15.5088 1059 128.823 714.036 450.593
991 0 66.1774 13.5998 900 135.506 714.613 449.82
992 0 72.206 18.4057 1329 121.633 714.6 450.768
993 0 73.1093 14.0885 1030 126.706 714.628 448.956
994 0 74.4662 17.5247 1305 124.087 715.594 445.518
995 0 74.1828 14.9361 1108 125.69 715.078 442.521
996 0 77.1381 15.2843 1179 126.433 717.116 438.159
997 0 79.2308 16.6854 1322 123.961 718.71 440.463
998 0 85.1234 17.0223 1449 119.234 721.288 442.977
999 0 87.2744 17.0955 1492 124.355 721.741 436.588
1000 0 89.2767 13.755 1228 120.892 722.949 441.116
1001 1 197.138 16.2171 3197 120.321 725.97 389.877
1002 0 201.891 19.2678 3890 116.348 726.728 389.991
1003 1 99.3407 23.1627 2301 103.313 726.684 440.902
1004 0 103.675 14.1211 1464 113.902 727.092 438.611
1005 0 106.605 13.1326 1400 118.929 726.789 437.354
1006 1 60.2312 11.0242 664 118.583 726.239 464.245
1007 0 59.2088 11.6706 691 123.453 726.282 463.528
1008 0 61.199 19.5755 1198 116.038 726.512 460.26
1009 0 63.0787 17.8032 1123 120.257 725.931 461.408
1010 0 65.0692 16.5055 1074 125.706 724.421 462.4
1011 0 67.2523 16.5645 1114 129.635 722.895 460.219
1012 0 70.1177 16.5721 1162 130.737 721.881 460.598
1013 0 73.2463 16.5606 1213 131.046 720.674 458.675
1014 0 73.2528 16.5591 1213 136.242 718.592 456.265
1015 0 76.1625 14.7054 1120 138.728 716.718 459.043
1016 0 79.3394 14.6964 1166 136.867 715.79 456.446
1017 0 82.1095 17.5497 1441 134.794 715.371 456.709
1018 0 80.0614 15.1134 1210 143.252 714.04 452.542
1019 0 83.0806 15.6234 1298 140.18 713.142 453.757
1020 0 88.3197 15.1042 1334 140.203 712.524 453.33
1021 0 90.2955 18.4395 1665 138.037 711.846 445.214
1022 0 91.3136 14.839 1355 144.633 710.43 445.863
1023 0 95.4006 14.0775 1343 146.885 709.931 439.94
1024 0 99.703 14.6034 1456 144.396 711.196 442.341
1025 0 101.265 14.6645 1485 145.314 711.441 439.95
1026 0 107.365 18.4604 1982 137.246 712.072 437.532
1027 0 109.573 14.4926 1588 143.776 712.438 439.356
1028 0 112.37 16.0541 1804 143.66 713.398 431.256
1029 0 117.437 13.2666 1558 148.195 714.886 430.09
1030 0 122.525 15.5152 1901 142.378 716.706 431.063
1031 0 125.612 16.1848 2033 141.349 717.884 424.312
1032 0 128.526 14.6896 1888 144.523 719.717 425.98
1033 0 135.069 16.3916 2214 140.09 721.492 420.423
1034 0 138.626 13.1649 1825 144.635 723.537 419.993
1035 0 141.72 13.195 1870 145.41 723.964 417.389
1036 0 153.033 16.1795 2476 138.086 725.079 418.781
1037 1 82.7805 14.0492 1163 134.93 725.564 454.606
1038 0 79.6011 15.251 1214 138.135 724.212 451.062
1039 0 84.8186 14.9967 1272 138.374 725.061 450.405
1040 0 84.4534 14.6116 1234 142.459 724.686 452.654
1041 0 87.6486 13.6568 1197 143.114 723.634 451.749
1042 0 92.5206 14.8075 1370 139.396 722.853 450.923
1043 0 96.6685 17.6066 1702 132.932 722.145 449.57
1044 0 98.4039 15.0197 1478 132.669 721.38 451.556
1045 0 101.454 11.3056 1147 140.78 719.788 447.665
1046 0 106.693 10.2069 1089 139.252 717.86 449.346
1047 0 110.532 14.2402 1574 135.931 716.232 438.424
1048 0 116.491 12.9624 1510 136.535 715.018 444.345
1049 0 118.532 13.3804 1586 137.516 713.926 434.912
1050 0 124.723 17.5028 2183 130.19 713.167 431.982
1051 0 130.523 16.1505 2108 132.409 712.394 429.137
1052 1 66.2214 12.6092 835 133.887 712.823 459.408
1053 0 63.2881 11.7716 745 134.784 712.711 460.866
1054 0 66.3258 8.45825 561 136.904 712.317 463.996
1055 0 69.3951 11.3409 787 136.381 711.512 455.872
1056 0 73.3362 13.0222 955 133.156 711.015 451.482
1057 0 76.2708 15.4843 1181 129.235 711.792 447.991
1058 0 77.3001 19.2885 1491 123.027 711.296 445.335
1059 0 80.2206 16.6042 1332 125.441 712.408 451.386
1060 0 80.1942 13.0184 1044 136.108 712.437 444.078
1061 0 85.1573 15.6182 1330 129.966 713.259 445.666
1062 0 89.2699 16.5677 1479 127.844 714.118 441.401
1063 0 90.3775 15.2472 1378 130.85 715.808 441.261
1064 0 94.2292 15.3562 1447 131.661 718.021 437.211
1065 0 98.1343 14.5413 1427 133.177 720.167 435.426
1066 0 101.168 14.6687 1484 133.371 720.224 428.433
1067 0 100.171 14.7248 1475 147.118 720.211 428.313
1068 0 103.186 14.3623 1482 135.525 722.681 424.621
1069 0 109.313 13.7129 1499 136.292 724.081 425.031
1070 0 111.271 14.2445 1585 135.907 725.269 424.523
1071 0 116.516 15.2511 1777 134.041 725.742 427.794
1072 0 119.357 15.1311 1806 138.745 726.792 427.293
1073 0 121.353 13.6296 1654 141.342 726.88 427.115
1074 0 126.337 15.1974 1920 137.993 726.66 429.501
1075 0 133.556 16.8094 2245 137.478 725.983 419.763
1076 0 137.835 15.6201 2153 140.339 725.415 420.327
1077 0 140.69 16.6038 2336 139.632 724.875 415.05
1078 0 145.472 15.9138 2315 141.336 724.518 408.283
1079 0 151.548 20.2576 3070 132.415 724.002 413.73
1080 0 152.669 21.694 3312 132.563 722.024 409.889
1081 0 161.762 21.6676 3505 131.22 720.879 405.674
1082 0 160.651 14.5533 2338 145.733 718.899 403.235
1083 0 170.639 17.1942 2934 140.675 717.711 398.819
1084 0 176.889 18.52 3276 136.857 716.549 403.822
1085 0 181.708 17.5281 3185 140.473 714.985 395.856
1086 0 185.786 16.7882 3119 142.145 714.049 390.064
1087 0 192.81 15.6735 3022 144.302 713.217 382.429
1088 0 199.842 16.3879 3275 143.825 713.529 382.838
1089 1 140.868 15.3122 2157 142.355 713.214 417.552
1090 0 142.589 10.6039 1512 154.544 712.981 412.593
1091 0 150.53 13.5454 2039 151.079 712.9 401.477
1092 1 50.1453 12.1048 607 141.667 712.269 449.822
1093 0 51.0763 12.6869 648 142.404 712.127 449.489
1094 0 54.138 12.4312 673 142.774 715.941 450.987
1095 0 57.1404 11.218 641 140.836 716.927 451.002
1096 0 61.206 15.7664 965 129.815 718.197 449.302
1097 0 61.3428 13.4653 826 136.752 719.366 446.645
1098 0 63.4909 14.0335 891 136.648 721.183 447.044
1099 0 64.4048 14.4244 929 137.391 723.489 448.539
1100 0 66.3182 13.9328 924 138.374 723.896 449.572
1101 0 68.4167 14.7917 1012 137.923 726.24 450.31
1102 0 68.562 11.4349 784 150.506 726.917 448.311
1103 1 37.0462 11.5801 429 140.473 728.918 466.49
1104 0 39.0725 9.03449 353 143.694 729.81 467.003
1105 0 38.0669 9.48331 361 144.9 729.188 464.526
1106 0 43.0477 12.0099 517 134.019 729.673 466.882
1107 0 44.4993 10.899 485 135.792 726.002 461.604
1108 0 43.485 12.2341 532 135.861 725.827 459.162
1109 0 47.4044 14.9142 707 128.395 725.481 462.153
1110 0 47.4477 15.6172 741 127.868 724.629 464.838
1111 0 44.3353 10.5108 466 140.255 723.124 462.536
1112 0 49.291 11.422 563 136.334 721.984 464.734
1113 0 52.1916 13.4313 701 131.952 720.382 464.561
1114 0 51.4145 11.3198 582 141.399 719.186 461.132
1115 0 53.2578 11.097 591 141.868 718.259 465.519
1116 0 57.3028 16.5612 949 132.508 717.7 462.893
1117 0 58.2193 14.8576 865 135.37 715.638 462.362
1118 0 57.4104 13.9347 800 138.131 713.07 457.595
1119 0 60.2855 13.5688 818 138.692 712.079 454.759
1120 0 61.1106 13.4838 824 137.317 713.499 460.273
1121 0 62.1236 13.0707 812 140.453 712.14 456.685
1122 0 64.1032 15.1162 969 136.239 713.298 452.454
1123 0 67.0729 15.3564 1030 134.094 711.898 453.538
1124 0 68.0831 12.3085 838 140.858 710.38 450.568
1125 0 74.5438 16.7284 1247 130.612 711.536 449.593
1126 0 76.3088 14.1792 1082 135.696 711.823 447.664
1127 1 39.0763 5.34851 209 145.632 713.588 462.646
1128 0 45.1343 11.499 519 129.988 714.083 465.233
1129 0 45.0404 11.0345 497 133.066 714.96 463.622
1130 0 47.0369 9.86459 464 134.522 716.147 462.935
1131 0 50.0723 12.442 623 130.541 717.372 463.668
1132 0 49.1233 10.7892 530 129.436 718.04 457.334
1133 0 50.0956 15.5103 777 120.829 719.394 456.225
1134 0 54.1279 12.2857 665 125.328 720.48 457.26
1135 0 53.043 12.4993 663 128.3 721.902 456.274
1136 0 55.0531 12.4244 684 128.137 722.933 458.769
1137 0 56.0264 10.6914 599 132.035 723.835 458.917
1138 0 57.1013 13.1521 751 129.546 724.039 455.213
1139 0 57.2017 11.7304 671 133.964 724.277 457.583
1140 0 57.0498 11.078 632 136.316 724.019 456.359
1141 0 62.0723 14.1287 877 130.575 723.659 458.474
1142 0 63.0775 13.8718 875 132.091 723.334 459.654
1143 0 69.0814 13.6795 945 132.186 722.649 457.205
1144 0 68.2473 14.6379 999 134.66 721.309 454.777
1145 0 70.1995 14.644 1028 134.951 719.603 452.696
1146 0 75.1038 16.4972 1239 131.404 718.462 452.133
1147 0 76.1222 12.4274 946 139.877 716.577 447.08
1148 0 83.3614 22.5524 1880 118.885 715.372 452.785
1149 0 83.2207 21.9657 1828 121.301 713.958 449.919
1150 0 83.1556 14.4789 1204 138.586 712.52 444.258
1151 0 86.1367 15.905 1370 135.821 711.529 442.972
1152 0 88.1857 17.2817 1524 134.343 710.197 440.308
1153 0 88.2754 13.4805 1190 141.524 709.892 437.087
1154 0 91.3957 14.2129 1299 141.043 709.728 433.681
1155 1 48.0962 9.27309 446 138.047 710.675 457.522
1156 0 52.0365 11.8378 616 139.912 711.589 458.643
1157 0 55.1218 14.1505 780 132.035 710.126 461.045
1158 0 56.1076 13.8484 777 135.049 709.77 458.138
1159 0 56.1121 12.2612 688 134.161 711.259 447.371
1160 0 58.3604 10.6922 624 136.675 712.63 450.444
1161 0 59.2028 10.6921 633 132.883 713.393 449.269
1162 0 60.2337 12.4349 749 128.224 714.055 450.553
1163 0 64.5422 15.0134 969 123.61 715.894 447.234
1164 0 66.314 13.1194 870 125.756 717.509 446.949
1165 0 66.1862 12.5857 833 131.005 718.831 443.45
1166 0 71.1743 16.0451 1142 122.692 720.231 444.837
1167 0 72.2434 13.0393 942 128.806 722.851 442.707
1168 0 73.2136 10.804 791 133.97 723.388 444.574
1169 0 76.2058 13.293 1013 129.073 725.608 445.401
1170 0 81.8814 15.0217 1230 126.303 725.839 449.354
1171 1 40.0202 11.819 473 127.013 726.622 466.245
1172 0 44.0876 11.4318 504 128.915 726.012 464.573
1173 0 43.224 11.1975 484 129.816 725.455 464.748
1174 0 45.0679 9.69648 437 137.449 726.011 466.874
1175 0 45.0577 11.0525 498 136.022 726.492 467.58
1176 0 49.1527 12.5731 618 131.204 728.024 466.283
1177 0 50.2289 13.4584 676 130.062 726.771 465.259
1178 0 50.1713 12.9357 649 131.901 725.755 468.761
1179 0 53.111 13.8389 735 133.161 723.795 465.826
1180 0 55.161 14.648 808 129.522 722.593 465.153
1181 0 57.1785 13.2742 759 132.61 721.312 462.721
1182 0 57.1816 12.4865 714 135.401 719.99 460.564
1183 0 59.2812 13.2757 787 133.342 718.152 457.525
1184 0 62.1444 14.8364 922 131.882 716.976 456.718
1185 0 64.2585 12.3252 792 135.159 716.067 458.783
1186 0 65.2166 13.4782 879 133.163 714.802 456.142
1187 0 67.1924 14.0492 944 133.707 713.696 451.954
1188 0 70.2586 16.425 1154 127.621 713.419 450.445
1189 0 72.2291 16.4338 1187 128.559 713.005 448.48
1190 0 75.2214 13.2808 999 131.982 713.024 447.598
1191 0 75.1918 14.842 1116 130.02 712.074 441.655
1192 0 78.2671 13.6456 1068 130.885 712.675 445.037
1193 0 82.2302 13.3649 1099 131.177 712.438 444.255
1194 0 82.3745 13.3536 1100 137.977 713.741 441.698
1195 0 86.5889 14.1704 1227 140.291 715.545 438.989
1196 0 88.3747 14.3027 1264 140.256 717.358 435.01
1197 0 92.4205 18.0263 1666 132.079 718.519 433.202
1198 0 95.6393 13.3522 1277 141.421 720.609 435.109
1199 0 96.4724 14.6778 1416 139.258 722.362 432.441
1200 1 51.3554 11.216 576 140.224 724.957 452.497
1201 0 56.0863 14.2281 798 128.175 727.103 457.499
1202 0 57.0479 12.9014 736 134.755 728.352 454.524
1203 0 60.12 15.6687 942 128.514 729.649 457.408
1204 0 63.0876 16.168 1020 130.024 730.354 454.349
1205 0 65.2084 13.8326 902 135.277 729.391 455.63
1206 0 68.0391 16.0496 1092 133.599 729.744 455.245
1207 0 68.0869 17.0517 1161 136.326 729.451 456.043
1208 0 69.0772 14.2594 985 143.113 728.414 454.861
1209 0 73.0293 14.5969 1066 140.796 728.575 458.789
1210 0 73.1074 13.0356 953 146.886 727.597 456.552
1211 0 77.0337 16.0319 1235 140.817 726.933 456.215
1212 0 79.1568 15.0208 1189 144.754 725.746 452.531
1213 0 81.049 16.052 1301 142.677 724.782 450.166
1214 0 81.1034 13.5013 1095 148.509 723.497 450.167
1215 1 43.0855 7.75202 334 153.455 722.874 470.392
1216 0 48.0404 12.4062 596 140.851 721.369 469.767
1217 0 48.0516 8.47007 407 150.3 719.629 467.74
1218 0 48.0209 9.53752 458 149.55 718.43 465.151
1219 0 49.0656 11.3725 558 145.061 716.873 465.217
1220 0 51.0565 11.8692 606 141.893 715.502 464.564
1221 0 52.1119 12.5883 656 143.145 714.53 459.846
1222 0 54.124 13.8201 748 137.598 713.783 459.366
1223 0 53.0999 10.6027 563 141.114 712.771 458.405
1224 0 56.3147 12.9629 730 134.623 712.899 456.933
1225 0 56.4224 10.0315 566 141.325 713.019 455.306
1226 0 59.3056 11.3817 675 138.719 712.258 449.496
1227 0 61.1647 13.7661 842 135.72 713.405 452.392
1228 0 63.1326 12.1966 770 137.422 713.743 449.21
1229 0 66.1416 11.8534 784 140.043 714.796 451.23
1230 0 62.2583 9.44453 588 146.75 716.444 446
1231 0 67.2255 10.4425 702 142.625 717.914 445.004
1232 0 72.1264 13.92 1004 136.438 719.301 446.012
1233 0 75.2747 13.7231 1033 135.603 720.984 446.163
1234 0 77.1776 12.387 956 139.393 722.727 443.37
1235 0 79.1836 12.7804 1012 139.998 724.073 442.504
1236 1 40.0444 9.36461 375 143.56 726.539 461.856
1237 0 42.023 10.5181 442 139.95 727.561 468.79
1238 0 43.0627 9.21911 397 145.597 726.851 466.103
1239 0 45.0287 11.637 524 143.324 726.802 465.83
1240 0 47.0988 11.6139 547 143.556 727.194 465.57
1241 0 50.162 10.3863 521 146.236 725.618 465.825
1242 0 48.2053 10.4138 502 149.07 725.592 465.179
1243 0 54.0746 13.019 704 139.528 725.956 466.659
1244 0 53.0634 10.9869 583 144.254 725.017 468.545
1245 0 54.0556 12.5241 677 142.7 723.827 465.437
1246 0 57.1232 13.1295 750 140.581 722.149 465.612
1247 0 62.1227 13.6504 848 137.525 721.188 465.772
1248 0 63.1273 13.1797 832 141.704 719.27 461.947
1249 0 64.0727 14.0466 900 141.161 718.331 458.428
1250 0 64.077 12.4382 797 146.563 717.285 458.6
1251 0 69.0997 14.7034 1016 140.022 716.067 460.172
1252 0 72.1636 15.7836 1139 137.702 714.393 453.218
1253 0 72.0933 15.2441 1099 139.68 713.878 452.856
1254 0 75.1296 15.7994 1187 138.628 713.219 449.928
1255 0 79.1077 17.5963 1392 134.042 712.683 451.281
1256 1 38.0743 11.5038 438 134.345 712.849 472.831
1257 0 35.0402 8.87553 311 129.865 711.637 470.579
1258 0 37.0438 8.31448 308 133.679 710.974 468.019
1259 0 39.0249 11.5823 452 127.502 711.128 467.973
1260 0 39.0307 14.6039 570 123.347 711.204 464.944
1261 0 40.092 13.2944 533 124.368 710.927 462.036
1262 0 41.0392 14.742 605 128.767 714.256 467.793
1263 0 44.0312 12.9681 571 130.989 714.469 466.499
1264 0 44.0284 13.2187 582 132.021 716.174 465.94
1265 0 46.0775 14.3237 660 128.759 717.148 464.733
1266 0 45.0776 12.179 549 133.636 720.117 461.993
1267 0 46.0646 11.8529 546 131.443 720.456 460.299
1268 0 49.0961 10.7341 527 130.074 720.647 466.607
1269 0 49.2302 13.4267 661 126.693 720.018 464.601
1270 0 50.2479 12.7369 640 127.623 721.619 461.933
1271 0 51.4152 11.4752 590 127.139 721.025 465.93
1272 0 52.2225 11.2404 587 128.198 722.649 462.901
1273 0 55.5124 13.2763 737 123.374 722.613 463.491
1274 0 53.2805 12.1433 647 127.229 723.356 464.261
1275 0 55.2872 12.2994 680 122.537 722.529 468.212
1276 0 58.1623 14.0813 819 123.752 721.398 465.449
1277 0 59.0664 14.8138 875 122.959 720.405 465.643
1278 0 58.1017 12.2544 712 123.878 720.185 464.132
1279 0 60.5074 10.3954 629 125.545 719.679 461.911
1280 0 61.1932 13.8087 845 123.64 719.013 462.116
1281 0 60.2832 12.1427 732 125.683 715.705 466.404
1282 0 62.0469 11.4268 709 127.614 715.812 461.425
1283 1 32.0418 7.70869 247 126.644 714.421 481.316
1284 0 29.1225 6.24947 182 122.484 713.538 475.808
1285 0 33.0339 11.2309 371 113.566 712.288 475.582
1286 0 30.1357 9.25811 279 119.351 711.487 473.444
1287 0 34.0441 9.84018 335 119.06 712.23 474.11
1288 0 35.2777 14.5701 514 113.969 710.253 468.753
1289 0 37.2901 10.4317 389 118.638 709.293 471.625
1290 0 37.1042 13.0444 484 115.682 710.215 471.477
1291 0 36.0231 11.6314 419 118.766 710.241 470.68
1292 0 40.0259 13.6412 546 112.048 710.335 466.288
1293 0 39.0702 15.4593 604 111.002 710.58 468.074
1294 0 40.1784 11.8969 478 114.475 711.021 469.881
1295 0 39.0452 10.9617 428 117.1 710.836 468.967
1296 0 40.0185 13.044 522 113.262 711.921 468.389
1297 0 39.1245 12.1918 477 113.948 712.365 468.252
1298 0 39.0942 11.9711 468 113.427 713.667 467.355
1299 0 37.1325 6.54413 243 120.556 714.864 465.144
1300 0 36.0518 8.04397 290 118.017 715.683 467.493
1301 0 39.2203 13.1564 516 110.537 717.103 467.731
1302 0 39.1159 8.00187 313 116.406 717.805 463.572
1303 0 39.0883 15.7592 616 106.883 718.82 461.955
1304 0 42.0856 12.237 515 110.812 718.847 467.037
1305 0 41.3142 14.9343 617 106.569 719.972 465.916
1306 0 38.0808 11.7907 449 111.811 720.314 466.116
1307 0 41.0622 13.8083 567 108.346 719.774 466.922
1308 0 40.0228 9.44462 378 112.646 720.233 467.016
1309 1 0 0 0 -nan -nan -nan
1310 1 41.2552 11.8046 487 109.807 719.271 470.901
1311 0 41.0398 14.9611 614 105.853 718.699 467.091
1312 0 42.0652 14.2873 601 107.04 717.368 469.93
1313 0 39.0916 7.13709 279 115.154 716.007 475.079
1314 0 38.1173 13.2748 506 108.14 715.508 466.836
1315 0 38.0438 7.38623 281 114.167 713.438 466.754
1316 1 0 0 0 -nan -nan -nan
1317 1 38.203 5.81106 222 115.676 711.284 464.234
1318 0 41.045 11.8894 488 108.656 710.502 465.084
1319 0 36.2257 11.9804 434 109.7 709.399 463.518
1320 0 37.0831 12.1349 450 109.571 708.449 463.467
1321 0 39.0723 12.3873 484 110.674 707.87 462.2
