time division length width area intensity CMx CMy
0 0 67.1429 14.9383 1003 126.924 896.456 446.662
1 0 67.2074 15.9655 1073 126.214 897.344 447.402
2 0 72.1688 17.9718 1297 121.401 898.414 446.867
3 0 72.3556 8.707 630 135.57 897.898 446.721
4 0 76.2222 12.7653 973 131.651 898.605 443.486
5 0 78.2066 23.796 1861 116.766 898.873 451.735
6 0 80.2456 12.5864 1010 133.123 897.591 443.82
7 0 83.4177 11.6882 975 133.833 897.37 444.24
8 0 88.3449 12.5191 1106 131.183 896.42 446.89
9 0 89.2784 15.3005 1366 128.441 895.16 444.175
10 1 47.1307 8.10512 382 134.05 894.141 466.809
11 0 50.1505 9.41168 472 135.572 893.892 465.345
12 0 50.4645 11.3743 574 137.923 892.676 463.941
13 0 50.2891 10.0419 505 139.772 892.384 462.824
14 0 51.4889 13.8282 712 128.341 891.615 458.183
15 0 53.1021 14.1049 749 135.907 889.621 460.515
16 0 54.0964 11.3871 616 141.255 887.554 459.271
17 0 55.0959 15.0465 829 137.796 886.224 458.518
18 0 57.0939 13.6092 777 141.174 884.767 459.846
19 0 60.1297 14.635 880 138.991 884.166 458.717
20 0 57.1994 11.8358 677 146.814 883.295 456.42
21 0 62.0461 11.5237 715 146.771 883.073 452.883
22 0 61.1589 13.375 818 144.02 882.444 450.046
23 0 65.1626 13.7502 896 139.348 882.452 450.542
24 0 67.1193 13.7963 926 142.715 881.879 448.139
25 0 69.0868 13.9535 964 141.84 881.914 447.994
26 0 72.157 15.6741 1131 137.326 882.201 445.101
27 0 75.195 17.5145 1317 132.98 882.836 444.35
28 0 75.2049 13.9353 1048 138.861 882.841 443.521
29 0 77.2037 12.9657 1001 141.378 884.602 441.426
30 0 80.3931 11.6552 937 140.105 886.254 440.178
31 0 83.3462 15.5976 1300 129.988 888.762 444.202
32 0 85.2172 12.8847 1098 138.938 890.73 434.315
33 0 90.3614 17.4521 1577 122.92 892.851 437.812
34 0 91.672 16.1882 1484 124.894 894.094 438.801
35 0 101.995 19.7951 2019 116.653 896.272 437.428
36 1 50.35 8.99703 453 126.85 897.492 462.26
37 0 54.3136 13.2748 721 123.043 897.316 458.888
38 0 56.2495 14.0801 792 121.183 896.537 460.856
39 0 55.0836 15.4855 853 121.132 896.543 463.893
40 0 56.0527 14.415 808 124.415 896.021 460.839
41 0 58.1968 16.6332 968 123.116 895.512 459.574
42 0 60.1406 14.7321 886 129.38 894.406 458.161
43 0 61.1239 13.9553 853 133.101 893.482 460.016
44 0 66.1524 16.6887 1104 129.359 893.007 460.866
45 0 67.1555 13.5804 912 136.59 892.515 461.314
46 0 69.1569 15.6745 1084 134.187 891.604 458.009
47 0 69.0613 15.2908 1056 138.333 889.763 458.58
48 0 72.145 14.0134 1011 143.797 888.234 457.154
49 0 76.2486 18.4528 1407 135.23 886.642 456.679
50 0 77.1751 13.9423 1076 144.401 885.396 454.096
51 0 78.1566 15.9168 1244 141.25 883.63 451.786
52 1 39.0439 10.0912 394 143.188 882.216 474.305
53 0 44.1157 10.1325 447 146.329 881.461 470.96
54 0 45.1063 10.3533 467 148.062 881.69 468.002
55 0 47.2023 14.6391 691 135.401 880.392 468.867
56 0 48.0781 12.1469 584 140.926 879.887 465.908
57 0 51.0504 13.4181 685 136.489 879.442 463.133
58 0 51.2034 14.6475 750 136.359 880.008 462.533
59 0 51.0596 12.0252 614 141.191 881.692 463.482
60 0 55.0394 14.9166 821 135.192 882.741 460.675
61 0 57.0948 15.0452 859 134.357 882.944 460.03
62 0 58.0334 15.4566 897 135.077 883.126 455.654
63 0 63.0723 17.5354 1106 127.059 885.033 457.419
64 0 63.0773 14.7755 932 132.938 886.599 456.015
65 0 67.0965 15.5001 1040 128.317 888.638 454.744
66 0 67.2167 19.5636 1315 121.17 890.928 456.323
67 0 67.1641 11.8665 797 130.246 894.051 452.356
68 0 73.1471 19.5907 1433 116.141 894.766 454
69 0 75.1427 13.4943 1014 120.735 895.909 452.2
70 0 80.2195 17.0283 1366 114.067 896.516 451.729
71 0 80.1529 15.408 1235 115.538 897.83 449.344
72 0 81.1349 11.7089 950 120.314 897.56 452.167
73 1 164.723 11.8987 1960 127.967 896.635 415.164
74 0 164.683 11.7741 1939 154.635 897.632 415.318
75 1 47.1033 9.31993 439 118.797 895.961 476.018
76 0 47.1177 11.9276 562 121.198 895.039 469.632
77 0 49.0446 15.4349 757 117.974 893.682 470.889
78 0 50.1106 10.7961 541 125.187 893.906 472.36
79 0 52.1387 11.9297 622 123.354 892.712 470.531
80 0 53.1895 16.0746 855 117.604 890.185 474.409
81 0 54.0501 13.8945 751 126.469 890.154 469.688
82 0 57.237 14.6234 837 124.524 889.167 469.423
83 0 57.1117 12.7469 728 129.775 886.148 466.223
84 0 57.097 12.5751 718 124.804 885.196 466.248
85 0 62.0861 15.6396 971 126.147 883.141 465.348
86 0 65.091 13.412 873 128.806 881.548 466.308
87 0 67.1913 12.8588 864 132.316 880.874 462.125
88 0 69.0665 19.112 1320 122.987 880.608 460.217
89 0 70.1227 12.036 844 136.242 879.929 457.031
90 0 73.1155 15.6875 1147 132.863 879.16 453.339
91 0 74.2071 12.4651 925 139.824 878.891 452.787
92 0 77.2422 15.0436 1162 136.239 879.211 451.9
93 0 80.266 16.3207 1310 136.925 878.523 449.742
94 0 82.1849 13.9198 1144 142.941 879.299 447.154
95 0 87.2748 14.9413 1304 142.768 879.639 439.941
96 0 89.1575 16.2746 1451 139.916 880.204 445.518
97 0 91.1046 16.0694 1464 142.255 882.441 440.681
98 0 94.1467 15.4227 1452 144.535 884.387 440.442
99 0 101.437 16.2366 1647 134.308 887.653 445.571
100 1 51.078 12.569 642 134.312 888.458 465.04
101 0 50.1323 11.4697 575 135.567 891.045 461.61
102 0 53.3661 13.2294 706 132.867 893.312 460.636
103 0 58.4758 13.3902 783 129.785 894.776 461.354
104 0 58.3515 13.2987 776 126.875 895.71 462.952
105 0 61.3424 11.3951 699 129.398 896.05 458.853
106 0 62.3446 16.2324 1012 123.355 895.169 458.188
107 0 66.4159 16.9237 1124 120.366 896.307 458.493
108 0 66.2359 14.2823 946 125.688 895.92 460.52
109 0 68.1666 18.7922 1281 119.376 893.778 464.037
110 0 69.1171 13.5712 938 132.523 892.786 464.432
111 0 72.188 16.1384 1165 130.891 892.009 462.067
112 0 71.2633 15.2533 1087 135.341 891.373 458.822
113 0 74.3171 13.5231 1005 138.42 890.072 460.773
114 0 78.1952 15.7554 1232 138.518 888.243 459.623
115 0 80.1358 16.497 1322 136.699 887.182 461.81
116 0 81.1333 16.8118 1364 138.058 885.812 460.449
117 0 82.3158 14.7724 1216 143.69 884.716 454.988
118 0 88.3458 15.213 1344 143.172 883.585 450.771
119 0 90.1107 15.7251 1417 141.526 881.778 452.878
120 0 92.1917 14.6217 1348 143.642 880.278 450.521
121 1 50.0662 14.9202 747 137.892 879.141 472
122 0 51.3185 8.61288 442 149.55 878.149 468.821
123 0 52.31 13.4391 703 137.886 877.619 466.56
124 0 54.0765 15.0343 813 137.044 876.621 466.514
125 0 58.3766 15.931 930 133.182 877.267 466.147
126 0 58.1009 13.4938 784 138.346 876.024 462.439
127 0 57.2028 10.9086 624 144.821 875.913 461.502
128 0 61.0996 13.0116 795 141.155 875.938 458.385
129 0 62.1011 13.5907 844 141.749 877.219 457.404
130 0 64.133 16.8556 1081 134.841 877.72 455.074
131 0 68.1527 13.954 951 139.524 879.43 454.665
132 0 67.1093 9.98371 670 148.398 880.967 453.672
133 0 71.0998 13.1927 938 140.817 883.409 453.8
134 0 75.0532 15.2825 1147 135.119 885.188 452.935
135 0 76.1496 13.92 1060 134.924 886.906 454.154
136 0 80.2508 13.4827 1082 135.67 888.4 451.131
137 0 81.1322 14.0758 1142 135.853 888.787 447.741
138 0 86.2722 14.5006 1251 133.442 890.034 452.088
139 0 87.0812 11.2194 977 139.118 890.035 452.137
140 1 49.0935 11.2235 551 133.964 890.474 470.838
141 0 50.0714 8.9672 449 136.379 889.343 471.314
142 0 51.2278 10.385 532 137.152 889.521 471.643
143 0 52.3482 15.0148 786 128.645 889.763 468.538
144 0 53.1618 11.7001 622 137.67 888.629 467.209
145 0 57.1129 13.4821 770 138.444 887.765 471.647
146 0 57.1178 16.072 918 137.767 886.57 472.61
147 0 58.0756 11.9844 696 145.753 885.44 472.833
148 0 58.1044 12.3571 718 146.73 884.198 469.777
149 0 62.1129 10.3682 644 150.177 882.606 470.593
150 0 65.1364 15.6288 1018 140.867 881.168 464.515
151 0 65.0712 13.2624 863 147.686 880.161 464.388
152 0 66.0975 13.1926 872 150.031 878.251 463.686
153 0 72.0477 17.0582 1229 140.429 877.285 463.165
154 0 72.0461 15.0876 1087 146.801 876.017 462.456
155 0 76.1668 16.2669 1239 143.952 875.264 461.259
156 0 75.1239 15.2415 1145 144.45 875.33 458.955
157 0 80.536 16.5392 1332 143.017 874.77 456.074
158 0 85.1968 15.3879 1311 145.859 873.872 452.715
159 0 86.3123 16.3013 1407 146.252 873.857 449.416
160 0 87.2095 14.7461 1286 150.886 874.044 448.731
161 1 47.1345 10.4594 493 153.183 873.939 469.26
162 0 48.2085 10.828 522 156.805 874.303 465.561
163 0 51.1434 13.1395 672 151.912 874.816 463.933
164 0 52.3238 14.0663 736 149.855 876.167 465.519
165 0 53.192 13.1787 701 155.986 878.194 460.94
166 0 57.2481 16.3848 938 146.629 880.104 459.52
167 0 56.1484 15.4056 865 148.679 882.267 463.03
168 0 59.221 14.4037 853 150.433 884.312 464.057
169 0 61.3816 14.3691 882 148.579 885.972 462.494
170 0 63.246 13.6451 863 149.511 887.268 462.381
171 0 67.2639 15.5061 1043 144.057 888.346 462.786
172 0 70.3311 16.5219 1162 141.465 888.567 462.35
173 0 71.2622 18.874 1345 138.875 889.089 461.823
174 0 71.2421 13.5875 968 157.387 889.462 459.78
175 0 74.3111 14.5873 1084 152.178 889.342 460.974
176 0 75.1854 12.9945 977 158.138 888.528 461.743
177 0 80.325 17.977 1444 149.598 887.074 457.531
178 0 84.2456 16.1433 1360 152.07 886.162 456.612
179 0 86.3251 16.9244 1461 152.916 884.762 454.468
180 1 46.1658 10.1157 467 160.82 884.154 474.484
181 0 52.2741 13.544 708 148.695 882.91 477.468
182 0 50.1172 12.1515 609 154.46 881.785 475.576
183 0 51.1002 11.6242 594 156.589 880.584 473.136
184 0 53.1858 14.534 773 152.188 879.036 471.261
185 0 54.2011 13.7266 744 151.374 877.926 473.62
186 0 56.0511 14.2727 800 148.85 877.07 470.269
187 0 57.1184 14.1811 810 151.428 874.872 470.794
188 0 59.0782 15.3864 909 148.117 873.79 467.883
189 0 59.1281 13.1748 779 152.815 873.514 466.552
190 0 64.0493 14.2859 915 147.118 872.438 467.235
191 0 65.0852 13.4285 874 149.805 872.264 462.776
192 0 70.1078 13.194 925 147.712 872.376 461.309
193 0 69.1155 12.0378 832 149.679 871.928 461.133
194 1 39.0313 11.7342 458 137.672 872.472 474.771
195 0 36.0574 10.5388 380 147.053 872.303 470.355
196 0 37.0372 8.09996 300 150.463 872.897 473.37
197 0 39.0525 9.52564 372 148.978 874.704 471.234
198 0 39.0308 9.78714 382 149.099 876.267 470.039
199 0 42.0706 12.6692 533 142.458 878.144 469.214
200 0 44.1315 12.8933 569 139.32 878.838 469.935
201 0 46.0541 12.0945 557 142.007 881.201 466.943
202 0 48.1484 13.6245 656 138.018 885.492 465.43
203 0 47.2628 14.8743 703 132.303 887.284 467.075
204 0 48.0555 14.4 692 133.777 888.594 468.801
205 0 51.0481 15.6911 801 131.804 888.92 466.869
206 0 53.0516 15.7206 834 129.335 889.156 471.302
207 0 55.1048 14.2456 785 129.629 889.752 467.403
208 0 55.2332 16.0592 887 132.625 889.771 468.191
209 0 59.1858 13.8378 819 138.578 888.388 469.27
210 0 61.3434 16.6766 1023 132.306 888.795 469.27
211 0 63.2997 14.534 920 141.312 887.822 468.205
212 0 66.1308 13.8665 917 142.848 887.147 468.833
213 0 68.2018 14.2078 969 143.38 885.299 467.293
214 0 70.2592 17.9621 1262 133.934 884.126 465.727
215 0 72.2729 16.839 1217 137.551 882.757 465.129
216 1 35.019 10.994 385 147.496 882.478 482.522
217 0 37.0302 12.3143 456 144.011 881.877 480.77
218 0 38.0426 11.934 454 146.04 881.189 478.174
219 0 41.065 12.3463 507 140.927 879.247 478.069
220 0 42.0666 9.86531 415 146.639 877.559 478.159
221 0 41.0498 11.9611 491 145.189 876.214 476.226
222 0 43.0547 10.8234 466 150.3 874.815 474.414
223 0 46.1135 17.0666 787 135.618 872.705 473.125
224 0 48.1429 14.6439 705 141.654 871.67 472.068
225 0 50.136 15.1787 761 141.222 871.16 469.122
226 0 48.1486 13.0845 630 149.262 871.584 466.303
227 0 52.229 14.3981 752 143.352 871.254 467.257
228 0 56.1229 14.8959 836 142.269 872.498 465.865
229 0 55.11 13.1374 724 147.126 873.256 466.298
230 0 56.0679 13.1804 739 149.82 873.74 463.666
231 0 58.0613 15.2425 885 141.685 875.164 462.967
232 0 59.0918 15.4167 911 140.032 876.887 463.875
233 0 61.088 13.5706 829 145.747 878.942 461.075
234 0 65.2664 14.142 923 143.378 880.717 460.764
235 0 67.13 17.414 1169 135.975 882.488 460.322
236 0 69.1612 14.271 987 139.097 884.118 461.984
237 0 70.2993 14.0969 991 137.97 886.078 460.206
238 0 74.1473 16.0491 1190 136.825 886.484 457.365
239 0 77.1735 12.1933 941 139.776 887.698 460.104
240 0 78.0946 12.9971 1015 140.604 888.189 457.611
241 1 42.0654 11.5059 484 138.955 887.134 476.159
242 0 42.3259 9.56861 405 143.111 888.716 476.084
243 0 43.1887 9.70162 419 145.974 888.002 476.99
244 0 46.1148 11.8183 545 142.628 886.93 475.714
245 0 45.3811 10.6432 483 147.108 885.586 475.818
246 0 46.1603 13.0199 601 144.454 884.656 473.882
247 0 51.3909 15.8783 816 136.951 884.127 473.403
248 0 50.4066 17.8548 900 135.558 883.867 473.716
249 0 54.4018 13.0878 712 145.404 881.9 472.834
250 0 55.4094 14.6545 812 142.702 880.802 469.952
251 0 55.2315 13.3438 737 146.172 879.513 471.111
252 0 58.4125 17.2908 1010 138.406 877.95 469.941
253 0 60.4679 13.4121 811 147.486 876.719 467.524
254 0 64.051 13.4424 861 148.288 876.488 465.226
255 0 64.3413 13.5838 874 149.262 875.306 463.535
256 0 65.1531 13.7369 895 149.717 874.513 460.492
257 0 70.3032 14.1957 998 146.771 874.347 460.386
258 0 71.1365 13.6076 968 149.613 873.31 456.05
259 0 72.2841 12.5892 910 154.056 872.612 453.671
260 0 78.5084 14.266 1120 147.651 872.599 453.738
261 0 78.6279 13.7865 1084 148.536 872.582 451.427
262 0 82.6326 13.5298 1118 149.251 872.879 447.781
263 0 86.7388 12.8547 1115 147.5 873.571 448.564
264 0 85.4972 12.3045 1052 152.1 874.403 444.545
265 0 91.6955 13.5666 1244 147.77 876.051 444.074
266 1 42.4121 10.7988 458 146.541 879.216 465.133
267 0 42.4121 10.6573 452 139.142 882.186 465.033
268 0 49.4182 14.0434 694 137.186 882.602 462.87
269 0 48.144 12.6288 608 143.094 884.89 466.298
270 0 52.0761 14.0371 731 139.297 886.569 466.447
271 0 51.0737 14.6651 749 136.236 887.122 463.7
272 0 55.0485 14.1148 777 137.284 887.919 467.35
273 0 55.0412 12.2817 676 143.821 887.546 466.152
274 0 58.1777 14.937 869 135.978 888.193 467.495
275 0 56.1558 12.216 686 145.364 887.809 466.793
276 0 60.1493 13.1007 788 143.679 887.538 466.796
277 0 64.1905 14.2233 913 141.355 887.364 464.9
278 0 65.2628 15.0162 980 140.872 886.717 465.689
279 0 65.1892 11.9805 781 146.526 886.237 467.585
280 0 65.2119 12.007 783 135.18 885.243 467.458
281 0 69.2474 15.0619 1043 141.908 884.043 464.457
282 0 69.2474 14.9753 1037 125.705 884.069 464.61
283 0 75.2307 15.273 1149 141.894 881.231 461.256
284 0 78.2135 15.2531 1193 143.752 879.726 456.835
285 0 80.2966 14.5212 1166 145.086 877.35 455.833
286 1 42.0445 9.46615 398 140.276 877.44 480.299
287 0 46.0681 10.5279 485 139.19 875.816 478.854
288 0 43.0296 9.52832 410 146.11 874.502 474.563
289 0 44.0907 10.0701 444 146.966 873.633 471.214
290 0 47.0866 8.49499 400 147.81 873.362 473.365
291 0 48.0918 12.081 581 143.423 873.461 468.084
292 0 52.1202 15.4834 807 135.871 872.777 466.66
293 0 52.0262 14.435 751 138.429 873.622 465.912
294 0 53.0488 13.0823 694 142.669 873.323 463.939
295 0 55.0305 13.9014 765 142.111 874.259 462.094
296 0 59.0178 14.1652 836 139.392 874.782 462.73
297 0 57.0383 12.1673 694 145.708 876.334 458.702
298 0 62.0279 12.7523 791 144.059 877.578 457.03
299 0 63.0326 14.6115 921 140.7 878.968 457.835
300 0 66.0861 14.0877 931 141.06 880.718 457.434
301 0 67.0623 15.6422 1049 140.332 882.191 455.63
302 0 70.0453 14.1194 989 142.351 884.479 455.111
303 0 72.1367 13.8903 1002 143.123 885.942 456.991
304 0 75.0849 13.1318 986 141.17 887.11 457.852
305 1 41.0466 10.9144 448 136.386 888.424 474.317
306 0 40.0462 8.29043 332 141.244 888.678 475.81
307 0 41.0273 8.45778 347 141.755 890.455 475.821
308 0 41.0221 9.01954 370 142.419 888.465 476.732
309 0 45.0183 9.17405 413 142.663 888.838 474.755
310 0 46.2071 11.6 536 141.166 886.804 472.896
311 0 47.5356 12.4538 592 138.87 884.02 473.188
312 0 48.0986 13.202 635 139.362 886.397 474.184
313 0 50.0556 14.5838 730 135.411 885.126 476.533
314 0 52.1035 14.1641 738 136.449 883.733 475.369
315 0 54.0842 14.422 780 136.908 882.914 472.513
316 0 54.0438 11.4722 620 143.902 882.274 471.631
317 0 54.0707 11.7994 638 142.909 880.494 472.067
318 0 58.1139 13.0433 758 139.854 879.41 470.214
319 0 58.0701 14.913 866 138.194 878.058 466.968
320 0 60.1327 15.8649 954 136.327 877.094 464.8
321 0 62.0502 13.6986 850 140.326 876.738 462.973
322 0 64.1154 12.1812 781 142.517 875.108 459.907
323 0 65.0242 13.272 863 140.987 875.272 463.073
324 0 69.1667 13.6048 941 139.917 874.647 461.216
325 0 70.0749 11.5876 812 145.01 874.25 458.166
326 0 74.1368 18.6817 1385 131.712 874.211 450.945
327 0 73.1466 14.7922 1082 126.726 875.378 453.566
328 1 41.0259 11.4806 471 139.306 874.448 472.527
329 0 43.1122 10.0899 435 142.308 871.379 470.363
330 0 45.0943 12.4849 563 139.705 872.309 468.087
331 0 46.0731 11.2647 519 139.239 876.688 469.832
332 0 49.0788 13.2644 651 133.011 878.525 466.762
333 0 49.0843 13.5277 664 133.464 879.282 467.589
334 0 52.1581 15.3955 803 129.888 882.223 464.359
335 0 53.1443 13.3598 710 134.463 884.189 464.055
336 0 54.1668 12.9969 704 137.858 885.382 464.033
337 0 57.3663 13.2656 761 134.933 885.958 466.656
338 0 58.3466 13.5569 791 132.264 887.394 464.215
339 0 60.0966 13.7279 825 133.679 888.207 465.452
340 0 61.2099 12.7594 781 134.324 887.953 465.074
341 0 61.1288 14.1668 866 134.596 888.036 466.209
342 0 63.1672 13.7413 868 136.346 887.641 467.492
343 0 62.1582 13.0634 812 140.304 887.268 466.682
344 0 66.1537 13.6047 900 138.127 886.323 465.272
345 0 69.2196 16.8449 1166 133.308 885.62 464.213
346 0 66.1694 12.5889 833 144.84 884.377 463.041
347 0 72.3456 14.7072 1064 139.511 883.304 464.352
348 0 74.2096 13.125 974 142.959 881.866 463.594
349 0 74.2096 13.2193 981 135.988 880.87 463.642
350 0 77.2566 16.5035 1275 139.168 879.14 463.017
351 0 81.3268 14.5463 1183 142.559 876.685 460.179
352 1 40.2099 8.55511 344 146.154 873.971 478.634
353 0 47.2527 11.174 528 139.867 872.239 476.494
354 0 43.1857 9.00762 389 144.913 871.861 477.517
355 0 47.2546 10.8772 514 144.739 870.881 472.876
356 0 51.1117 14.5955 746 137.295 870.348 469.779
357 0 51.1603 10.5942 542 144.646 870.137 470.188
358 0 55.1223 14.0415 774 138.484 870.119 466.884
359 0 55.1243 13.8959 766 136.881 869.104 466.96
360 0 56.0726 13.5182 758 139.485 869.877 464.566
361 0 58.101 13.1667 765 139.573 870.963 464.685
362 0 59.1024 17.2243 1018 131.993 870.736 464.025
363 0 61.1591 18.1657 1111 132.188 873.014 459.389
364 0 61.0815 16.1424 986 135.889 873.72 459.587
365 0 64.086 13.5287 867 140.97 875.277 460.872
366 0 66.1164 15.1853 1004 137.985 876.254 459.02
367 0 71.0763 16.7989 1194 133.787 878.765 458.554
368 0 70.0914 15.1944 1065 139.355 880.808 455.263
369 0 71.162 12.9845 924 144.062 882.645 456.004
370 0 71.0814 13.4494 956 144.16 883.563 457.864
371 0 74.1096 16.1248 1195 138.595 884.682 455.146
372 0 79.1854 16.4803 1305 135.611 885.55 454.798
373 0 77.3092 16.1688 1250 140.342 885.766 455.051
374 0 81.1346 15.579 1264 140.192 885.858 455.108
375 0 86.103 17.1771 1479 136.611 885.592 455.661
376 0 86.226 16.1784 1395 140.386 885.853 456.158
377 0 89.1787 15.4409 1377 141.246 885.418 457.035
378 1 52.155 13.5749 708 136.679 885.181 478.506
379 0 53.1187 13.5922 722 140.681 883.713 476.006
380 0 53.0483 10.99 583 146.28 881.844 474.789
381 0 58.2144 15.2024 885 135.428 881.121 475.885
382 0 59.1315 13.5292 800 139.981 880.564 473.139
383 0 61.1761 16.8366 1030 134.747 878.385 472.044
384 0 64.0664 16.8107 1077 135.276 876.805 470.496
385 0 63.1076 13.6117 859 142.378 875.653 470.373
386 0 66.1884 19.3085 1278 133.372 874.539 465.804
387 0 68.1642 18.3674 1252 135.42 873.944 466.889
388 0 70.0872 15.8374 1110 142.785 873.268 464.276
389 0 71.2016 16.3058 1161 141.273 872.2 464.416
390 0 74.1206 15.7041 1164 144.736 872.149 458.741
391 0 80.099 19.4135 1555 135.305 871.156 462.025
392 0 82.1409 17.2752 1419 141.61 871.449 459.033
393 0 81.1318 17.9954 1460 143.533 871.103 456.098
394 0 81.237 14.907 1211 150.279 871.955 453.763
395 0 86.1305 21.6764 1867 137.239 872.197 453.076
396 0 89.1677 16.6316 1483 146.89 872.868 449.935
397 0 93.2094 19.011 1772 141.2 874.133 450.354
398 0 93.2349 15.0802 1406 150.422 875.052 449.586
399 1 49.076 11.8795 583 148.161 878.4 471.398
400 0 50.0766 13.7989 691 145.891 879.98 469.738
401 0 53.1723 14.8574 790 144.491 882.267 468.613
402 0 55.0289 14.1744 780 142.581 883.724 470.085
403 0 57.0887 13.5403 773 146.724 885.627 466.433
404 0 59.0378 14.8718 878 141.502 886.366 469.074
405 0 58.0598 11.9704 695 149.412 885.924 470.77
406 0 61.0888 14.6999 898 145.167 886.345 469.053
407 0 61.0888 14.8636 908 136.405 886.399 469.132
408 0 66.1353 17.0711 1129 140.077 886.012 468.322
409 0 63.0773 12.2389 772 152.431 886.259 467.587
410 0 68.1203 13.4174 914 149.234 885.43 467.009
411 0 72.1203 17.859 1288 138.309 885.119 470.113
412 0 73.0439 13.2112 965 150.081 884.282 466.996
413 0 78.0921 13.3816 1045 147.227 883.123 468.007
414 0 81.1144 17.1979 1395 139.036 882.07 466.536
415 0 80.0704 12.539 1004 149.913 882.073 465.409
416 0 82.1313 16.0962 1322 142.334 880.61 465.269
417 0 87.1765 19.7301 1720 135.933 878.747 462.785
418 0 91.1002 17.1569 1563 139.747 877.525 462.172
419 1 47.0515 10.6904 503 149.372 876.608 478.322
420 0 50.0854 14.0161 702 141.598 874.903 478.037
421 0 50.0682 11.6441 583 142.786 873.17 479.619
422 0 53.1124 11.9181 633 145.096 872.615 475.75
423 0 54.156 13.0918 709 145.863 872.011 471.953
424 0 55.1583 14.7031 811 145.305 871.432 467.789
425 0 60.1347 15.4985 932 140.192 871.105 468.241
426 0 59.0818 13.0497 771 142.947 871.732 467.982
427 0 60.0872 13.73 825 144.852 872.216 463.833
428 0 64.0909 15.2752 979 139.284 872.178 464.713
429 0 67.058 13.1975 885 143.751 873.07 463.899
430 0 69.0513 13.4538 929 144.449 873.954 460.587
431 0 69.0513 13.6565 943 142.66 875.947 460.714
432 0 75.1736 12.531 942 147.214 876.369 459.648
433 0 75.0908 12.4916 938 149.465 878.313 457.062
434 0 81.2462 14.1053 1146 144.772 880.23 455.784
435 1 41.1166 8.82854 363 148.769 882.793 476.165
436 0 43.05 14.2625 614 140.673 884.217 474.8
437 0 47.2295 10.4807 495 141.984 885.723 477.55
438 0 44.1921 14.8217 655 140.218 885.092 474.449
439 0 48.1051 13.8655 667 140.045 886.804 475.451
440 0 51.0783 12.7647 652 139.342 887.971 478.261
441 0 53.0787 12.8677 683 143.552 888.171 475.233
442 0 53.0838 12.8288 681 143.871 888.153 475.388
443 0 53.0518 12.3841 657 147.498 886.901 474.263
444 0 55.1152 12.9365 713 147.262 886.921 475.724
445 0 59.077 13.7109 810 143.884 886.695 477.062
446 0 58.0864 12.4298 722 150.658 885.258 473.695
447 0 59.094 14.2992 845 147.488 883.56 475.393
448 0 62.0476 16.0361 995 145.002 882.947 472.931
449 0 64.1224 14.8466 952 147.377 881.744 473.555
450 0 65.1315 14.3863 937 152.494 880.411 469.521
451 0 67.1529 16.038 1077 150.825 879.069 467.889
452 0 68.14 15.248 1039 154.552 877.314 467.217
453 0 71.1896 16.0557 1143 153.51 876.089 466.103
454 0 71.173 14.4718 1030 158.361 874.997 466.568
455 0 75.1828 15.0034 1128 157.736 874.568 464.035
456 0 77.2665 16.9543 1310 154.157 873.553 461.053
457 0 76.0432 13.6238 1036 166.54 873.491 457.677
458 0 83.1057 15.6066 1297 159.19 873.291 456.884
459 0 84.1094 18.2738 1537 155.305 872.459 452.65
460 0 86.1179 16.5819 1428 157.885 872.826 454.025
461 0 89.1743 14.8249 1322 161.561 872.792 452.726
462 0 93.193 15.9239 1484 159.601 873.312 449.317
463 0 95.2671 15.6822 1494 161.966 874.359 448.21
464 1 48.1391 11.7991 568 170.016 876.146 468.03
465 0 53.1057 11.2982 600 168.68 877.567 467.338
466 0 54.2214 11.6928 634 168.899 878.981 465.164
467 0 57.4556 14.063 808 163.373 880.869 460.062
468 0 59.1667 14.4 852 156.681 882.968 460.823
469 0 60.1054 13.9588 839 157.585 884.132 462.623
470 0 63.1369 13.8588 875 154.91 884.893 464.003
471 0 66.06 13.8813 917 152.167 886.443 466.791
472 0 66.0868 13.3763 884 152.687 886.288 468.233
473 0 70.1099 14.4345 1012 153.218 886.366 465.53
474 0 72.146 17.6448 1273 147.999 886.807 463.273
475 0 73.1703 15.9628 1168 153.701 886.207 462.515
476 0 77.1303 17.1009 1319 150.718 886.184 461.529
477 0 79.071 15.2648 1207 155.94 885.693 462.524
478 1 42.1409 11.0344 465 158.406 884.308 481.327
479 0 41.1323 10.1623 418 164.246 883.553 480.129
480 0 47.2105 11.5652 546 159.11 882.701 480.672
481 0 45.3154 11.6075 526 161.848 881.078 477.401
482 0 50.3213 11.1086 559 163.379 879.903 474.936
483 0 52.3533 14.4212 755 157.642 878.636 472.117
484 0 52.3514 12.1487 636 162.486 877.116 472.009
485 0 54.4905 16.7552 913 152.926 876.422 468.869
486 0 57.0566 15.248 870 155.164 874.138 470.6
487 0 58.0944 16.0601 933 152.762 874.192 470.889
488 0 61.2137 16.6629 1020 152.728 873.09 469.93
489 0 61.3007 15.1874 931 157.769 873.04 466.186
490 0 62.1792 13.8471 861 161.481 872.902 464.526
491 0 67.2406 15.6156 1050 154.377 872.73 464.335
492 0 66.2088 15.4813 1025 155.056 872.837 464.404
493 0 69.2303 14.6756 1016 156.161 872.631 462.43
494 0 71.2408 14.837 1057 159.203 872.81 457.759
495 0 75.331 14.1907 1069 159.403 873.398 456.767
496 0 76.0848 14.3524 1092 161.223 874.783 453.489
497 0 79.1706 15.4098 1220 158.866 876.243 452.89
498 0 82.1586 15.7987 1298 156.747 877.34 451.193
499 0 83.2079 14.8423 1235 160.037 879.207 449.484
500 0 87.2222 17.9771 1568 152.282 881.884 447.127
501 1 44.0572 10.4637 461 157.813 883.807 472.351
502 0 49.2402 12.571 619 152.908 885.155 471.751
503 0 46.2268 11.3354 524 160.792 886.034 469.824
504 0 49.104 13.2576 651 154.066 887.788 468.395
505 0 50.1348 14.3613 720 150.726 888.703 471.039
506 0 53.1696 14.7264 783 151.416 888.369 469.815
507 0 57.102 15.341 876 147.344 887.572 470.987
508 0 57.2141 14.5593 833 150.215 887.711 471.981
509 0 56.1064 13.4387 754 155.699 887.577 469.83
510 0 59.156 16.9045 1000 146.9 887.556 470.159
511 0 64.0898 17.3039 1109 143.084 886.781 474.441
512 0 66.0966 14.7209 973 148.621 885.528 474.667
513 0 69.1605 16.9027 1169 145.699 884.565 470.645
514 0 69.0761 13.8253 955 154.252 883.253 470.887
515 0 73.2743 16.8818 1237 146.813 881.63 471.001
516 0 74.1889 14.4496 1072 153.851 880.613 469.46
517 0 76.2158 16.7419 1276 151.252 878.88 463.798
518 0 79.1764 15.8507 1255 152.506 877.178 463.883
519 1 41.0269 13.7958 566 153.325 876.443 481.728
520 0 40.0301 13.4149 537 154.257 876.248 481.966
521 0 41.1238 11.1128 457 159.58 875.315 480.136
522 0 45.0279 14.2356 641 152.889 874.384 476.874
523 0 46.1602 14.1031 651 150.014 872.619 474.833
524 0 46.094 14.926 688 152.044 871.419 473.106
525 0 48.0832 16.8666 811 147.741 871.827 471.125
526 0 50.131 14.2826 716 153.729 871.739 470.518
527 0 49.1511 12.899 634 158.543 872.044 470.368
528 0 53.109 15.1763 806 152.627 873.151 467.109
529 0 55.1007 15.5896 859 151.768 873.009 468.396
530 0 53.1342 13.9082 739 158.064 874.713 466.852
531 0 58.2985 14.8717 867 152.308 876.35 465.95
532 0 60.1493 16.5754 997 149.824 877.721 463.585
533 0 64.1213 15.0808 967 151.12 879.91 462.948
534 0 66.0663 16.5289 1092 149.042 881.666 463.002
535 0 63.1383 14.3811 908 158.031 883.275 462.38
536 0 70.0595 17.9562 1258 145.713 884.601 461.363
537 0 74.1842 15.6367 1160 149.307 886.128 462.217
538 0 75.1603 17.017 1279 147.24 886.56 460.679
539 0 74.086 14.0242 1039 154.058 887.828 460.034
540 1 41.0717 12.4417 511 156.8 888.8 478.429
541 0 41.0295 14.258 585 151.704 888.255 480.344
542 0 44.0872 13.0877 577 150.998 887.125 482.492
543 0 45.12 12.0789 545 155.354 887.338 480.971
544 0 46.1228 13.5291 624 152.09 885.803 480.862
545 0 48.0399 13.3222 640 154.312 884.75 478.445
546 0 48.104 14.136 680 152.015 883.94 478.026
547 0 51.1296 15.4705 791 147.202 882.856 478.802
548 0 53.1357 12.7033 675 153.818 880.929 477.193
549 0 53.1048 13.5393 719 154.344 879.922 473.193
550 0 54.1232 12.8041 693 155.558 878.722 474.019
551 0 57.1166 15.1795 867 149.865 877.428 470.379
552 0 60.1674 15.3239 922 147.849 876.444 470.192
553 0 63.0717 16.1879 1021 143.663 875.1 470.003
554 0 63.2972 14.9928 949 148.829 874.438 466.072
555 0 68.0672 17.8353 1214 142.549 873.726 465.145
556 0 68.158 13.5567 924 151.819 873.337 463.382
557 0 71.225 15.781 1124 148.247 873.057 460.695
558 0 72.4472 16.5086 1196 146.207 872.897 459.103
559 0 77.2456 15.6126 1206 146.065 872.472 456.585
560 1 40.2261 10.4161 419 154.826 872.654 474.203
561 0 43.1505 12.5607 542 147.494 872.797 470.716
562 0 46.0959 13.3851 617 147.749 873.444 470.321
563 0 45.1901 15.291 691 143.873 874.667 469.284
564 0 47.2076 13.2606 626 148.367 875.732 468.411
565 0 47.2265 13.5305 639 149.64 878.219 466.382
566 0 51.1561 13.7227 702 146.188 879.573 467.135
567 0 50.2157 13.1035 658 149.04 881.568 467.597
568 0 52.2017 13.3712 698 147.781 883.476 467.357
569 0 52.1891 12.493 652 150.35 885.21 467.034
570 0 57.2283 17.4389 998 135.64 886.717 468.003
571 0 57.1177 13.8486 791 144.182 887.132 466.564
572 0 60.178 13.9586 840 145.313 887.687 465.094
573 0 62.1727 12.6905 789 144.54 888.551 465.488
574 0 66.1375 17.1461 1134 136.465 887.195 468.345
575 0 68.2233 14.9802 1022 143.332 887.093 465.457
576 0 66.0961 14.3579 949 146.668 886.663 467.218
577 0 72.1435 17.5206 1264 140.103 886.072 467.602
578 0 76.2393 15.7662 1202 144.245 884.942 465.181
579 0 77.0965 14.19 1094 146.186 884.146 468.637
580 1 38.058 11.1409 424 147.212 882.726 485.75
581 0 40.0222 11.2188 449 150.735 881.539 482.895
582 0 45.1129 12.5241 565 147.365 880.35 480.232
583 0 48.0703 12.7314 612 144.018 878.846 482.837
584 0 48.2919 13.5426 654 144.509 877.784 480.021
585 0 51.1678 15.0681 771 140.699 876.326 480.516
586 0 53.2588 15.9786 851 141.613 875.337 475.304
587 0 54.2735 16.1773 878 141.772 873.838 473.826
588 0 56.2411 19.9676 1123 133.654 873.062 476.046
589 0 57.2082 15.9418 912 141.418 872.292 475.367
590 0 58.1435 13.5527 788 146.943 871.994 473.379
591 0 60.1605 15.8243 952 140.054 871.394 474.616
592 0 63.0777 16.8364 1062 140.01 871.212 469.666
593 0 61.118 12.3368 754 150.476 871.229 466.989
594 0 66.2136 14.423 955 145.401 871.588 466.029
595 0 68.1007 14.6694 999 143.712 871.815 464.926
596 0 71.0739 14.8578 1056 143.122 872.658 465.027
597 0 75.0994 15.7658 1184 141.129 872.921 466.832
598 0 75.2389 16.4675 1239 141.659 874.852 462.012
599 0 78.3548 15.2511 1195 142.006 876.346 465.798
600 0 82.2368 17.8995 1472 134.785 877.832 466.222
601 1 40.1447 11.6827 469 145.2 879.655 480.917
602 0 44.1407 14.3405 633 141.93 879.779 476.755
603 0 45.296 12.8267 581 143.427 879.981 479.038
604 0 46.1763 13.8166 638 142.723 881.47 477.649
605 0 50.3062 15.0876 759 138.228 881.041 476.838
606 0 50.1603 16.5071 828 137.479 880.964 475.925
607 0 52.1451 16.7226 872 135.663 881.044 478.548
608 0 53.1188 14.8535 789 139.995 880.801 477.56
609 0 54.2809 15.254 828 137.361 881.739 474.738
610 0 58.1505 15.0816 877 136.011 881.602 474.998
611 0 57.141 17.3956 994 133.872 880.075 471.331
612 0 61.2336 14.5508 891 138.709 879.222 473.641
613 0 60.1852 12.5446 755 143.993 877.6 472.118
614 0 67.158 18.5235 1244 130.048 877.059 473.583
615 0 71.2944 18.4587 1316 130.783 875.609 472.39
616 0 68.0787 14.9239 1016 143.2 873.171 466.225
617 0 73.1957 22.0368 1613 128.586 872.151 465.336
618 0 72.1696 14.4105 1040 144.874 871.105 462.561
619 0 76.2465 16.5909 1265 140.04 869.742 461.936
620 0 79.1938 18.158 1438 137.636 869.162 460.492
621 0 81.2255 15.1553 1231 144.412 868.448 459.303
622 0 84.2274 17.1322 1443 142.301 868.209 456.412
623 0 88.2591 17.0294 1503 142.712 867.757 451.892
624 0 88.1348 17.6548 1556 143.338 867.44 448.116
625 0 90.1816 17.0656 1539 145.367 868.358 444.961
626 0 94.1802 15.0032 1413 151.625 868.504 442.885
627 0 97.1244 17.0915 1660 147.616 868.805 441.602
628 1 57.2204 15.3092 876 140.353 870.201 466.082
629 0 55.038 11.0106 606 148.728 871.843 464.719
630 0 59.153 14.2681 844 146.287 872.104 461.27
631 0 59.0277 12.9431 764 150.626 873.814 458.598
632 0 59.1241 12.3469 730 153.136 875.696 459.234
633 0 64.0896 15.5564 997 143.473 876.44 462.795
634 0 68.0789 17.0097 1158 143.948 878.208 460.749
635 0 70.1342 19.0207 1334 140.14 880.382 460.639
636 0 73.135 18.1719 1329 142.42 882.23 460.975
637 0 75.1173 17.1998 1292 144.022 882.965 461.907
638 0 78.1336 17.1373 1339 145.431 883.459 459.47
639 0 82.3463 19.588 1613 140.782 883.834 459.601
640 0 83.2006 17.5119 1457 146.479 884.098 458.277
641 0 85.0712 16.0806 1368 151.739 883.145 457.428
642 0 88.2978 19.1737 1693 145.738 882.844 457.307
643 0 92.0714 18.4531 1699 147.369 882.108 457.872
644 0 95.1441 17.4472 1660 150.611 881.685 457.663
645 0 96.313 17.5573 1691 151.512 880.898 454.931
646 0 98.1738 17.3264 1701 152.464 879.285 455.438
647 0 105.118 16.5909 1744 154.92 878.685 452.343
648 0 105.196 17.2631 1816 154.744 877.901 450.983
649 0 109.113 15.461 1687 158.527 876.928 447.496
650 0 111.217 17.3714 1932 156.534 875.294 441.748
651 0 115.319 16.0771 1854 160.578 875.046 440.472
652 0 120.445 18.5728 2237 154.776 873.51 440.975
653 1 73.4814 15.6774 1152 153.266 873.149 463.551
654 0 72.3777 12.4348 900 160.639 872.379 462.431
655 0 78.4329 15.3634 1205 156.168 871.753 458.659
656 0 80.3302 15.4114 1238 157.355 871.12 452.574
657 0 82.2298 15.6026 1283 155.548 870.931 448.178
658 0 84.2308 15.1963 1280 158.877 870.881 449.712
659 0 89.4383 17.7888 1591 150.714 872.074 451.666
660 0 90.4744 13.7608 1245 163.867 871.668 444.901
661 0 95.4464 13.3373 1273 163.896 872.509 443.327
662 0 98.5144 13.4498 1325 164.304 874.264 441.667
663 0 100.393 13.7758 1383 164.015 876.155 441.172
664 0 106.301 16.2181 1724 158.736 877.799 436.606
665 0 105.431 12.4157 1309 170.104 879.808 432.717
666 0 111.283 16.9209 1883 158.481 881.481 431.818
667 0 116.55 17.7607 2070 155.974 883.258 433.738
668 0 121.582 16.9516 2061 156.626 885.343 433.304
669 0 124.406 17.676 2199 154.669 885.933 429.247
670 0 126.557 14.4046 1823 162.71 886.988 429.257
671 0 126.557 14.4678 1831 152.942 887.99 429.29
672 1 70.4073 11.8738 836 152.543 887.937 462.821
673 0 72.3215 13.4123 970 152.256 887.363 459.44
674 0 72.5308 13.5391 982 154.501 886.71 459.692
675 0 75.3863 11.4742 865 159.217 885.727 457.976
676 0 78.3625 11.9317 935 157.42 885.219 458.557
677 0 81.4401 14.5383 1184 150.298 884.652 460.159
678 0 82.5733 14.2903 1180 151.186 883.203 459.866
679 0 84.7141 11.6864 990 159.169 881.645 453.86
680 0 89.2765 13.755 1228 151.831 880.653 457.648
681 0 90.5328 12.0619 1092 158.662 878.973 450.275
682 0 94.5246 12.8855 1218 155.623 877.412 450.466
683 0 97.4589 13.7904 1344 155.217 876.202 444.983
684 0 100.375 14.0971 1415 155.136 874.431 445.751
685 0 104.447 14.189 1482 155.654 872.939 438.335
686 0 109.627 14.3669 1575 152.43 872.187 444.272
687 1 48.0718 9.83944 473 146.943 872.461 472.163
688 0 48.1112 10.2263 492 148.959 871.884 470.366
689 0 52.133 14.885 776 136.269 869.796 469.986
690 0 54.2219 17.0042 922 133.189 869.091 468.777
691 0 56.2959 15.1698 854 138.823 869.425 465.948
692 0 56.2535 12.6392 711 144.125 870.046 465.475
693 0 57.2503 13.3274 763 141.516 870.005 465.655
694 0 58.1244 15.1743 882 138.115 871.078 464.451
695 0 61.2074 11.7306 718 144.267 872.288 462.733
696 0 63.1756 12.9639 819 140.386 874.316 463.706
697 1 29.0976 10.7913 314 144.385 875.013 477.363
698 0 35.136 12.5797 442 140.912 877.156 476.138
699 0 31.0471 10.9189 339 148.153 879.469 475.425
700 0 34.1506 10.3073 352 146.332 881.136 474.205
701 0 36.1605 13.8549 501 137.932 882.1 475.154
702 0 35.1143 12.3312 433 142.092 883.485 476.404
703 0 39.1046 11.8912 465 141.892 884.295 476.241
704 0 39.0089 13.7405 536 136.761 884.522 477.933
705 0 38.034 12.8306 488 142.508 884.893 476.664
706 0 38.034 12.8306 488 129.045 884.893 476.664
707 0 43.0992 13.8053 595 139.708 884.133 476.884
708 0 43.0577 15.5838 671 136.694 883.681 477.991
709 0 45.1178 14.451 652 140.202 882.735 475.764
710 0 47.0799 13.2541 624 141.615 882.172 476.49
711 0 48.0692 17.7244 852 134.106 880.957 476.957
712 0 50.1735 14.4897 727 139.07 879.714 476.772
713 0 50.015 17.0549 853 136.177 878.413 475.724
714 0 50.1583 11.045 554 148.455 877.157 473.007
715 0 56.1972 18.8622 1060 129.025 876.368 472.002
716 0 55.2227 11.5532 638 145.862 874.118 471.732
717 0 58.0559 17.1731 997 134.117 873.48 468.94
718 0 60.098 15.3083 920 137.942 872.438 467.4
719 0 60.1373 16.5122 993 137.721 871.729 466.158
720 1 25.1013 10.3978 261 152.962 871.797 479.345
721 0 25.1013 10.3978 261 168.421 871.797 479.345
722 0 31.1159 15.0405 468 147.669 871.188 475.019
723 0 32.0342 14.3596 460 143.348 871.806 478.111
724 0 34.1611 16.3637 559 140.648 871.726 475.374
725 0 35.0812 16.2195 569 141.895 872.051 475.206
726 0 36.1499 15.3251 554 143.002 873.256 475.729
727 0 36.1195 17.0268 615 143.737 873.509 472.606
728 0 38.1623 18.4737 705 141.245 874.592 470.729
729 0 38.235 16.0324 613 146.571 875.439 470.139
730 0 39.166 15.4981 607 148.402 877.809 471.791
731 0 42.4077 18.6523 791 137.282 879.925 473.402
732 0 42.2268 18.7085 790 140.272 882.185 470.819
733 0 41.2306 16.0318 661 147.067 883.468 473.561
734 0 43.2272 19.4091 839 140.504 883.281 471.802
735 0 45.2024 15.4195 697 146.116 884.78 476.43
736 0 45.344 20.7304 940 138.683 885.768 474.31
737 0 48.1656 19.9935 963 137.855 885.633 477.084
738 0 48.2344 17.5394 846 142.546 885.318 477.041
739 0 51.1066 19.9778 1021 137.786 884.33 476.976
740 0 51.2971 17.7983 913 143.58 884.536 477.184
741 0 53.121 18.8061 999 141.438 883.72 479.321
742 0 55.1423 18.6971 1031 141.813 882.636 480.245
743 0 55.0808 19.6439 1082 143.144 881.188 477.982
744 0 59.1131 20.8076 1230 139.528 879.559 478.84
745 0 58.1216 19.4076 1128 138.805 877.445 477.778
746 0 62.1431 20.5011 1274 141.69 876.602 478.922
747 0 63.1095 18.7293 1182 148.12 875.266 473.389
748 0 68.2432 25.6289 1749 132.838 873.929 475.274
749 0 69.1032 21.4462 1482 143.733 872.818 469.832
750 0 71.1344 20.3558 1448 146.711 872.014 470.082
751 0 70.2061 18.6451 1309 152.914 871.089 466.969
752 0 75.2097 17.2185 1295 152.193 870.232 470.328
753 0 76.1487 18.0568 1375 152.357 870.018 466.548
754 0 79.2383 22.262 1764 144.01 869.996 464.929
755 0 83.2724 21.0874 1756 146.359 869.489 462.355
756 1 38.0404 15.3258 583 165.808 869.597 478.6
757 0 39.0809 18.3977 719 158.623 869.898 478.252
758 0 44.0602 16.2732 717 161.06 870.498 478.453
759 0 46.0657 18.9729 874 155.978 871.1 475.67
760 0 46.1841 16.759 774 163.159 871.375 475.009
761 0 49.4382 18.1034 895 156.66 872.383 476.515
762 0 48.2146 17.588 848 162.93 874.059 473.167
763 0 54.2341 17.9961 976 157.246 875.457 473.663
764 0 53.0985 21.2624 1129 155.256 877.461 470.858
765 0 58.1164 22.3001 1296 152.746 878.505 470.343
766 0 58.1271 18.924 1100 162.854 879.257 469.673
767 0 60.1569 19.4658 1171 163.482 880.892 467.208
768 0 62.1458 18.2635 1135 166.136 882.215 469.344
769 0 65.226 19.0262 1241 164.18 882.679 471.135
770 0 68.2318 20.7088 1413 159.192 883.374 472.312
771 0 70.1595 20.3821 1430 160.09 883.101 471.531
772 0 71.1982 20.8011 1481 160.957 883.109 470.972
773 0 74.1588 18.5143 1373 165.387 882.862 473.76
774 0 76.3378 20.0425 1530 164.571 882.003 470.769
775 0 78.2035 21.2906 1665 162.38 880.781 469.62
776 0 82.1607 19.2063 1578 167.647 879.068 469.252
777 0 88.281 22.2132 1961 159.416 878.301 469.887
778 1 36.1326 14.3638 519 175.684 876.59 491.355
779 0 36.0805 14.3845 519 177.753 874.601 491.31
780 0 37.0971 16.2007 601 167.2 872.75 492.506
781 0 44.0359 17.0543 751 168.664 872.142 486.118
782 0 43.05 17.6771 761 171.678 870.302 485.03
783 0 46.2639 16.7301 774 174 869.725 482.474
784 0 46.171 20.2291 934 168.304 868.561 479.582
785 0 50.1358 20.0456 1005 164.511 868.288 481.044
786 0 50.0348 19.1267 957 169.503 867.391 477.754
787 0 50.1348 18.0513 905 169.039 866.978 479.32
788 0 50.1348 17.9317 899 164.333 866.932 479.273
789 0 54.125 17.8845 968 175.912 866.388 470.236
790 0 57.1706 18.4885 1057 172.034 866.29 470.177
791 0 58.2664 16.4589 959 176.667 866.951 468.619
792 0 59.3221 17.818 1057 172.448 867.957 466.785
793 0 64.3688 19.4659 1253 166.824 868.5 464.141
794 0 67.2401 19.0957 1284 168.054 869.429 463.127
795 0 68.5399 18.3834 1260 170.486 871.097 460.386
796 0 72.3398 18.109 1310 168.058 872.521 462.148
797 0 74.3751 18.1243 1348 169.111 874.658 458.612
798 1 38.5405 14.4783 558 171.486 876.337 477.109
799 0 39.5669 15.4927 613 165.705 878.542 478.233
800 0 41.1281 15.8529 652 167.229 879.478 477.486
801 0 38.0407 18.0859 688 167.288 880.711 476.863
802 0 42.0749 15.3774 647 172.462 882.675 476.808
803 0 44.1667 18.1359 801 163.8 883.476 477.991
804 0 42.3261 16.0421 679 173.387 883.993 479.701
805 0 44.1099 19.5875 864 165.462 883.899 478.851
806 0 46.209 15.2135 703 176.863 884.275 480.445
807 0 47.2256 18.7822 887 168.698 883.911 480.667
808 0 48.1393 19.4436 936 168.21 883.699 481.113
809 0 51.0655 17.2328 880 173.664 883.267 480.778
810 0 51.1284 19.0892 976 169.652 883.442 482.223
811 0 51.1397 17.1882 879 176.967 882.681 479.626
812 0 56.1336 15.6234 877 178.948 881.944 479.676
813 0 56.1786 18.1742 1021 176.209 881.624 477.642
814 0 59.27 19.7571 1171 171.623 880.479 475.362
815 0 57.2277 16.4431 941 183.803 879.06 475.764
816 0 60.1291 17.0799 1027 182.676 878.128 472.64
817 0 65.269 19.7644 1290 172.596 876.7 467.597
818 0 66.2903 17.1216 1135 179.973 875.947 467.297
819 0 67.2202 17.3906 1169 183.601 874.945 463.392
820 0 69.2282 17.7095 1226 183.148 874.568 462.363
821 0 71.2152 17.5244 1248 184.335 874.042 461.159
822 0 73.3171 18.1949 1334 184.473 873.295 456.739
823 0 77.1619 20.9559 1617 176.394 873.053 457.447
824 0 79.1421 18.8269 1490 182.689 874.157 456.483
825 0 80.2564 18.8521 1513 185.28 874.423 451.985
826 0 82.2452 18.688 1537 186.031 875.01 449.991
827 0 85.456 18.8401 1610 185.569 875.583 452.181
828 0 88.262 19.8387 1751 183.713 876.929 447.432
829 0 92.181 20.5682 1896 182.803 878.662 448.358
830 0 95.2338 21.043 2004 181.621 879.948 444.737
831 0 98.3071 21.4939 2113 181.063 881.857 444.214
832 0 101.473 20.9218 2123 182.31 882.933 447.286
833 0 105.396 21.0066 2214 182.563 885.049 443.169
834 0 108.42 20.1531 2185 184.302 886.142 443.697
835 0 112.315 20.0863 2256 184.701 886.63 440.402
836 0 115.439 21.9423 2533 173.303 887.985 438.87
837 0 119.459 20.032 2393 182.354 887.317 440.208
838 0 119.459 20.1408 2406 164.67 886.292 440.101
839 0 126.434 20.1607 2549 186.081 887.675 436.224
840 0 130.219 20.9571 2729 187.968 886.994 435.574
841 0 134.29 19.5771 2629 191.401 886.576 437.33
842 0 134.29 19.6664 2641 176.238 886.554 437.275
843 0 145.304 20.8391 3028 188.225 884.257 432.779
844 0 150.422 19.2127 2890 193.423 883.09 431.901
845 1 75.2 13.883 1044 194.359 882.02 470.274
846 0 77.4925 16.0274 1242 192.287 880.51 466.129
847 0 80.4247 15.2565 1227 194.584 879.091 463.748
848 0 82.4188 15.9551 1315 192.846 877.608 463.056
849 0 86.3537 16.9304 1462 191.895 876.182 459.651
850 0 93.2468 20.5691 1918 176.94 875.041 455.592
851 0 95.5147 21.159 2021 177.511 873.677 451.351
852 0 99.4384 21.7924 2167 174.322 873.037 450.673
853 1 49.0681 13.9194 683 192.407 872.102 474.004
854 0 50.1648 14.4723 726 192.212 871.467 472.102
855 0 52.0934 15.3954 802 188.601 871.323 469.554
856 0 56.2937 16.858 949 182.694 871.052 467.682
857 0 59.069 16.049 948 185.189 871.223 465.801
858 0 60.3189 17.5898 1061 182.961 871.73 464.255
859 0 62.0264 16.1383 1001 186.006 872.58 465.558
860 0 66.2345 18.1778 1204 176.865 873.209 465.446
861 0 66.2734 17.3674 1151 182.736 873.795 461.694
862 0 70.2831 19.208 1350 176.013 875.526 459.113
863 0 71.1138 16.565 1178 182.964 876.888 460.353
864 0 75.2695 19.8885 1497 173.224 877.887 458.333
865 0 78.2214 17.9874 1407 177.102 879.903 457.529
866 0 81.2996 21.3285 1734 168.439 880.716 455.562
867 1 41.1249 11.6474 479 188.557 882.017 476.726
868 0 42.1452 13.1925 556 186.876 882.971 474.838
869 0 47.4029 14.2185 674 176.604 883.773 476.537
870 0 44.0874 14.9022 657 184.289 883.49 472.986
871 0 46.0554 16.6756 768 175.431 883.654 474.771
872 0 47.0815 14.8254 698 185.766 883.918 472.022
873 0 50.2312 16.5435 831 177.94 883.715 473.497
874 0 52.142 16.6852 870 177.468 883.186 472.802
875 0 54.0365 17.5992 951 175.28 882.711 472.674
876 0 56.0353 16.8822 946 177.445 881.086 472.549
877 0 59.2021 17.9892 1065 173.624 879.932 471.866
878 0 58.03 15.8883 922 182.725 878.92 469.967
879 0 63.093 15.8338 999 180.916 877.897 469.521
880 0 65.1993 17.1934 1121 175.668 876.268 470.661
881 0 65.1221 16.0007 1042 179.07 874.983 470.063
882 0 69.0941 18.4097 1272 171.785 873.223 467.726
883 0 70.0537 14.8315 1039 185.192 872.273 465.024
884 1 36.0452 13.5108 487 184.101 870.914 477.875
885 0 33.0496 11.3769 376 192.423 870.037 477.29
886 0 39.0587 12.6476 494 181.806 869.453 477.053
887 0 41.0578 14.443 593 179.951 868.698 473.831
888 0 41.0288 14.697 603 179.968 868.551 471.844
889 0 43.0767 13.6733 589 184.122 868.849 470.149
890 0 43.079 15.6921 676 178.494 868.494 468.12
891 0 46.0968 16.1182 743 175.614 868.908 466.538
892 0 49.1475 14.7922 727 174.336 869.707 468.114
893 0 50.0821 16.5928 831 172.288 870.573 464.069
894 0 49.2681 13.5382 667 183.226 871.901 464.658
895 0 54.103 15.5814 843 175.496 873.066 463.032
896 0 56.22 16.133 907 173.166 874.376 462.881
897 0 57.0832 15.6438 893 177.159 876.462 460.901
898 0 58.1213 17.085 993 173.399 878.12 460.227
899 0 60.1385 15.7303 946 174.307 879.458 462.396
900 0 60.0911 14.6278 879 181.894 881.515 460.667
901 0 65.1331 19.3143 1258 166.573 882.083 461.393
902 0 65.0783 15.3661 1000 180.696 882.691 462.004
903 0 72.1332 16.6636 1202 172.696 883.319 463.224
904 0 73.0751 17.6257 1288 172.112 884.005 461.478
905 0 75.0862 20.1502 1513 164.643 884.106 462.392
906 0 78.1278 20.5049 1602 163.572 883.85 460.659
907 0 79.1621 17.5968 1393 172.842 883.454 460.569
908 0 81.1005 17.2009 1395 175.416 882.857 461.533
909 0 82.1371 15.462 1270 182.385 882.383 460.421
910 0 84.2958 17.6877 1491 178.044 881.124 458.306
911 0 89.201 17.3989 1552 176.747 880.003 457.891
912 0 93.1192 18.5998 1732 173.838 879.669 456.904
913 0 96.2845 17.4898 1684 177.24 878.728 455.097
914 0 98.1372 20.2777 1990 170.434 878.108 454.145
915 0 102.199 20.3329 2078 170.465 877.238 447.873
916 0 105.242 17.9017 1884 177.606 875.794 445.758
917 0 108.53 18.3268 1989 177.097 874.906 441.311
918 0 111.224 19.5822 2178 172.286 873.252 438.556
919 1 57.2596 9.9896 572 188.822 873.367 461.451
920 0 62.1046 13.6383 847 175.727 873.209 461.625
921 0 66.1828 13.9462 923 171.808 873.304 462.554
922 0 65.2926 13.3553 872 178.463 872.975 458.442
923 0 69.3003 12.7128 881 182.297 872.34 453.754
924 0 71.3403 15.5032 1106 176.162 872.296 451.656
925 0 73.1743 16.9322 1239 172.14 872.813 450.704
926 0 76.1545 13.8009 1051 177.377 873.877 450.753
927 0 79.2608 14.5595 1154 176.312 874.654 448.12
928 0 82.2316 14.5565 1197 175.988 876.142 446.708
929 0 85.1954 14.7895 1260 175.618 877.529 449.036
930 0 86.1793 14.2842 1231 173.523 880.002 450.461
931 0 92.195 15.4347 1423 171.644 882.119 445.683
932 1 48.1177 10.3496 498 167.183 883.408 468.217
933 0 53.1585 10.9484 582 162.832 884.722 468.584
934 0 54.107 13.8245 748 158.971 885.254 467.346
935 0 54.1171 12.011 650 158.486 885.088 463.605
936 0 55.0545 10.8983 600 158.213 886.183 465.945
937 0 58.2476 10.627 619 157.892 887.99 470.396
938 0 60.121 12.7077 764 155.952 888.446 466.619
939 0 63.1778 13.3591 844 151.955 888.386 469.662
940 0 63.2099 12.8619 813 154.485 887.91 470.278
941 0 67.2301 11.9143 801 157.175 886.858 466.896
942 0 70.1322 14.0592 986 151.386 886.616 468.494
943 0 73.225 13.2332 969 154.071 884.863 467.423
944 0 75.1924 16.1054 1211 147.237 883.609 467.372
945 0 76.1491 12.5412 955 155.613 883.176 465.827
946 0 76.1129 12.2975 936 156.571 882.556 464.744
947 1 41.055 10.9365 449 150.849 881.581 482.468
948 0 45.0346 11.1914 504 149.355 880.391 481.476
949 0 40.01 8.84778 354 157.305 879.229 480.562
950 0 45.0575 11.0082 496 149.421 878.095 478.315
951 0 46.029 10.7758 496 151.526 876.968 477.972
952 0 49.0525 13.5977 667 143.423 875.288 475.66
953 0 49.2014 13.7801 678 144.041 875.176 474.435
954 0 50.0947 12.7159 637 147.579 874.786 473.418
955 0 51.1444 13.0806 669 147.765 874.205 470.037
956 0 52.1795 12.9744 677 147.205 874.722 470.295
957 0 54.0298 12.4561 673 147.431 873.892 468.425
958 0 56.1818 14.6133 821 143.531 874.118 463.559
959 0 58.1478 11.4708 667 149.309 875.721 464.684
960 0 57.063 11.4435 653 149.014 876.447 463.544
961 0 61.2261 12.2333 749 147.146 877.705 458.937
962 0 65.1832 13.8226 901 143.371 878.857 457.834
963 0 68.1887 14.1519 965 141.545 880.732 460.402
964 0 69.2253 13.1744 912 144.274 882.26 457.572
965 0 71.2204 13.9286 992 143.508 883.994 458.168
966 0 73.1904 15.0156 1099 141.718 885.381 454.959
967 0 74.1734 12.7674 947 144.942 887.231 458.095
968 0 78.126 13.363 1044 141.29 887.756 456.895
969 1 39.2098 10.8391 425 136.381 890.155 476.868
970 0 39.1644 11.6177 455 137.057 889.615 477.804
971 0 43.0253 9.71521 418 135.923 890.232 481.364
972 0 42.0474 10.6071 446 137.52 890.096 480.081
973 0 43.1379 9.55076 412 145.782 888.595 476.748
974 0 45.039 13.566 611 135.984 887.664 476.89
975 0 45.1311 10.1704 459 143.333 884.739 473.887
976 0 47.3246 14.0096 663 141.353 883.691 474.201
977 0 49.2078 12.498 615 142.242 882.146 478.53
978 0 51.3775 13.4495 691 140.318 880.247 473.987
979 0 52.1543 13.6134 710 139.703 879.073 475.856
980 0 55.0889 13.1061 722 139.291 876.886 476.439
981 0 53.1515 16.5941 882 136.322 876.069 469.587
982 0 57.1505 13.7882 788 140.987 874.783 469.967
983 0 57.1859 12.1883 697 145.273 873.646 470.677
984 0 61.2162 14.5713 892 141.786 873.281 468.559
985 0 60.1773 12.1973 734 149.038 872.313 466.094
986 0 64.1593 14.4796 929 143.903 871.666 462.654
987 0 65.1486 13.262 864 147.089 870.705 463.008
988 0 68.0981 13.3337 908 146.459 870.302 462.24
989 0 72.1497 16.5351 1193 141.971 870.276 457.941
990 0 72.2742 14.3896 1040 147.819 870.162 457.707
991 0 76.1555 11.8967 906 152.038 870.424 457.752
992 1 38.1464 10.4859 400 153.032 870.302 472.655
993 0 42.0253 14.872 625 144.878 871.266 469.518
994 0 43.0576 11.7749 507 150.751 872.422 470.026
995 0 45.063 12.6933 572 151.855 874.392 468.629
996 0 46.1383 15.5402 717 145.074 879.184 467.325
997 0 48.0515 14.1099 678 143.522 879.075 466.133
998 0 47.0839 13.083 616 148.578 879.732 466.919
999 0 48.0487 11.2594 541 149.987 881.933 467.895
1000 0 48.1172 13.384 644 146.981 882.666 466.528
1001 0 51.0438 14.2035 725 143.636 885.091 467.341
1002 0 55.0751 14.1262 778 137.573 885.089 471.616
1003 0 55.1319 12.1345 669 147.43 885.743 467.025
1004 0 57.1338 14.8074 846 141.427 886.142 465.94
1005 0 60.1254 14.3367 862 141.303 886.088 468.673
1006 0 59.1098 11.6224 687 148.156 886.416 469.182
1007 0 61.1419 15.096 923 141.377 886.666 468.367
1008 0 67.1234 14.4659 971 137.525 885.549 471.448
1009 0 67.3004 13.566 913 142.479 886.177 468.462
1010 0 69.1287 15.8111 1093 137.244 884.911 468.94
1011 0 69.128 9.82235 679 148.661 884.047 471.28
1012 0 73.1955 16.4218 1202 136.464 882.76 467.361
1013 0 77.2491 15.9743 1234 138.005 881.032 465.9
1014 1 40.1409 9.44175 379 146.789 879.691 481.1
1015 0 45.2293 15.4767 700 134.977 876.921 478.696
1016 0 44.3834 10.7923 479 145.975 875.726 474.159
1017 0 47.3024 12.0501 570 142.016 874.909 474.689
1018 0 48.1706 12.6633 610 138.815 873.508 477.775
1019 0 51.1373 16.1917 828 133.781 873.826 474.867
1020 0 51.1423 15.3689 786 135.674 873.417 470.719
1021 0 52.1324 10.9721 572 146.855 872.918 470.005
1022 0 56.1096 17.6262 989 129.801 872.231 472.305
1023 0 56.0798 12.5357 703 143.585 871.906 467.683
1024 0 58.0776 15.3932 894 137.777 871.972 469.238
1025 0 61.1257 14.8383 907 137.2 872.644 467.792
1026 0 63.2657 13.1509 832 141.832 873.54 463.825
1027 0 66.3293 14.7748 980 138.997 874.006 464.254
1028 0 68.0419 11.1696 760 146.751 874.97 464.058
1029 0 71.1587 12.7602 908 142.355 876.425 463.106
1030 0 74.3303 12.0005 892 144.089 877.215 454.432
1031 1 36.0457 9.51569 343 143.557 879.723 470.364
1032 0 37.1372 7.75502 288 142.205 882.399 479.51
1033 0 39.1882 7.83399 307 146.857 882.684 470.974
1034 0 36.1357 6.94605 251 149.355 883.434 471.801
1035 0 42.1991 11.659 492 135.953 884.667 474.091
1036 0 43.2402 11.4246 494 140.04 884.304 473.103
1037 0 46.373 12.8523 596 135.586 884.705 473.225
1038 0 42.3059 12.3623 523 144.459 883.902 473.098
1039 0 47.4246 10.7117 508 144.474 884.935 476.841
1040 0 47.2954 15.6463 740 137.719 883.728 475.005
1041 0 51.43 12.9885 668 141.213 883.516 476.97
1042 0 52.1779 13.0323 680 143.013 882.16 474.684
1043 0 52.3858 12.5416 657 144.096 881.874 481.721
1044 0 56.1714 14.705 826 142.225 880.63 476.672
1045 0 57.2225 14.1028 807 140.544 878.239 479.813
1046 0 56.1703 12.8716 723 145.358 877.357 475.393
1047 0 60.2517 12.1656 733 144.417 875.613 473.924
1048 0 65.3515 14.7204 962 138.521 874.228 474.733
1049 0 66.4665 14.8496 987 139.889 873.119 469.299
1050 0 65.2354 18.165 1185 134.746 871.387 466.63
1051 0 72.3241 16.9238 1224 134.812 870.644 465.587
1052 0 72.2971 14.8969 1077 138.264 870.191 462.806
1053 0 67.2161 9.7447 655 147.218 870.449 463.817
1054 0 77.2394 16.6366 1285 132.041 870.4 462.995
1055 0 77.1589 14.671 1132 136.863 870.12 460.025
1056 0 77.2181 12.523 967 141.984 870.086 457.634
1057 1 44.1156 10.0418 443 139.167 872.553 474.12
1058 0 46.1734 10.8504 501 136.832 871.94 473.784
1059 0 48.2861 13.8342 668 133.656 871.466 470.058
1060 0 47.0374 12.0967 569 138.671 873.005 469.566
1061 0 50.1734 12.4169 623 135.175 875.254 470.222
1062 0 50.0646 13.9021 696 137.918 875.974 465.848
1063 0 53.1505 15.6725 833 134.653 877.328 466.281
1064 0 54.1791 17.5898 953 133.665 875.741 462.366
1065 0 56.0616 14.1095 791 137.508 877.234 465.934
1066 0 58.1782 14.3353 834 136.643 877.846 465.637
1067 0 57.1442 13.5622 775 141.702 879.883 463.035
1068 0 60.2281 12.2866 740 141.423 880.676 463.588
1069 0 65.0518 16.3408 1063 133.007 882.342 462.59
1070 0 65.1129 15.7419 1025 134.112 882.989 461.481
1071 0 67.0599 14.8524 996 137.067 883.833 459.634
1072 0 69.0564 12.6129 871 140.387 884.753 461.305
1073 0 72.1752 17.9425 1295 130.091 884.235 462.503
1074 0 72.0725 15.0127 1082 136.745 883.963 458.598
1075 0 75.1688 13.9553 1049 136.805 884.333 461.581
1076 0 79.2518 16.4287 1302 133.401 883.92 456.706
1077 0 78.1744 12.357 966 142.614 883.245 453.294
1078 0 84.2943 17.5575 1480 131.834 882.455 454.89
1079 0 86.4156 15.356 1327 136.871 881.67 450.668
1080 0 89.2475 14.062 1255 137.772 880.302 455.523
1081 0 93.2929 16.5607 1545 131.903 881.305 457.443
1082 1 47.0824 10.5772 498 140.588 880.894 472.076
1083 0 48.072 8.63289 415 140.07 878.747 473.381
1084 0 56.1642 13.8166 776 129.483 877.553 474.711
1085 0 56.2203 15.4393 868 130.227 876.029 469.123
1086 0 56.2178 13.6612 768 131.591 874.876 468.457
1087 0 57.2325 14.9565 856 129.127 874.225 466.688
1088 0 59.1189 15.9002 940 127.813 874.949 463.738
1089 0 62.0431 12.2173 758 133.964 874.975 464.016
1090 0 64.1124 15.7068 1007 129.851 873.824 458.14
1091 0 66.2651 15.7096 1041 129.008 874.722 456.104
1092 0 66.1652 14.5091 960 131.801 873.914 453.646
1093 0 69.2705 14.2052 984 132.468 874.535 453.734
1094 0 72.3647 13.2109 956 133.245 875.454 455.879
1095 0 73.2286 13.4374 984 133.103 876.561 449.972
1096 0 75.2864 14.5445 1095 131.485 878.258 449.83
1097 0 79.331 16.3366 1296 127.927 879.683 447.222
1098 0 82.142 14.7062 1208 131.965 880.497 447.627
1099 0 83.2564 11.891 990 136.624 882.709 444.942
1100 0 86.2587 13.2161 1140 134.511 883.95 446.713
1101 0 92.1884 15.8914 1465 126.742 886.079 444.894
1102 0 92.3159 13.8329 1277 131.087 886.373 442.024
1103 1 47.3161 11.0533 523 127.568 886.549 465.029
1104 0 47.2325 10.3742 490 130.886 886.424 464.537
1105 0 49.2136 11.1758 550 126.902 886.727 464.322
1106 0 48.1104 11.827 569 124.128 887.678 466.946
1107 0 51.0825 13.5663 693 123.495 886.877 465.032
1108 0 51.126 15.7259 804 122.086 888.235 468.119
1109 0 53.1238 14.0239 745 127.842 885.687 471.246
1110 0 53.117 16.0024 850 125.048 883.025 467.941
1111 0 61.1636 16.1534 988 123.447 882.056 468.039
1112 0 61.0967 14.387 879 126.431 880.993 469.14
1113 0 63.1166 13.1027 827 129.672 879.16 466.177
1114 0 65.0872 11.2618 733 132.364 877.769 465.94
1115 0 68.1862 16.059 1095 125.186 877.088 465.213
1116 0 67.1919 14.0047 941 129.407 874.785 467.281
1117 0 70.1477 14.5122 1018 130.403 873.389 465.336
1118 0 75.1377 16.4764 1238 127.408 872.087 459.925
1119 0 77.2792 15.6187 1207 129.399 871.961 461.819
1120 0 76.1726 18.9307 1442 124.195 870.841 462.239
1121 0 79.1759 20.6123 1632 121.737 869.923 459.189
1122 0 81.3078 13.6887 1113 133.828 869.704 459.246
1123 0 84.0634 16.0831 1352 130.872 869.342 459.098
1124 0 86.2215 16.4808 1421 131.804 869.182 454.094
1125 0 89.1165 17.1012 1524 130.896 869.239 452.435
1126 0 89.1701 17.0797 1523 132.25 869.359 452.92
1127 0 95.1832 15.3388 1460 136.172 870.218 450.224
1128 0 99.2388 18.2691 1813 132.614 871.072 435.319
1129 0 96.4236 14.3948 1388 140.037 872.108 436.602
1130 0 101.168 20.1052 2034 129.615 874.248 439.358
1131 0 104.543 16.9691 1774 134.013 875.762 439.393
1132 0 107.26 18.2733 1960 133.627 877.118 438.713
1133 1 58.1201 15.3303 891 129.783 879.554 465.49
1134 0 63.1404 14.0322 886 131.977 881.629 464.687
1135 0 65.0577 13.9568 908 126.485 881.47 462.048
1136 0 66.232 13.7094 908 128.616 881.5 462.467
1137 0 63.1642 12.4121 784 133.333 882.038 462.985
1138 0 66.0987 13.1167 867 134.649 883.235 457.93
1139 0 69.1196 12.0082 830 136.243 883.161 461.145
1140 0 72.109 13.8263 997 134.556 882.765 458.638
1141 0 76.1711 14.9926 1142 132.185 882.077 458.394
1142 0 78.1656 13.9448 1090 135.724 881.52 457.316
1143 0 80.1246 11.9189 955 136.896 880.442 463.071
1144 0 85.1022 16.2275 1381 132.765 880.587 465.561
1145 0 88.2137 16.0859 1419 134.221 879.021 460.505
1146 0 88.2156 16.1536 1425 144.281 877.016 460.503
1147 0 92.2216 13.6844 1262 138.555 875.027 456.968
1148 0 95.0876 16.2061 1541 134.503 872.374 450.226
1149 0 99.1094 15.155 1502 136.187 871.036 450.244
1150 0 101.226 17.1991 1741 134.971 869.878 442.646
1151 1 55.2672 10.8382 599 135.053 867.99 469.638
1152 0 55.1226 12.9167 712 129.573 866.833 470.376
1153 0 62.174 12.3524 768 128.534 867.906 467.327
1154 0 60.1952 14.0875 848 128.12 869.966 468.101
1155 0 62.067 14.3716 892 130.956 870.555 466.484
1156 0 63.1623 13.8532 875 131.043 870.512 465.695
1157 0 65.1782 14.6982 958 129.965 870.597 464.312
1158 0 65.1009 12.5498 817 137.95 870.457 460.015
1159 0 68.1471 12.8252 874 134.769 871.49 462.966
1160 0 70.2674 13.4913 948 135.964 872.712 458.35
1161 0 73.2116 14.2191 1041 133.882 873.59 457.485
1162 0 73.1972 13.8803 1016 134.188 874.534 451.757
1163 0 78.3121 15.1956 1190 129.119 876.679 452.439
1164 0 79.1158 15.6479 1238 128.708 877.742 453.919
1165 0 83.1786 17.1318 1425 127.807 880.095 450.938
1166 0 84.1085 14.1484 1190 132.674 881.305 451.579
1167 0 87.1186 12.5805 1096 134.967 882.869 452.339
1168 0 89.214 13.3835 1194 136.055 884.13 447.988
1169 1 50.0594 11.2267 562 128.13 886.422 472.952
1170 0 48.2038 12.3849 597 124.903 887.253 475.082
1171 0 50.0637 12.1046 606 131.327 887.259 469.228
1172 0 52.1454 11.9474 623 129.369 887.576 472.016
1173 0 53.2 13.609 724 128.797 886.191 468.548
1174 0 53.2457 9.95385 530 130.464 885.049 474.645
1175 0 56.2478 15.8228 890 124.218 884.693 472.2
1176 0 57.1182 13.796 788 124.225 883.683 476.457
1177 0 60.1794 12.0473 725 129.916 882.59 472.135
1178 0 60.2186 12.2387 737 131.309 882.167 469.32
1179 0 61.1441 11.6937 715 131.964 881.039 469.952
1180 0 66.4092 14.8473 986 126.946 879.582 466.421
1181 0 67.3102 12.8212 863 132.409 877.844 466.443
1182 0 69.2559 14.1793 982 128.87 877.335 468.858
1183 0 71.3704 15.5387 1109 129.616 876.047 462.231
1184 0 73.2543 15.1663 1111 130.546 874.835 461.086
1185 0 72.266 14.9033 1077 132.62 872.916 457.985
1186 1 36.4156 9.11698 332 132.624 874.012 477.126
1187 0 37.4857 15.2592 572 124.014 873.406 475.439
1188 0 38.328 9.44479 362 132.638 873.381 473.373
1189 0 43.3747 11.9886 520 126.548 872.892 471.354
1190 0 42.1643 12.5462 529 128.425 872.837 469.246
1191 0 43.0313 11.085 477 130.746 873.658 469.512
1192 0 46.066 13.2419 610 127.877 874.298 466.518
1193 0 44.0685 12.5486 553 132.154 874.434 466.727
1194 0 45.0746 10.6712 481 134.391 875.212 466.857
1195 0 46.0862 13.0625 602 131.654 877.042 464.729
1196 0 48.0634 14.1064 678 128.881 878.515 466.385
1197 0 52.0692 14.135 736 128.957 880.162 462.098
1198 0 54.1197 15.8907 860 123.359 881.756 465.974
1199 0 54.1871 11.8663 643 131.924 884.821 464.6
1200 0 55.1345 15.5982 860 127.703 884.719 464.438
1201 0 57.314 15.0748 864 126.514 886.441 465.017
1202 0 62.0996 17.0694 1060 123.3 887.496 465.568
1203 0 61.1618 13.5379 828 130.364 887.63 467.488
1204 0 63.0993 15.6737 989 126.666 888.197 467.516
1205 0 63.1535 14.6152 923 130.248 887.722 466.498
1206 0 67.2502 17.7695 1195 126.332 888.327 464.343
1207 0 69.1937 16.0564 1111 128.478 887.87 466.903
1208 0 68.0762 13.103 892 134.425 887.188 467.594
1209 0 72.1187 13.7135 989 134.65 886.177 466.77
1210 0 73.1248 14.359 1050 135.472 885.648 465.373
1211 1 42.053 12.5556 528 130.521 884.888 483.133
1212 0 40.1666 12.4481 500 131.776 883.51 483.174
1213 0 45.1093 14.4981 654 127.612 882.316 482.994
1214 0 42.1853 12.1369 512 132.016 878.428 477.223
1215 0 41.1396 14.2685 587 130.807 877.09 475.666
1216 0 45.1235 14.6265 660 126.462 875.77 479.182
1217 0 45.4453 11.2223 510 132.865 874.463 479.274
1218 0 49.3037 14.1977 700 126.904 873.814 476.664
1219 0 49.5294 14.5368 720 126.135 872.003 475.565
1220 0 49.2163 13.715 675 127.63 871.979 474.796
1221 0 51.2985 14.3084 734 128.019 870.977 470.01
1222 0 52.2076 10.9946 574 130.376 870.974 467.267
1223 0 56.1686 12.4269 698 126.236 870.648 468.787
1224 0 57.2534 11.9644 685 125.385 870.18 468.485
1225 0 57.2018 13.9856 800 124.239 870.541 463.792
1226 0 58.0943 14.115 820 124.16 870.94 463.545
1227 0 60.1304 14.8677 894 122.346 870.659 465.541
1228 0 62.1701 9.57052 595 129.447 871.466 466.703
1229 0 63.0904 13.7105 865 125.024 873.543 460.236
1230 0 63.1863 16.5542 1046 123.354 874.527 461.149
1231 0 64.0886 12.8104 821 127.133 876.263 463.296
1232 0 69.1901 14.7709 1022 123.495 877.975 461.331
1233 0 72.1589 13.595 981 124.676 878.855 458.261
1234 1 36.1085 11.8255 427 123.616 880.41 476.824
1235 0 36.0576 15.5307 560 115.302 882.612 481.441
1236 0 42.2052 11.065 467 123.754 882.908 478.261
1237 0 41.0437 12.9861 533 122.066 883.398 478.692
1238 0 44.0609 12.8231 565 121.646 883.244 477.412
1239 0 45.089 17.2769 779 115.167 883.977 478.745
1240 0 47.2035 14.0668 664 119.265 885.294 473.556
1241 0 48.2277 14.0376 677 119.616 884.189 471.777
1242 0 48.166 12.0002 578 121.273 882.948 473.076
1243 0 50.2124 13.0048 653 123.063 882.565 472.646
1244 0 51.3069 13.7409 705 120.267 881.435 475.661
1245 0 54.3931 13.0715 711 121.892 880.115 475.579
1246 0 55.168 12.4891 689 122.865 878.581 475.816
1247 0 58.2414 16.1741 942 118.109 877.32 472.381
1248 0 61.2567 13.7944 845 120.898 875.918 474.321
1249 0 62.1428 16.9288 1052 118.386 873.922 473.632
1250 0 63.3125 15.9052 1007 122.602 873.162 470.446
1251 0 63.1003 11.553 729 130.523 872.016 468.303
1252 0 67.0864 19.5271 1310 118.939 870.375 467.807
1253 0 75.0779 19.7528 1483 117.757 871.502 469.163
1254 0 73.1626 20.6936 1514 119.841 870.895 467.045
1255 0 76.2244 20.2297 1542 120.154 870.228 467.236
1256 0 74.054 15.7588 1167 126.828 870.699 468.395
1257 0 80.0912 16.5936 1329 126.983 869.977 462.09
1258 0 80.1345 14.5256 1164 131.576 870.002 461.54
1259 1 42.0698 12.9309 544 133.605 870.211 474.708
1260 0 47.2067 15.4427 729 125.669 870.191 478.398
1261 0 45.0957 14.569 657 133.347 870.502 473.339
1262 0 47.0481 17.0251 801 128.573 871.471 474.634
1263 0 46.2457 14.4229 667 135.045 872.408 473.612
1264 0 48.1885 15.4601 745 134.196 874.607 476.172
1265 0 51.0545 17.1581 876 132.334 875.284 473.411
1266 0 52.1019 14.4525 753 138.926 877.616 474.983
1267 0 53.1453 15.2789 812 138.004 878.473 476.587
1268 0 53.0279 15.275 810 141.433 881.172 475.264
1269 0 53.0826 18.9704 1007 133.593 881.538 480.076
1270 0 55.0619 17.6892 974 140.67 881.822 475.839
1271 0 54.0524 14.6524 792 147.554 883.159 477.474
1272 0 56.2961 21.0672 1186 137.536 883.653 472.518
1273 0 57.6336 19.6066 1130 140.935 883.661 475.434
1274 0 54.1563 15.8984 861 156.159 881.383 473.257
1275 0 57.1439 16.7647 958 153.547 881.801 476.019
1276 0 56.32 18.4837 1041 151.351 880.736 481.512
1277 0 55.2098 18.2938 1010 155.385 879.867 480.787
1278 0 57.2258 19.3794 1109 154.768 878.662 482.221
1279 1 30.1213 10.0593 303 158.647 876.488 497.036
1280 0 27.0356 11.9842 324 158.735 874.698 496.12
1281 0 30.0386 11.0192 331 161.257 874.462 496.707
