index division length width area intensity CMx CMy
2140 0 86.2371 11.6307 1003 141.508 698.964 440.458
2141 0 88.3816 11.5861 1024 142.771 698.074 438.555
2142 0 92.2706 11.4988 1061 138.935 697.746 438
2143 0 94.3523 11.3723 1073 136.621 697.99 436.312
2144 0 96.2483 11.1898 1077 142.545 697.909 435.455
2145 0 100.45 10.9009 1095 142.459 698.489 434.405
2146 0 102.346 11.1582 1142 132.497 698.842 432.632
2147 0 106.344 11.0772 1178 137.508 699.227 430.812
2148 1 55.2056 10.2526 566 132.645 699.302 456.341
2149 0 57.2576 10.8283 620 136.782 699.361 453.703
2150 0 61.1464 10.5648 646 124.398 699.961 454.258
2151 0 60.3303 11.0558 667 114.945 698.25 452.826
2152 0 63.5558 11.5332 733 116.297 698.417 451.329
2153 0 65.5649 11.0578 725 133.175 698.486 450.298
2154 0 68.5264 11.222 769 128.906 697.956 449.761
2155 0 69.6448 11.2571 784 135.592 697.926 447.472
2156 0 71.6377 11.0417 791 126.297 697.802 447.406
2157 0 73.5636 11.3507 835 123.351 697.353 446.739
2158 1 39.4764 7.21951 285 120.214 696.614 464.004
2159 0 39.4187 7.83892 309 127.913 696.751 463.285
2160 1 81.7843 11.8605 970 122.716 698.315 443.405
2161 0 83.4992 11.8564 990 121.476 697.815 442.636
2162 0 87.8597 11.7346 1031 124.468 697.428 440.156
2163 0 88.7964 11.8924 1056 119.769 696.549 439.029
2164 0 91.3849 11.654 1065 125.017 697.024 439.328
2165 0 94.7126 12.0259 1139 119.758 696.878 437.693
2166 1 51.4402 9.79779 504 115.46 695.996 460.694
2167 0 54.4026 10.1282 551 114.105 695.692 459.837
2168 0 54.4174 10.3827 565 119.846 696.158 459.127
2169 0 54.1289 11.3433 614 129.58 697.917 456.866
2170 0 56.1671 10.8426 609 131.011 697.732 457.179
2171 0 57.2975 11.5363 661 129.687 697.213 456.127
2172 0 58.2617 11.3797 663 122.259 698.469 456.596
2173 0 60.3834 11.1786 675 118.64 697.053 455.29
2174 0 62.5423 11.4323 715 127.027 696.28 454.383
2175 0 63.4443 11.5377 732 130.552 696.086 453.564
2176 0 65.4363 11.0336 722 126.472 695.607 452.996
2177 0 67.7849 11.1824 758 126.826 695.887 451.763
2178 0 0 0 0 -nan -nan -nan
2179 0 69.6518 11.2273 782 116.618 696.572 449.794
2180 0 71.8956 11.4332 822 109.234 695.647 448.479
2181 0 74.8134 10.974 821 113.76 695.466 448.291
2182 0 76.6476 11.0114 844 105.639 695.134 446.826
2183 0 79.8106 11.4396 913 119.909 695.282 446.398
2184 0 82.8707 11.2706 934 124.061 695.351 444.364
2185 0 85.9416 11.7056 1006 122.403 696.323 442.519
2186 1 42.281 8.94018 378 110.942 696.233 466.214
2187 0 45.4432 8.86821 403 111.921 696.404 465.516
2188 0 45.5385 9.68411 441 116.054 695.66 464.37
2189 0 47.3684 9.90112 469 116.013 695.746 464.328
2190 0 47.5115 9.97654 474 116.015 695.264 462.388
2191 0 49.4376 9.56763 473 117.049 695.934 460.888
2192 0 49.2607 9.86589 486 114.936 696.095 460.603
2193 0 50.4399 10.4877 529 121.18 696.117 460.151
2194 0 52.5802 10.5743 556 116.739 696.795 459.061
2195 0 52.3997 11.0688 580 122.867 696.784 458.097
2196 0 53.6404 10.7941 579 125.532 695.969 457.176
2197 0 55.565 10.8162 601 117.168 695.945 456.105
2198 0 57.7153 10.9156 630 117.538 696.37 455.597
2199 0 59.39 11.3992 677 120.778 696.91 455.372
2200 0 61.8007 11.1811 691 130.868 697.221 454.771
2201 0 62.7583 11.138 699 136.338 695.983 454.031
2202 0 62.7348 11.6044 728 126.299 696.898 452.977
2203 0 65.6771 11.3586 746 129.784 696.53 452.117
2204 0 67.7208 11.1487 755 125.449 696.399 451.509
2205 0 67.9597 11.3155 769 125.075 696.568 450.784
2206 0 70.8799 11.851 840 122.407 696.429 449.871
2207 0 70.8946 11.7922 836 120.752 697.068 448.322
2208 0 73.6861 11.8068 870 119.079 696.569 446.908
2209 0 78.6622 11.5049 905 120.422 697.207 445.686
2210 0 77.8044 12.0302 936 127.509 698.46 445.121
2211 0 81.8255 11.9645 979 126.416 698.496 443.081
2212 0 84.8221 12.1077 1027 121.632 698.645 441.924
2213 0 86.9774 11.8192 1028 120.794 699.274 439.648
2214 1 47.3317 9.99331 473 113.558 699.966 460.524
2215 0 48.3056 10.123 489 121.014 700.068 460.104
2216 0 50.2405 10.0118 503 121.841 699.869 460.147
2217 0 51.3265 10.6378 546 119.416 700.394 459.353
2218 0 53.3107 10.9171 582 119.096 699.12 457.88
2219 0 55.4242 10.573 586 120.423 699.007 457.027
2220 0 54.4845 10.6452 580 111.522 699.172 455.571
2221 0 56.452 11.1954 632 117.237 699.127 454.745
2222 0 58.4678 10.8436 634 126.38 699.696 453.719
2223 0 61.5019 11.1866 688 120.795 699.876 452.126
2224 0 60.5843 10.9929 666 119.261 700.111 451.868
2225 0 63.3893 11.2795 715 117.643 699.835 451.358
2226 0 64.4932 11.0089 710 118.854 700.748 450.521
2227 0 67.4331 11.2408 758 110.239 700.646 450.952
2228 0 68.4515 11.0589 757 118.477 700.757 448.126
2229 0 70.4481 11.4269 805 116.671 700.534 447.102
2230 0 73.3785 10.698 785 121.866 700.801 446.517
2231 0 75.3562 11.0276 831 113.19 700.705 444.795
2232 1 39.1709 8.78204 344 118.942 702.616 462.744
2233 0 40.3594 10.0596 406 109.633 701.734 461.8
2234 0 43.2579 9.54738 413 114.516 701.552 461.092
2235 0 44.268 10.3913 460 114.504 701.98 460.83
2236 0 45.1137 10.2186 461 112.965 702.215 460.922
2237 0 44.3978 10.3834 461 113.221 700.278 461.249
2238 0 45.3517 10.0548 456 117.789 700.414 461.046
2239 0 46.3136 10.2994 477 113.222 700.405 459.39
2240 0 46.4117 10.5577 490 112.655 701.026 459.076
2241 0 49.384 10.307 509 118.548 700.637 458.026
2242 0 50.3581 10.4452 526 116.135 701.424 457.838
2243 0 51.4849 10.0612 518 115.952 701.214 457.506
2244 0 53.4346 10.4427 558 116.989 701.625 457.122
2245 0 54.3483 10.7823 586 113.167 700.993 455.195
2246 0 54.2725 10.7974 586 113.13 700.875 455.077
2247 0 56.2708 11.3025 636 112.332 700.744 454.516
2248 0 56.2916 10.8364 610 115.662 700.98 454.505
2249 0 60.2896 10.6486 642 110.449 699.903 453.542
2250 0 60.2378 10.8238 652 108.348 699.681 452.971
2251 0 62.2448 11.0531 688 107.77 698.952 452.269
2252 0 64.2738 11.0309 709 108.509 700.034 450.034
2253 0 65.2147 11.3778 742 108.345 700.402 450.005
2254 0 68.32 11.1095 759 108.81 699.735 449.897
2255 0 68.32 11.1095 759 153.448 698.735 449.897
2256 0 72.1725 11.043 797 109.151 700.27 445.646
2257 0 75.1962 11.0644 832 114.261 699.596 445.233
2258 0 76.1876 10.9467 834 118.363 699.751 443.577
2259 0 75.2268 11.2859 849 116.534 698.717 443.748
2260 0 82.1775 10.8424 891 118.23 699.007 441.653
2261 0 84.2138 11.1027 935 117.689 698.264 440.433
2262 0 87.1943 10.792 941 110.859 697.812 440.25
2263 1 46.2926 10.9737 508 106.146 698.927 460.803
2264 0 46.211 11.2744 521 103.693 698.916 459.743
2265 0 49.0872 10.4508 513 111.004 699.877 459.846
2266 0 47.0664 10.5808 498 112.691 699.243 459.313
2267 0 50.0332 10.4531 523 107.071 699.015 458.623
2268 0 52.1557 10.6987 558 114.16 699.665 456.928
2269 0 53.0607 10.667 566 114.443 699.288 456.64
2270 0 54.1679 11.0028 596 111.133 698.2 455.628
2271 0 55.2219 10.7385 593 113.965 697.514 455.359
2272 0 59.0365 11.1795 660 102.95 697.88 453.405
2273 0 60.3004 10.8457 654 105.791 697.171 453.743
2274 0 62.2195 10.5112 654 103.613 697.232 452.868
2275 0 62.3497 10.5053 655 102.621 696.351 451.991
2276 0 66.5912 9.98631 665 99.7549 695.788 451.092
2277 0 66.5296 10.4465 695 103.26 696.092 449.623
2278 0 69.4532 10.2371 711 102.166 696.103 449.273
2279 0 72.5867 10.2774 746 98.1005 696.253 447.66
2280 0 73.5548 9.95176 732 100.146 695.667 446.963
2281 0 76.7761 9.97706 766 103.492 696.684 445.828
2282 0 79.7287 9.87097 787 101.081 696.792 444.136
2283 0 81.7572 9.80954 802 100.448 696.502 442.596
2284 0 81.43 10.4139 848 100.152 696.09 442.121
2285 0 84.4564 10.0407 848 106.007 696.153 440.585
2286 0 88.5081 10.4623 926 102.853 696.62 438.558
2287 0 90.5574 10.4243 944 105.32 696.86 438.568
2288 0 93.4271 10.2647 959 104.226 696.969 437.434
2289 0 95.9079 10.5309 1010 103.345 697.535 435.268
2290 0 97.5554 10.3326 1008 104.184 697.572 434.139
2291 0 99.9009 10.4203 1041 104.655 697.971 432.927
2292 0 103.603 10.7139 1110 99.5775 697.895 431.762
2293 0 105.55 11.009 1162 106.441 697.239 429.177
2294 1 53.0822 10.4932 557 96.4955 698.418 456.375
2295 0 57.1631 10.4438 597 97.2479 697.956 455.946
2296 1 33.1948 7.26017 241 96.6929 697.249 469.324
2297 0 30.0818 8.8093 265 91.7321 696.524 468.558
2298 0 32.1855 8.17138 263 99.9506 697.068 468.224
2299 0 32.1628 9.14101 294 97.9218 696.837 467.929
2300 0 34.1598 8.66515 296 92.4122 696.76 467.402
2301 0 35.1859 9.0093 317 94.5047 696.937 465.959
2302 0 35.2585 9.30273 328 91.7287 696.832 465.393
2303 0 37.1016 9.59528 356 94.4691 697.154 464.899
2304 0 38.1923 10.0806 385 96.1403 697.855 465.644
2305 0 38.2354 10.5138 402 97.2338 697.804 464.149
2306 0 40.0684 10.6069 425 94.16 700.146 463.859
2307 0 38.1904 10.8142 413 96.8208 699.719 462.998
2308 0 39.1128 10.5848 414 94.6932 699.623 463.309
2309 0 40.1571 10.7079 430 91.7814 699.13 463.246
2310 0 43.1203 10.4127 449 96.9176 699.305 461.924
2311 0 44.1103 10.7231 473 97.6258 699.262 460.757
2312 0 46.2481 10.1193 468 95.4402 699.199 459.438
2313 0 46.1072 10.6708 492 99.0894 699.272 458.988
2314 0 47.1279 10.6731 503 100.497 699.578 459.078
2315 0 47.1697 11.5964 547 103.558 699.625 457.64
2316 0 51.118 11.1702 571 101.105 699.963 457.692
2317 0 52.1136 11.4749 598 99.7676 699.717 456.98
2318 0 53.1929 11.6181 618 102.812 700.016 455.21
2319 0 54.1566 11.5037 623 103.576 700.167 455.369
2320 0 55.2095 11.5198 636 97.3003 699.836 454.071
2321 0 57.2334 11.3395 649 100.812 700.45 452.998
2322 0 58.3285 11.6924 682 92.9076 700.172 453.213
2323 0 59.2186 11.2465 666 103.426 699.991 450.941
2324 0 59.2186 11.2465 666 136.312 700.991 450.941
2325 0 63.492 11.6865 742 102.305 701 449.075
2326 0 66.5228 11.2443 748 98.377 700.775 447.43
2327 0 67.6079 11.6702 789 104.411 701.441 446.582
2328 0 70.6146 11.754 830 99.2193 700.857 445.53
2329 1 36.2595 9.59749 348 97.1236 700.192 462.592
2330 0 40.2506 8.86943 357 98.2773 700.863 462.415
2331 0 40.3529 9.39214 379 99.6253 701.045 461.681
2332 0 42.2233 10.1129 427 97.4614 701.831 461.279
2333 0 42.1235 10.6354 448 93.5804 701.594 460.388
2334 0 44.1557 10.8933 481 88.7859 702.077 458.634
2335 0 45.3169 11.1879 507 90.9625 701.957 459.341
2336 0 47.1808 10.979 518 94.1815 701.467 458.473
2337 0 47.0585 11.1776 526 94.5798 703.477 458.215
2338 0 47.1642 11.4706 541 96.3771 702.989 457.471
2339 0 49.2554 11.349 559 98.7907 702.449 456.061
2340 0 50.2809 11.6943 588 97.8963 702.168 455.84
2341 0 51.237 11.8664 608 97.5921 701.49 455.257
2342 0 52.2968 11.32 592 100.764 701.068 455.008
2343 0 53.3158 11.7414 626 96.77 701.019 454.834
2344 0 55.3957 11.9323 661 99.4009 701.139 454.097
2345 0 56.5166 11.3772 643 98.8056 701.002 454.334
2346 0 59.3633 11.9602 710 96.7761 701.177 451.237
2347 0 59.4531 11.5049 684 97.9181 701.449 451.618
2348 0 62.435 11.8203 738 100.599 701.034 451.065
2349 0 64.5187 11.7795 760 100.393 700.971 449.982
2350 0 66.493 11.52 766 98.6684 701.409 450.543
2351 0 69.2437 12.1166 839 98.0119 701.157 448.698
2352 0 70.5289 11.8533 836 101.164 701.367 447.731
2353 0 73.4768 11.8813 873 100.599 701.384 446.907
2354 1 38.4422 10.6654 410 99.3122 701.176 464.573
2355 0 40.3415 10.3368 417 99.0216 700.561 463.153
2356 0 41.3392 11.0549 457 93.1204 700.858 462.379
2357 0 42.3037 11.252 476 94.4622 701.002 462.502
2358 0 42.0828 11.1447 469 92.4925 702.702 461.729
2359 0 44.0708 11.6404 513 100.899 702.48 461.4
2360 0 44.0597 11.5752 510 102.78 702.051 462.359
2361 0 45.1062 11.6835 527 103.328 701.416 461.442
2362 0 46.1902 12.1454 561 95.5187 701.066 459.626
2363 0 49.1135 12.0333 591 96.181 700.271 459.772
2364 0 49.366 12.1946 602 100.648 700.774 458.505
2365 0 49.366 12.1946 602 144.885 701.774 458.505
2366 0 53.1317 12.422 660 95.0333 699.612 457.042
2367 0 54.2482 12.4612 676 103.558 699.425 458.354
2368 0 55.1762 12.7591 704 100.882 699.399 456.818
2369 0 56.3865 12.3789 698 100.811 699.579 456.256
2370 0 57.3604 12.8137 735 99.3102 699.355 454.088
2371 0 60.2293 12.303 741 96.5628 698.969 454.8
2372 0 61.4404 12.8417 789 88.6261 699.137 453.38
2373 0 64.2972 12.66 814 96.2666 699.018 452.259
2374 0 67.4991 12.8742 869 94.1174 698.827 451.194
2375 0 69.5909 12.8753 896 94.9319 698.68 451.026
2376 0 69.5043 12.8193 891 90.5814 698.589 450.375
2377 1 39.3475 9.91169 390 95.018 698.918 465.333
2378 0 41.3975 11.0393 457 96.0547 698.812 464.004
2379 0 42.4525 11.3303 481 93.9335 698.767 463.449
2380 0 43.3638 11.8301 513 94.1598 698.871 464.4
2381 0 44.3918 12.2996 546 93.4927 699.104 464.432
2382 0 46.3358 12.6036 584 90.8493 699.11 463.498
2383 0 47.4729 12.4913 593 92.8044 698.7 461.924
2384 0 49.418 12.6472 625 93.5824 698.896 461.504
2385 0 50.3848 12.8809 649 97.9661 698.894 461.364
2386 0 51.3099 13.3308 684 99.595 698.871 460.832
2387 0 53.2917 12.7787 681 102.465 698.777 460.825
2388 0 55.2517 12.8865 712 96.5758 698.618 459.973
2389 0 57.1648 13.3999 766 96.2376 698.454 458.631
2390 0 59.1302 13.428 794 95.5 698.17 457.642
2391 0 60.0538 13.8875 834 93.7974 698.604 456.337
2392 0 62.089 13.835 859 100.857 698.502 456.718
2393 0 62.2045 14.179 882 99.8515 698.705 455.213
2394 0 65.4423 14.1957 929 100.464 698.931 453.946
2395 0 67.453 14.0542 948 102.344 698.406 452.78
2396 0 70.652 14.168 1001 106.037 698.573 451.524
2397 0 73.4044 14.2771 1048 104.834 698.325 450.306
2398 0 75.3828 14.3003 1078 109.796 698.154 448.81
2399 0 78.6529 14.5195 1142 121.482 698.138 448.651
2400 0 81.5252 14.0202 1143 120.152 698.481 447.479
2401 0 83.3693 14.7296 1228 115.11 698.349 445.394
2402 0 86.4617 14.5035 1254 124.519 698.141 443.35
2403 0 89.4173 14.3261 1281 119.56 698.308 440.871
2404 0 93.4824 14.0775 1316 114.071 698.18 440.707
2405 0 96.4249 14.0316 1353 116.362 698.912 439.531
2406 0 100.255 14.6426 1468 117.125 698.8 436.513
2407 1 50.0873 12.8176 642 122.438 698.617 461.248
2408 0 51.1045 13.5018 690 119.091 698.958 460.175
2409 0 55.0877 13.1245 723 108.885 698.985 459.786
2410 0 54.2958 13.4817 732 119.38 698.928 459.184
2411 0 58.1941 12.8707 749 118.072 699.007 456.896
2412 0 59.299 13.5584 804 114.9 699.014 455.611
2413 0 61.3071 13.6689 838 100.926 699.473 455.535
2414 0 64.2872 13.3308 857 103.944 699.648 454.359
2415 0 65.2859 13.6936 894 101.706 699.913 451.649
2416 0 68.3259 13.6844 935 102.513 699.936 450.724
2417 0 72.3484 13.4626 974 93.6807 700.299 449.408
2418 0 73.4122 13.4855 990 100.767 700.604 448.324
2419 0 77.4741 13.3335 1033 100.135 700.932 446.272
2420 0 78.2573 13.3534 1045 92.9196 701.247 446.061
2421 0 81.4064 13.3405 1086 96.8002 701.505 444.47
2422 0 83.5403 13.5743 1134 94.9727 700.244 442.939
2423 0 87.3791 13.4357 1174 93.1022 700.774 441.01
2424 0 89.4884 13.3202 1192 99.6007 701.552 438.27
2425 0 92.3527 13.2427 1223 98.9452 701.431 436.841
2426 0 95.3744 12.907 1231 95.0942 701.878 434.931
2427 1 49.359 11.8317 584 92.3973 701.764 457.604
2428 0 49.3926 12.6537 625 92.8272 701.765 457.646
2429 0 51.1984 11.9535 612 97.3562 701.515 456.83
2430 0 53.2494 12.3382 657 97.7869 701.63 455.763
2431 0 53.0731 12.4168 659 95.5432 701.252 455.261
2432 0 55.1858 12.4488 687 90.6419 701.505 454.907
2433 0 58.2595 12.2727 715 90.1818 702.102 454.071
2434 0 58.2606 12.8045 746 86.3633 701.822 452.969
2435 0 62.1048 12.656 786 91.0942 701.01 451.65
2436 0 62.2846 13.358 832 88.3209 701.208 450.454
2437 0 65.3763 13.2005 863 91.3268 700.882 450.588
2438 0 68.3288 12.9667 886 89.6038 701.316 449.169
2439 0 70.3657 12.6482 890 99.0225 701.034 448.161
2440 0 72.3732 12.9882 940 96.084 701.599 447.131
2441 0 76.3225 12.6568 966 92.325 701.533 446.653
2442 1 37.0661 11.1692 414 96.0483 702.464 463.659
2443 0 41.1779 10.9768 452 92.0575 702.239 463.142
2444 0 42.1466 11.3651 479 83.8664 701.931 463.405
2445 0 43.0667 12.2136 526 88.8669 702.046 462.365
2446 0 46.0385 11.8379 545 88.5229 701.541 460.677
2447 0 47.0738 12.2998 579 99.7617 700.851 459.43
2448 0 47.1083 12.3333 581 93.2375 700.9 459.182
2449 0 49.1003 12.7494 626 96.0144 700.55 458.173
2450 0 51.1148 12.736 651 96.384 700.164 457.439
2451 0 53.1153 12.6517 672 96.881 700.56 456.96
2452 0 53.1571 12.9616 689 96.4514 699.951 456.808
2453 0 56.1642 12.962 728 98.4849 699.889 455.9
2454 0 57.105 12.7309 727 102.111 700.182 455.054
2455 0 58.1288 13.3497 776 97.2912 699.927 454.086
2456 0 61.0581 13.5117 825 94.7636 700.358 453.061
2457 0 62.0859 13.3041 826 96.7482 700.995 454.179
2458 0 64.049 13.1306 841 94.1986 700.744 452.554
2459 0 68.071 13.2509 902 91.4734 700.69 450.102
2460 0 70.076 13.4568 943 86.5779 701.829 449.676
2461 0 71.1401 13.4664 958 97.6086 701.453 448.776
2462 0 75.035 13.4471 1009 91.7056 701.748 448.132
2463 0 76.0438 13.6632 1039 92.9403 701.414 445.5
2464 0 80.1192 13.0556 1046 90.5239 700.873 445.336
2465 0 82.0917 13.3875 1099 89.2257 700.659 444.323
2466 0 85.0907 12.9391 1101 86.7829 700.254 442.409
2467 0 87.1963 13.2574 1156 87.5173 699.984 441.158
2468 1 47.1703 11.7235 553 86.2712 699.646 461.604
2469 0 49.1594 11.8797 584 85.7791 699.623 460.803
2470 0 52.1264 12.0476 628 86.4172 699.379 460.197
2471 0 52.1783 12.4573 650 83.3338 698.869 459.734
2472 0 55.0638 12.9849 715 80.1217 699.162 459.284
2473 0 57.1968 12.9203 739 82.5873 698.867 458.02
2474 0 58.0923 12.8244 745 82.9906 699.03 456.536
2475 0 61.1346 13.3639 817 81.5006 698.99 456.1
2476 0 62.1018 13.1397 816 82.8505 698.052 454.841
2477 0 65.0786 13.307 866 82.5612 697.845 454.323
2478 0 67.1859 13.4701 905 77.1127 698.266 454.676
2479 0 68.1176 13.5795 925 82.0659 698.434 452.332
2480 0 72.125 13.8926 1002 82.0289 698.08 449.34
2481 0 75.1958 13.0858 984 15.503 698.937 449.738
2482 0 76.3248 13.9535 1065 83.7352 698.721 448.797
2483 0 79.1101 13.5507 1072 83.3666 698.199 447.333
2484 0 82.1117 13.5182 1110 83.009 698.66 445.014
2485 0 86.2578 13.7843 1189 80.9983 698.77 442.914
2486 0 89.139 13.2153 1178 82.9244 698.844 440.975
2487 1 46.0319 11.3834 524 83.8206 699.008 461.611
2488 0 49.0852 11.9995 589 82.3345 699.72 460.688
2489 0 52.02 12.1684 633 81.0632 700.586 460.596
2490 0 51.1276 12.4199 635 82.5307 699.129 459.775
2491 0 54.0705 12.2248 661 83.7292 698.915 458.02
2492 0 55.151 12.1122 668 81.4865 699.611 458.981
2493 0 57.1499 12.6859 725 79.6262 698.943 456.31
2494 0 58.157 12.5522 730 78.8384 699.012 456.397
2495 0 60.2885 12.8383 774 86.6046 698.937 455.877
2496 0 61.1109 12.9437 791 84.1087 698.551 454.89
2497 0 60.179 13.3768 805 89.2708 699.165 454.554
2498 0 64.169 13.2774 852 82.6831 698.935 452.883
2499 0 65.1871 13.4229 875 87.0263 698.803 451.856
2500 0 68.1284 13.1223 894 86.6488 699.216 450.577
2501 0 69.1437 13.5226 935 85.9112 698.741 449.532
2502 0 72.1061 13.3414 962 86.026 699.374 447.691
2503 0 74.1782 13.2788 985 85.8142 699.442 446.051
2504 0 78.2548 13.6605 1069 78.2273 698.892 444.902
2505 0 80.3017 13.5365 1087 83.0313 700.092 443.293
2506 0 83.2359 13.8882 1156 84.4247 700.182 442.143
2507 0 85.2764 13.4973 1151 86.4778 699.642 440.402
2508 0 88.3667 13.5798 1200 85.4425 699.937 439.243
2509 0 93.5206 13.334 1247 86.3593 699.874 437.714
2510 0 95.3379 13.342 1272 91.5228 699.525 436.888
2511 1 51.206 12.0298 616 89.3166 700.472 458.888
2512 0 53.1427 12.2312 650 93.18 699.814 456.983
2513 0 54.1832 12.3285 668 90.4985 700.136 457.844
2514 0 55.182 12.7215 702 87.6595 700.147 457.34
2515 0 57.2871 12.289 704 89.8821 699.784 455.433
2516 0 59.5501 12.4601 742 89.0863 700.803 455.284
2517 0 59.3177 12.7618 757 97.605 700.6 454.276
2518 0 63.1479 12.6528 799 94.4693 700.407 452.521
2519 0 63.2204 12.8598 813 101.301 700.717 451.691
2520 0 66.2244 12.956 858 97.3508 700.824 450.746
2521 0 68.1874 13.0523 890 102.349 700.574 449.937
2522 0 70.249 13.2101 928 100.017 700.3 446.811
2523 0 71.2472 13.4181 956 98.6056 700.26 447.257
2524 0 73.2085 13.3181 975 99.2359 700.588 446.337
2525 0 77.3522 12.8632 995 94.8593 701.143 444.696
2526 0 78.3166 13.3305 1044 101.842 701.706 443.6
2527 0 81.4078 13.1191 1068 104.224 701.36 442.174
2528 0 85.3596 12.7812 1091 100.787 700.984 439.334
2529 0 87.2998 13.0012 1135 101.942 701.728 438.225
2530 0 90.2318 13.0774 1180 100.992 701.769 436.48
2531 1 47.304 12.1343 574 110.861 701.23 457.603
2532 0 48.3798 12.6086 610 105.049 701.185 457.226
2533 0 50.2471 13.1749 662 100.234 700.955 454.983
2534 0 52.2981 12.6391 661 103.791 701.123 454.613
2535 0 52.2384 13.3427 697 103.346 701.283 453.819
2536 0 54.1494 13.1119 710 100.093 701.461 453.204
2537 0 57.4125 12.8892 740 102.959 701.193 452.299
2538 0 58.2068 13.4005 780 102.109 701.258 451.824
2539 0 59.1818 13.1966 781 102.848 700.764 450.836
2540 0 61.1591 13.5712 830 107.033 701.498 450.057
2541 0 65.2057 13.0817 853 112.587 701.064 448.489
2542 0 67.1248 13.1397 882 108.548 701.008 447.28
2543 0 69.2034 13.2219 915 115.355 700.892 446.484
2544 0 71.1879 13.4995 961 115.497 701.025 445.744
2545 0 74.1885 13.277 985 113.403 700.751 445.273
2546 0 76.1517 13.4206 1022 118.672 700.947 443.321
2547 0 79.1178 13.9033 1100 111.276 700.922 442.57
2548 0 81.1359 13.8903 1127 103.23 701.476 441.572
2549 0 82.1074 14.0548 1154 114.206 701.932 440.94
2550 0 87.23 14.1121 1231 111.361 701.814 438.903
2551 0 91.2874 14.0545 1283 114.795 701.876 436.146
2552 0 95.1982 13.8448 1318 110.56 701.832 435.591
2553 0 97.1417 13.8046 1341 112.753 701.432 434.004
2554 1 53.0837 12.5651 667 116.202 700.931 454.81
2555 0 55.0825 12.7445 702 110.604 701.137 454.84
2556 0 57.0721 12.8259 732 113.925 701.092 454.205
2557 0 58.0395 12.7499 740 112.584 701.197 454.009
2558 0 60.0654 12.8693 773 120.806 701.336 452.561
2559 0 61.0812 12.4425 760 123.236 701.674 451.375
2560 0 64.0859 12.9514 830 120.257 701.611 449.599
2561 0 67.1087 12.7107 853 117.028 701.375 448.735
2562 0 69.1194 13.0788 904 130.345 701.561 447.3
2563 0 70.1133 12.9077 905 131.95 701.572 447.293
2564 0 73.078 12.9314 945 131.182 701.686 446.385
2565 0 75.1202 12.8993 969 128.857 701.528 444.927
2566 0 77.1048 13.1769 1016 128.601 701.598 443.393
2567 0 80.0838 13.4234 1075 126.477 701.658 442.603
2568 0 81.176 13.2921 1079 126.954 701.717 441.58
2569 0 84.0933 13.4256 1129 123.826 701.962 440.126
2570 0 88.069 13.5576 1194 117.785 701.214 438.317
2571 0 92.0997 13.6157 1254 116.962 701.896 436.184
2572 0 93.2438 13.5559 1264 122.155 701.504 435.343
2573 1 50.1771 12.137 609 118.273 702.092 457.248
2574 0 52.1175 12.4718 650 122.968 701.652 456.543
2575 0 53.0705 12.5117 664 116.175 701.964 456.389
2576 0 55.0446 12.717 700 113.039 702.309 455.681
2577 0 57.1246 12.4465 711 112.294 701.291 454.637
2578 0 58.0779 12.5349 728 122.102 701.423 454.35
2579 0 57.083 13.1738 752 121.459 701.078 454.097
2580 0 61.1693 12.8169 784 119.886 701.057 453.032
2581 0 64.0744 13.2971 852 34.3873 701.208 450.761
2582 0 65.101 12.7955 833 115.152 700.766 450.469
2583 0 67.1924 12.9181 868 111.452 701.108 449.994
2584 0 70.1417 13.1163 920 119.082 700.778 447.316
2585 0 72.2208 13.2787 959 111.697 700.664 446.898
2586 0 74.1311 13.1524 975 109.49 700.654 446.298
2587 0 78.2588 13.2509 1037 110.303 701.207 445.068
2588 0 79.1753 13.4259 1063 112.64 701.015 443.433
2589 0 83.309 12.8197 1068 105.785 700.967 441.913
2590 0 86.4099 13.3665 1155 124.526 700.802 440.862
2591 0 88.3526 13.0387 1152 111.49 700.773 440.092
2592 0 91.3958 13.2282 1209 112.707 701.698 438.69
2593 1 50.1164 11.5332 578 112.948 701.408 458.367
2594 0 51.1049 11.858 606 113.068 700.713 457.332
2595 0 54.0194 12.1438 656 112.37 701.46 456.023
2596 0 55.0158 12.2328 673 109.602 701.465 455.946
2597 0 57.0359 12.536 715 122.375 701.943 455.199
2598 0 58.0282 12.5284 727 125.307 701.499 453.491
2599 0 58.0766 13.0173 756 104.46 700.403 453.964
2600 0 62.1138 12.6703 787 104.714 701.078 452.794
2601 0 62.059 12.7459 791 107.576 700.975 453.003
2602 0 64.0557 12.9731 831 109.178 700.97 451.307
2603 0 66.0691 13.0621 863 109.681 701.343 450.06
2604 0 69.1202 12.6157 872 103.622 700.271 450.079
2605 0 68.0854 13.4243 914 100.895 700.933 448.911
2606 0 73.0885 13.2442 968 104.275 700.902 447.653
2607 0 75.0909 13.3438 1002 104.882 701 445.939
2608 0 77.0664 12.9239 996 106.608 701.187 445.791
2609 0 79.1632 13.3269 1055 106.557 701.412 444.388
2610 0 81.0987 13.1691 1068 110.845 700.758 444.14
2611 0 83.2085 13.1597 1095 101.644 700.752 443.659
2612 0 86.0662 13.3037 1145 101.314 701.151 441.574
2613 0 89.226 13.3369 1190 101.349 700.882 439.91
2614 0 91.1184 13.4221 1223 97.8389 700.724 438.608
2615 0 95.2143 13.3068 1267 104.098 701.152 437.266
2616 0 98.2403 13.1005 1287 104.391 700.808 435.611
2617 0 101.293 13.1401 1331 102.622 700.742 433.773
2618 1 54.1362 11.3048 612 107.358 700.792 457.608
2619 0 56.207 12.1871 685 107.274 701.184 456.601
2620 0 56.0633 13.021 730 107.295 701.307 456.677
2621 0 57.072 13.334 761 106.629 700.388 454.041
2622 0 60.0597 13.1702 791 98.9608 700.496 453.42
2623 0 62.0914 12.8681 799 97.6208 700.011 452.319
2624 0 65.0847 12.9063 840 106.72 699.699 450.681
2625 0 68.165 12.7925 872 108.787 700.099 450.252
2626 0 69.1337 13.1195 907 104.945 699.262 447.666
2627 0 71.1859 13.3734 952 105.346 699.287 448.636
2628 0 72.0779 13.2912 958 104.86 699.506 447.341
2629 0 75.1781 13.2352 995 107.57 699.249 446.433
2630 0 77.1026 13.6052 1049 110.194 699.495 445.949
2631 0 78.211 13.8472 1083 110.806 699.372 444.181
2632 0 83.1494 13.1931 1097 111.47 699.6 443.094
2633 0 86.0404 14.0864 1212 115.249 699.606 442.357
2634 0 89.1388 13.5519 1208 112.02 699.059 440.821
2635 0 91.1643 13.7883 1257 113.115 699.504 439.355
2636 0 94.1854 13.5902 1280 115.491 699.458 436.749
2637 0 97.2881 13.6707 1330 110.194 699.428 434.804
2638 0 100.204 13.8218 1385 114.532 699.69 433.547
2639 0 106.169 13.3278 1415 112.208 699.695 432.175
2640 0 108.14 13.6953 1481 118.237 699.456 429.086
2641 1 54.043 11.6574 630 118.87 700.043 455.784
2642 0 56.0793 11.983 672 121.629 700.161 455.519
2643 0 57.1216 13.1299 750 115.239 699.943 454.759
2644 0 59.1094 12.9252 764 117.107 700.156 454.507
2645 0 63.0456 12.8002 807 114.071 700.273 452.527
2646 0 65.0108 12.8748 837 108.478 699.915 452.026
2647 0 67.0437 12.8722 863 106.104 699.845 451.779
2648 0 68.0447 13.0503 888 106.911 700.141 450.222
2649 0 70.1048 13.1803 924 110.934 699.494 449.366
2650 0 74.0629 13.1105 971 117.834 699.255 447.67
2651 0 75.1295 13.1906 991 120.353 699.401 447.246
2652 0 77.0505 13.4587 1037 121.583 699.323 446.617
2653 0 80.0945 13.559 1086 118.82 698.615 446.165
2654 0 82.1075 13.4214 1102 112.214 699.374 444.283
2655 0 85.1004 13.7367 1169 106.839 699.228 441.354
2656 0 88.0849 13.2145 1164 117.502 698.573 441.826
2657 0 91.1576 13.2408 1207 113.007 698.436 440.953
2658 0 95.1231 13.5719 1291 114.722 698.528 437.879
2659 0 96.2558 13.568 1306 116.896 698.441 436.808
2660 0 98.2721 13.9307 1369 117.193 697.732 435.442
2661 1 52.3295 12.02 629 115.521 698.874 458.316
2662 0 54.3944 12.4461 677 116.889 699.25 457.198
2663 0 55.1935 12.4652 688 119.404 697.718 457.122
2664 0 57.0721 12.7733 729 117.358 697.958 456.225
2665 0 59.1313 12.6498 748 116.917 697.69 456.033
2666 0 61.0993 12.8152 783 117.419 697.931 455.522
2667 0 63.0769 13.1268 828 118.828 698.14 454.452
2668 0 66.1025 12.9496 856 114.787 698.457 453.702
2669 0 68.0552 12.6074 858 114.592 698.002 451.448
2670 0 71.0697 12.5511 892 114.465 697.243 450.141
2671 0 72.0471 13.1164 945 111.917 698.052 449.139
2672 0 73.1442 13.0838 957 111.625 697.28 447.644
2673 0 77.0736 12.8059 987 111.742 697.628 447.084
2674 0 80.0875 12.811 1026 108.372 697.648 445.512
2675 0 83.1069 12.6464 1051 111.01 698.026 445.105
2676 0 85.1586 12.7409 1085 103.741 697.86 443.023
2677 0 87.1506 12.8284 1118 110.872 697.895 442.552
2678 0 89.286 13.0704 1167 110.081 697.808 441.233
2679 0 93.2998 12.701 1185 107.86 698.042 439.387
2680 0 97.3276 12.8946 1255 106.847 697.866 437.83
2681 1 53.0821 11.3409 602 104.679 697.954 458.9
2682 0 54.1801 12.0339 652 109.035 698.814 458.462
2683 0 58.2071 11.9573 696 114.573 699.02 457.638
2684 0 60.1877 12.3779 745 101.345 699.048 457.619
2685 0 60.1362 12.3054 740 97.6716 698.099 457.07
2686 0 61.1421 12.7572 780 102.922 697.892 455.81
2687 0 64.0995 12.3402 791 101.708 697.78 454.046
2688 0 65.1088 12.7172 828 101.039 698.656 453.342
2689 0 68.1389 12.7974 872 97.4622 698.702 453.846
2690 0 70.1088 12.609 884 99.6109 698.809 452.669
2691 0 70.1044 12.9378 907 111.105 698.838 451.539
2692 0 74.1512 12.7577 946 101.608 698.847 450.647
2693 0 78.2576 12.7911 1001 97.3976 698.923 448.59
2694 0 81.2189 12.9403 1051 92.2988 698.924 448.067
2695 0 82.2008 12.6519 1040 99.3615 698.849 446.883
2696 0 86.2151 12.6428 1090 96.7486 698.536 445.765
2697 0 88.2045 12.6297 1114 97.2343 698.426 444.934
2698 0 90.3084 12.7895 1155 95.052 698.856 442.891
2699 0 95.4007 12.4737 1190 99.2975 698.459 441.412
2700 1 51.2214 11.1672 572 102.47 698.456 461.991
2701 0 53.3855 11.3139 604 96.149 698.283 461.176
2702 0 54.2245 11.895 645 95.8155 698.454 460.46
2703 0 55.1292 12.6249 696 92.4813 698.622 459.55
2704 0 59.1513 12.5441 742 91.1617 699.198 458.865
2705 0 58.1073 12.7523 741 99.0216 699 458.287
2706 0 62.2121 12.3931 771 92.0778 698.78 457.761
2707 0 65.063 12.7108 827 94.4208 699.016 456.653
2708 0 66.0922 12.6339 835 90.5497 698.513 455.534
2709 0 69.093 12.5194 865 100.024 699.028 453.905
2710 0 70.1987 13.1769 925 89.6681 698.743 452.986
2711 0 73.1496 12.9461 947 89.2724 698.736 451.488
2712 0 77.1283 12.9395 998 92.8136 698.444 449.848
2713 0 80.349 13.0058 1045 94.1943 698.42 448.587
2714 0 81.2602 13.2291 1075 92.2205 698.38 447.308
2715 0 85.197 13.0756 1114 89.5817 698.164 446.56
2716 0 86.3972 13.056 1128 86.7136 697.896 444.768
2717 0 88.3461 13.5829 1200 86.8158 697.829 443.473
2718 0 92.3283 13.4087 1238 92.7706 697.856 441.404
2719 0 94.3125 13.0205 1228 88.7875 697.768 439.818
2720 0 98.3383 12.8027 1259 84.5488 698.292 438.82
2721 0 101.358 12.7666 1294 89.6437 699.09 436.096
2722 0 105.272 12.8334 1351 90.6647 699.396 433.989
2723 1 57.0711 12.1428 693 96.6104 699.261 457.908
2724 0 59.0568 12.5303 740 92.1081 699.778 456.982
2725 0 62.0305 12.8485 797 97.4592 699.604 456.375
2726 0 63.1632 12.8081 809 95.1928 699.964 454.74
2727 0 65.0482 13.0672 850 94.1671 699.96 453.606
2728 0 67.1562 13.0591 877 92.9031 698.271 454.048
2729 0 69.2324 13.3463 924 90.3896 698.446 451.649
2730 0 70.3628 13.4872 949 84.6639 697.703 451.168
2731 0 74.2526 13.1982 980 86.6245 697.819 445.663
2732 0 76.2727 13.2551 1011 96.2512 697.824 445.361
2733 0 77.31 13.1419 1016 96.5492 698.461 445.686
2734 0 79.3146 13.2258 1049 95.1239 698.122 445.453
2735 0 82.4573 13.1705 1086 98.395 698.451 444.701
2736 0 84.3382 13.517 1140 102.204 698.366 444.532
2737 0 87.4669 13.4222 1174 96.2947 698.409 442.014
2738 0 90.5313 13.4318 1216 99.0329 698.471 440.919
2739 0 90.4173 13.6478 1234 98.4611 699.048 437.502
2740 0 96.5366 13.6943 1322 104.955 699.2 436.313
2741 0 97.6182 14.0548 1372 107.741 699.202 434.033
2742 0 99.5169 14.0881 1402 109.168 698.639 432.892
2743 0 104.531 14.0915 1473 107.64 698.66 429.835
2744 0 106.547 14.0877 1501 109.508 698.206 430.145
2745 0 110.532 14.1317 1562 105.284 698.661 427.716
2746 0 113.381 13.8735 1573 113.884 699.14 426.776
2747 0 119.52 14.0061 1674 112.139 698.519 424.628
2748 0 122.274 14.0013 1712 110.606 698.79 422.521
2749 0 125.61 13.9957 1758 110.329 698.527 420.387
2750 0 129.528 14.2672 1848 110.733 698.729 417.791
2751 0 134.508 13.6944 1842 110.079 699.331 416.601
2752 1 66.395 12.5612 834 106.866 699.03 450.169
2753 0 68.2414 13.0712 892 111.056 699.428 448.527
2754 0 70.2785 13.4892 948 106.632 699.025 448.869
2755 0 72.0545 13.5314 975 104.437 699.75 448.726
2756 0 75.0719 13.2406 994 101.909 699.752 447.351
2757 0 78.1696 13.4579 1052 100.958 699.16 446.922
2758 0 80.1791 13.6195 1092 102.53 699.175 446.701
2759 0 83.175 13.7662 1145 106.579 699.412 445.037
2760 0 84.0782 13.6302 1146 119.03 699.499 441.911
2761 0 88.0899 13.5316 1192 118.497 699.282 440.645
2762 0 90.1279 13.9801 1260 123.378 699.013 439.282
2763 0 93.1211 14.057 1309 119.088 699.203 436.04
2764 0 97.1529 13.9574 1356 116.946 698.44 435.269
2765 0 98.2198 13.653 1341 120.952 698.606 435.553
2766 0 104.358 15.4277 1610 115.12 698.681 430.245
2767 0 105.349 14.2479 1501 117.425 698.6 430.903
2768 0 108.569 14.1845 1540 116.852 698.768 430.522
2769 0 111.652 13.9989 1563 117.102 699.328 427.121
2770 0 114.46 14.1097 1615 119.596 699.106 426.074
2771 0 120.472 13.8787 1672 123.124 699.401 424.007
2772 0 125.421 13.5782 1703 124.393 699.627 420.816
2773 0 128.642 14.0157 1803 119.823 700.428 417.483
2774 0 128.642 14.0157 1803 171.254 702.428 417.483
2775 1 71.5263 12.6247 903 120.813 700.165 445.692
2776 0 73.3747 13.138 964 118.073 700.073 445.144
2777 0 76.3765 13.1323 1003 113.904 699.733 446.802
2778 0 79.6706 12.8027 1020 107.243 699.423 444.111
2779 0 81.3597 13.2867 1081 111.742 699.75 443.075
2780 0 85.427 13.0053 1111 111.946 699.349 441.358
2781 0 86.5669 13.1806 1141 113.764 699.327 440.174
2782 0 89.5989 13.0805 1172 112.085 699.691 438.426
2783 0 93.6152 13.0214 1219 111.023 699.687 436.832
2784 0 95.4607 12.7382 1216 111.3 699.702 435.498
2785 0 97.4871 13.3146 1298 111.455 699.974 433.328
2786 0 100.566 13.2153 1329 112.92 700.43 432.294
2787 0 104.571 12.776 1336 111.762 700.714 431.613
2788 0 107.788 12.7751 1377 115.876 701.203 429.689
2789 0 110.483 12.9793 1434 113.243 700.732 428.02
2790 0 115.587 13.0291 1506 107.42 700.525 426.141
2791 0 117.447 12.8228 1506 110.143 700.544 424.506
2792 1 62.1649 10.9708 682 111.955 699.843 450.928
2793 0 64.1573 11.6432 747 108.756 699.807 449.644
2794 0 65.1452 12.2189 796 105.337 699.58 449.574
2795 0 66.1607 13.0893 866 104.763 699.64 447.386
2796 0 71.1418 13.0303 927 102.537 701.042 446.806
2797 0 72.1283 13.0462 941 100.887 701.553 446.649
2798 0 74.1083 13.2104 979 100.568 701.622 445.247
2799 0 77.3 12.8331 992 107.057 701.186 443.438
2800 0 79.0944 13.2626 1049 116.269 700.926 442.116
2801 0 82.1943 12.7503 1048 111.802 701.189 441.982
2802 0 84.3382 13.4222 1132 113.893 701.653 439.557
2803 0 86.2034 13.2593 1143 106.561 702.164 438.773
2804 0 90.2875 13.1137 1184 106.997 701.856 436.907
2805 0 92.3295 13.1811 1217 107.111 701.234 435.725
2806 0 95.2563 13.4164 1278 105.206 701.608 433.952
2807 0 99.4536 12.9407 1287 111.623 701.62 432.81
2808 0 101.458 13.2863 1348 113.028 701.212 430.314
2809 0 104.491 13.5227 1413 113.367 700.901 427.699
2810 0 108.511 13.6944 1486 109.536 701.058 425.731
2811 0 112.434 13.4389 1511 107.651 701.322 424.916
2812 0 115.507 13.3845 1546 106.985 701.684 423.258
2813 1 62.2772 11.9787 746 118.105 701.004 449.808
2814 0 64.0659 12.6276 809 106.415 702.289 449.651
2815 0 65.1525 13.2765 865 98.2012 702.066 449.68
2816 0 69.2346 12.9704 898 98.2628 702.578 447.817
2817 0 70.3468 13.2202 930 94.4344 702.5 446.504
2818 0 72.3705 13.3618 967 95.8625 702.694 445.032
2819 0 76.3152 12.9725 990 98.9424 702.077 443.941
2820 0 77.2548 13.2678 1025 101.78 702.547 443.765
2821 0 80.3277 13.4698 1082 99.8678 702.493 442.137
2822 0 82.207 13.2349 1088 106.578 702.438 441.453
2823 0 85.2514 13.4778 1149 96.5013 702.547 439.593
2824 0 87.3551 13.2333 1156 102.022 702.216 438.214
2825 0 91.2331 13.3395 1217 97.1742 701.928 436.171
2826 0 92.1785 13.5932 1253 96.0088 702.271 433.639
2827 0 97.2163 13.6808 1330 112.38 702.545 432.96
2828 0 99.235 13.725 1362 99.6902 701.909 430.382
2829 0 102.332 13.4172 1373 103.422 700.939 429.692
2830 0 103.153 14.3573 1481 92.2593 700.413 422.568
2831 0 107.279 13.9915 1501 92.9714 700.682 426.782
2832 0 112.244 13.8805 1558 89.5379 700.253 425.118
2833 1 60.0705 12.0192 722 98.831 700.859 450.999
2834 0 63.1371 12.4491 786 89.0191 700.541 449.482
2835 0 65.1014 13.2409 862 86.4687 700.277 447.132
2836 0 66.203 12.7789 846 82.8452 699.741 446.414
2837 0 69.2234 12.9003 893 81.7816 699.737 445.272
2838 0 73.0389 13.2532 968 82.6994 700.335 439.726
2839 0 73.125 13.5658 992 82.7268 700.217 441.247
2840 0 77.0982 13.191 1017 83.824 700.71 440.434
2841 0 79.1655 13.617 1078 82.757 699.299 441.288
2842 0 82.1848 13.5183 1111 78.4906 699.903 440.1
2843 0 85.1639 13.6325 1161 81.9164 699.917 439.214
2844 0 86.0859 13.7189 1181 80.2235 700.796 437.301
2845 0 90.0856 13.6315 1228 80.8624 700.176 435.798
2846 0 93.1944 13.9815 1303 72.9816 699.859 432.718
2847 0 96.3016 13.8523 1334 77.2556 700.517 432.858
2848 0 99.2998 13.9577 1386 79.2201 699.815 431.004
2849 0 102.195 14.3157 1463 78.5113 699.366 427.729
2850 0 106.333 13.9562 1484 79.312 700.551 428.073
2851 0 108.426 14.1202 1531 78.9824 700.952 426.319
2852 0 111.269 14.0201 1560 82.1276 701.153 424.617
2853 0 114.367 14.6808 1679 82.2603 700.419 421.959
2854 1 58.1902 12.8028 745 88.8859 700.864 450.524
2855 0 63.1821 13.0417 824 83.8884 701.794 450.985
2856 0 64.1513 13.9514 895 83.7654 700.837 448.346
2857 0 67.4085 13.574 915 80.6678 700.645 447.272
2858 0 69.2362 13.5045 935 83.1209 700.95 446.959
2859 0 72.4011 13.4252 972 86.4609 701.056 444.794
2860 0 74.252 13.6697 1015 84.803 700.98 444.319
2861 0 78.2478 13.9812 1094 81.83 701.613 443.08
2862 0 81.2856 13.631 1108 80.0812 701.792 442.171
2863 0 82.3295 14.3448 1181 79.5301 701.838 440.234
2864 0 85.285 13.6601 1165 73.2103 701.225 439.179
2865 0 88.318 13.8024 1219 78.7884 701.533 438.349
2866 0 92.4712 13.5934 1257 79.292 701.796 436.927
2867 0 94.351 13.8419 1306 78.3737 701.95 435.744
2868 0 97.4016 13.6856 1333 78.6347 701.72 433.526
2869 0 99.4153 13.6196 1354 89.5399 701.237 432.154
2870 1 53.1128 12.6712 673 90.8024 700.698 454.345
2871 0 55.1389 12.8766 710 94.8451 701.069 451.541
2872 0 55.105 13.6285 751 89.3995 700.345 451.945
2873 0 58.1103 13.6981 796 93.5088 700.16 450.608
2874 0 61.1406 13.9351 852 88.9425 700.595 449.117
2875 0 63.098 13.693 864 93.6782 700.087 448.564
2876 0 65.2849 13.9389 910 98.3506 700.423 447.902
2877 0 67.2654 13.8258 930 101.258 701.21 446.658
2878 0 69.2142 14 969 96.5738 701.23 441.94
2879 0 70.4707 14.2896 1007 95.5631 701.502 443.784
2880 0 73.2353 14.1052 1033 93.0174 701.413 441.597
2881 0 76.3881 14.099 1077 95.8459 701.022 441.157
2882 0 79.2495 14.2083 1126 91.8659 700.916 439.857
2883 0 80.382 13.9584 1122 90.8414 700.993 437.914
2884 0 83.3509 14.313 1193 89.5071 700.674 434.925
2885 0 88.3055 13.8723 1225 89.3837 700.718 433.771
2886 0 91.385 13.7112 1253 82.0535 701.04 431.35
2887 0 93.4178 13.3808 1250 85.6392 700.962 429.83
2888 0 96.4238 13.6584 1317 84.1951 700.865 427.998
2889 1 50.1406 12.2855 616 84.5244 700.474 451.5
2890 0 51.0957 12.8582 657 85.6545 700.151 450.54
2891 0 53.0969 13.5224 718 84.8552 700.306 450.602
2892 0 54.1357 12.912 699 86.0072 700.096 450.784
2893 0 57.1668 12.9271 739 82.7456 699.97 449.566
2894 0 58.1116 13.2848 772 90.3731 700.174 447.939
2895 0 62.126 13.2473 823 88.6416 700.399 446.553
2896 0 62.3483 13.8416 863 84.6651 700.311 446.073
2897 0 67.1583 13.5054 907 84.376 700.483 443.303
2898 0 68.3717 13.7776 942 80.2346 700.592 440.872
2899 0 70.3006 13.6272 958 89.2474 700.334 442.263
2900 0 74.2026 13.4497 998 84.9599 700.404 440.91
2901 0 75.1768 13.8607 1042 94.2111 700.422 438.581
2902 0 77.4008 13.6691 1058 91.8176 700.433 438.288
2903 0 82.3072 13.4982 1111 89.8416 700.613 436.842
2904 0 83.3861 14.0311 1170 87.5538 700.394 435.186
2905 0 87.3412 13.4873 1178 87.8149 700.197 433.682
2906 0 91.2204 13.5606 1237 82.8254 700.301 432.877
2907 0 93.2383 13.6425 1272 85.022 699.974 431.875
2908 0 96.356 13.803 1330 85.3068 700.688 428.883
2909 0 101.396 13.7481 1394 91.0459 700.838 427.583
2910 0 103.281 13.6714 1412 84.5644 701.268 426.162
2911 0 107.457 13.5682 1458 100.058 701.144 424.536
2912 0 110.287 13.6643 1507 97.8573 701.449 422.889
2913 1 61.2254 12.0865 740 97.423 701.526 448.415
2914 0 63.204 12.6416 799 95.1427 701.468 446.421
2915 0 64.2549 13.1041 842 89.0214 701.7 445.432
2916 0 65.1028 12.9488 843 93.2254 701.084 445.888
2917 0 66.2316 13.2414 877 89.382 701.491 445.07
2918 0 70.3315 12.9672 912 87.8147 701.071 443.989
2919 0 71.1799 13.3746 952 78.9517 701.056 442.44
2920 0 75.4173 13.1535 992 77.4486 701.211 440.379
2921 0 76.3204 13.3254 1017 81.472 701.061 439.83
2922 0 80.4128 13.3312 1072 81.9813 701.148 438.293
2923 0 82.3374 13.2746 1093 87.1985 701.11 438.178
2924 0 85.2614 13.6052 1160 83.0147 701.232 435.677
2925 0 86.3776 13.9041 1201 81.6919 701.216 435.571
2926 0 89.4489 13.3596 1195 83.2192 700.845 435.203
2927 0 91.3858 13.536 1237 82.7049 701.028 433.479
2928 0 93.3162 13.7704 1285 83.3938 700.803 432.893
2929 0 97.1735 13.8206 1343 83.4989 700.917 431.244
2930 0 99.2929 13.7976 1370 84.7635 701.195 429.401
2931 0 103.338 13.78 1424 95.2992 700.95 428.329
2932 0 107.362 13.6827 1469 101.069 700.975 427.222
2933 0 109.323 13.986 1529 89.6508 701.424 426.192
2934 0 113.414 14.134 1603 86.9407 701.274 424.295
2935 1 63.2087 12.609 797 92.7478 700.849 449.551
2936 0 65.1082 12.6559 824 88.1541 700.466 450.706
2937 0 67.1322 13.034 875 88.4971 700.289 449.153
2938 0 69.1677 13.0118 900 87.1911 700.901 447.719
2939 0 71.2239 13.3101 948 90.1171 700.75 447.15
2940 0 74.1024 13.4274 995 92.4995 700.767 445.691
2941 0 76.1891 13.3746 1019 86.6555 700.562 444.371
2942 0 79.2722 13.7122 1087 88.5897 700.843 442.473
2943 0 82.3315 13.4092 1104 88.0018 700.839 441.107
2944 0 85.196 13.3927 1141 88.532 700.28 440.55
2945 0 88.2512 13.4049 1183 93.5968 700.198 439.697
2946 0 90.2939 13.1903 1191 95.728 701.069 440.172
2947 0 94.2544 13.3787 1261 91.0119 701.389 437.87
2948 0 96.1557 13.6341 1311 92.1541 701.479 435.567
2949 0 100.282 13.9706 1401 91.7587 702.086 434.25
2950 0 103.23 13.8622 1431 89.3075 702.098 433.031
2951 1 55.1586 12.0924 667 97.0315 701.168 456.76
2952 0 57.1927 12.7464 729 96.4115 701.265 456.407
2953 0 59.2356 13.2522 785 95.2815 701.013 454.971
2954 0 58.2244 13.2419 771 99.3865 701.114 454.101
2955 0 62.1322 13.0206 809 102.203 700.885 452.444
2956 0 63.2737 13.5127 855 100.275 701.26 451.071
2957 0 66.1501 13.4543 890 102.148 701.576 451.474
2958 0 69.2044 13.3951 927 102.206 701.738 448.899
2959 0 71.2073 13.2992 947 104.107 702.256 448.19
2960 0 75.1564 14.7426 1108 93.1922 701.688 445.483
2961 0 76.1462 15.3783 1171 96.3211 701.661 444.17
2962 0 75.1764 14.007 1053 101.104 700.97 444.519
2963 0 79.1939 13.8268 1095 98.7753 700.082 444.104
2964 0 81.2313 14.0217 1139 97.3345 700.871 443.362
2965 0 86.2365 13.892 1198 96.1686 699.732 441.316
2966 0 88.248 13.768 1215 91.9243 699.115 440.939
2967 0 90.3016 13.9975 1264 93.663 699.736 439.377
2968 0 94.4976 13.831 1307 90.9281 699.611 438.445
2969 0 97.2054 13.6412 1326 96.4917 699.716 435.86
2970 0 99.3124 13.7546 1366 90.8646 699.515 433.991
2971 0 102.356 13.9611 1429 92.6445 700.16 431.864
2972 1 55.0631 11.732 646 99.9644 698.409 454.577
2973 0 55.0729 12.6923 699 104.856 697.775 449.419
2974 0 56.266 12.4765 702 105.507 699.071 450.178
2975 0 56.2736 12.8302 722 107.295 699.087 454.18
2976 0 58.3243 12.8077 747 97.3829 699.273 453.371
2977 0 61.187 13.4179 821 96.1669 698.538 446.8
2978 0 62.2725 13.2964 828 98.2319 698.748 448.228
2979 0 64.1603 13.061 838 101.28 698.331 452.393
2980 0 65.0692 13.4933 878 96.5581 698.142 451.566
2981 0 67.1563 13.7887 926 100.974 697.835 449.553
2982 0 70.1161 13.9198 976 101.243 698.248 449.402
2983 0 71.1156 13.8929 988 94.331 697.399 449.329
2984 0 76.2179 13.5401 1032 98.8488 697.489 447.978
2985 0 78.2498 13.738 1075 97.2493 698.161 446.422
2986 0 80.3069 13.7846 1107 94.9494 698.04 444.755
2987 0 83.3344 13.8118 1151 94.3718 697.872 443.298
2988 0 85.3954 13.7244 1172 87.1297 697.958 441.369
2989 0 89.453 13.6384 1220 88.4516 698.48 440.119
2990 1 48.2003 12.0746 582 91.5395 698.765 459.888
2991 0 48.2141 12.5897 607 89.2652 699.476 460.54
2992 0 51.2313 13.3122 682 89.5455 699.748 460.284
2993 0 52.1544 13.6326 711 91.097 699.896 459.577
2994 0 56.1319 12.9873 729 90.5789 699.674 459.833
2995 0 56.115 13.6149 764 88.8416 698.942 458.089
2996 0 58.1585 13.8759 807 89.2367 699.849 457.478
2997 0 60.086 13.8302 831 84.7714 699.74 457.048
2998 0 63.1302 13.3375 842 88.5166 700.129 455.658
2999 0 66.3042 13.4381 891 85.8967 699.106 454.701
3000 0 67.2842 13.8814 934 83.9197 699.216 452.663
3001 0 69.2039 13.7564 952 86.2332 699.312 451.507
3002 0 71.3908 13.8813 991 86.1887 699.724 450.496
3003 0 73.2102 13.8096 1011 82.0119 699.954 450.346
3004 0 74.2082 14.1763 1052 83.6587 699.997 449.198
3005 0 76.3192 13.5484 1034 97.5087 699.837 447.179
3006 0 79.5016 13.3205 1059 98.7819 699.704 446.79
3007 0 82.4172 13.6865 1128 98.3679 699.88 443.979
3008 0 83.3779 13.8046 1151 93.5786 700.474 443.368
3009 0 86.4204 13.8972 1201 99.9825 700.447 441.926
3010 0 88.3798 13.838 1223 96.9027 700.526 441.343
3011 0 91.4176 13.8595 1267 97.3157 700.129 441.599
3012 1 50.1946 12.1527 610 97.2377 699.769 459.513
3013 0 54.1016 11.9775 648 95.5123 700.042 458.691
3014 0 55.2884 12.4258 687 104.729 699.911 457.512
3015 0 56.1607 12.9806 729 91.2689 699.833 457
3016 0 59.0991 13.1136 775 97.1381 700.104 456.481
3017 0 59.1818 14.0077 829 96.3148 699.966 455.317
3018 0 63.1303 13.7969 871 101.527 700.262 453.542
3019 0 65.2145 13.9233 908 104.215 700.596 452.278
3020 0 67.1613 14.0259 942 100.707 700.653 450.624
3021 0 69.1707 14.4714 1001 98.4126 701.125 449.504
3022 0 72.1936 14.4334 1042 96.5749 700.83 448.369
3023 0 75.3972 14.3374 1081 101.374 701.048 447.555
3024 0 77.2411 14.6554 1132 108.79 701.064 446.364
3025 0 80.5198 14.4809 1166 107.791 700.797 443.89
3026 0 84.3361 14.6082 1232 107.438 700.702 442.461
3027 0 84.3305 14.455 1219 101.388 700.885 441.739
3028 0 87.5192 14.3511 1256 104.681 700.435 440.832
3029 0 91.3716 14.4684 1322 103.918 700.32 439.39
3030 0 94.312 14.8125 1397 103.586 700.376 438.263
3031 0 98.348 15.1808 1493 98.0871 700.457 435.332
3032 0 101.371 14.3828 1458 102.787 701.394 436.737
3033 0 104.385 14.9639 1562 108.442 701.03 433.865
3034 0 106.256 15.0391 1598 104.399 701.265 432.002
3035 0 110.32 14.5486 1605 102.307 701.487 430.127
3036 0 115.4 14.9047 1720 100.149 701.51 426.921
3037 0 120.36 14.897 1793 93.2783 701.738 424.658
3038 0 125.197 14.7208 1843 98.6679 701.543 421.716
3039 1 67.1178 13.9456 936 101.209 701.591 450.385
3040 0 69.1279 14.3502 992 110.841 701.457 448.992
3041 0 72.1996 15.0139 1084 104.516 702.134 446.041
3042 0 76.1116 14.6364 1114 112.691 701.996 445.918
3043 0 78.1984 14.9108 1166 112.051 701.914 444.978
3044 0 79.3742 14.8033 1175 112.945 701.557 444.044
3045 0 85.3151 16.1988 1382 97.5427 701.531 441.594
3046 0 85.2596 15.0716 1285 107.658 702.044 441.747
3047 0 87.1961 15.3447 1338 108.016 702.324 439.832
3048 0 91.3272 15.1981 1388 100.78 702.33 438.614
3049 0 95.2155 15.2601 1453 96.7226 702.91 436.817
3050 0 97.2649 15.3704 1495 101.748 702.571 435.215
3051 0 99.2563 15.6363 1552 104.86 702.035 434.074
3052 0 104.297 15.3217 1598 102.222 701.952 432.66
3053 0 108.382 15.4177 1671 97.8456 701.999 429.799
3054 1 56.2161 14.7467 829 106.311 701.614 454.426
3055 0 57.0743 15.3309 875 113.406 701.149 453.12
3056 0 60.2269 15.4582 931 107.695 701.116 451.291
3057 0 63.071 15.4746 976 105.308 701.086 451.43
3058 0 64.3221 15.7333 1012 110.028 701.795 450.015
3059 0 67.1946 16.6234 1117 110.069 701.895 447.901
3060 0 69.2547 15.4213 1068 115.718 701.811 448.029
3061 0 72.1318 16.6501 1201 108.773 701.663 445.924
3062 0 74.4203 15.6275 1163 110.18 701.79 444.752
3063 0 76.2755 15.9422 1216 111.854 701.755 444.032
3064 0 78.2215 15.9803 1250 114.907 702.39 443.996
3065 0 83.4198 15.1283 1262 108.068 702.424 442.931
3066 0 85.4806 15.2783 1306 120.531 702.259 442.196
3067 0 89.3472 15.6468 1398 114.272 702.132 440.797
3068 1 45.2337 14.812 670 116.601 701.739 460.718
3069 0 46.2616 15.9528 738 29.7168 701.503 459.547
3070 0 48.2146 16.1984 781 98.6991 701.029 458.818
3071 0 50.1174 15.8029 792 120.987 700.758 457.923
3072 0 52.3353 15.7446 824 124.771 700.974 457.368
3073 0 54.2085 15.6249 847 122.732 700.439 456.802
3074 0 56.2457 15.8945 894 119.851 700.786 455.697
3075 0 58.2376 15.8317 922 118.397 700.864 454.61
3076 0 60.3994 16.0929 972 118.458 701.254 454.12
3077 0 62.3993 15.7854 985 116.869 700.538 454.102
3078 0 63.1813 16.1757 1022 115.138 700.037 453.142
3079 0 64.2883 16.5971 1067 102.006 700.38 451.746
3080 0 67.2014 16.6366 1118 115.477 699.737 450.411
3081 0 70.209 16.5221 1160 118.157 699.706 449.604
3082 0 73.3034 16.2339 1190 113.834 699.874 448.655
3083 0 75.1533 16.5661 1245 116.354 699.957 446.867
3084 0 76.1361 16.418 1250 112.014 699.655 445.633
3085 0 80.4309 15.8894 1278 117.211 700.199 445.788
3086 1 38.2595 15.4472 591 126.557 699.697 464.995
3087 0 41.1562 15.016 618 121.532 699.608 463.725
3088 0 42.1844 15.4322 651 121.825 699.333 464.049
3089 0 44.1685 15.4182 681 116.767 699.56 463.17
3090 0 45.241 15.6274 707 116.369 699.1 462.27
3091 0 47.2242 15.6488 739 111.004 699.23 461.719
3092 0 47.2086 16.2682 768 115.767 698.874 461.242
3093 0 49.1038 15.8644 779 128.56 698.454 461.322
3094 0 52.3777 15.8846 832 142.141 698.323 459.633
3095 0 52.3629 16.0801 842 143.787 698.232 458.818
3096 0 53.2471 16.3953 873 141.026 698.296 458.867
3097 0 57.2994 16.0386 919 130.229 698.197 457.603
3098 0 58.2733 16.3025 950 116.314 698.28 457.103
3099 0 60.5053 16.0317 970 119.489 699.045 457.021
3100 0 62.3549 16.5023 1029 134.599 699.649 455.702
3101 0 63.3491 16.5432 1048 133.561 699.565 454.473
3102 0 66.4798 15.8394 1053 131.871 699.787 454.051
3103 0 67.3017 16.7455 1127 133.665 699.475 452.885
3104 0 70.2953 16.701 1174 134.233 699.23 451.876
3105 0 71.2629 17.0215 1213 129.657 699.351 450.158
3106 0 73.2477 16.9971 1245 129.706 699.378 447.518
3107 0 77.2577 16.775 1296 135.028 699.411 447.855
3108 0 79.3235 16.9937 1348 134.923 699.204 446.875
3109 0 81.1214 16.6047 1347 135.347 698.679 445.601
3110 0 86.3501 16.3752 1414 130.117 699.219 443.081
3111 0 88.2469 16.9298 1494 128.726 698.984 441.272
3112 0 93.2022 16.8773 1573 120.636 699.158 439.244
3113 0 96.1949 17.1735 1652 119.531 699.271 437.953
3114 0 101.194 16.8785 1708 128.552 699.704 435.024
3115 0 105.249 16.7412 1762 120.865 700.167 434.913
3116 1 54.1857 15.1516 821 177.167 699.471 457.667
3117 0 55.1253 15.6371 862 172.926 699.078 456.063
3118 0 58.1824 15.7264 915 178.326 698.262 455.438
3119 0 60.3281 16.1782 976 170.275 699.448 454.399
3120 0 62.1692 15.7473 979 172.534 698.943 453.745
3121 0 63.2384 16.0187 1013 176.548 699.126 452.198
3122 0 65.1713 16.2802 1061 169.303 698.653 451.328
3123 0 68.3118 15.8099 1080 170.28 699.268 450.511
3124 0 70.1998 15.983 1122 170.445 698.931 449.514
3125 0 71.178 16.3955 1167 166.614 699.294 447.796
3126 0 75.2515 15.8668 1194 150.21 698.74 446.428
3127 0 77.2443 16.3248 1261 150.852 699.168 445.566
3128 0 77.2611 16.606 1283 147.429 699.213 444.944
3129 0 81.2123 16.032 1302 145.412 699.969 443.217
3130 0 84.1293 16.332 1374 148.582 699.684 441.204
3131 0 88.1801 16.1488 1424 142.67 699.862 440.324
3132 0 90.3965 16.5382 1495 140.823 700.205 438.677
3133 0 95.3704 16.3678 1561 137.426 700.555 435.96
3134 0 98.4872 16.1645 1592 145.925 701.057 433.923
3135 1 54.291 14.5144 788 150.901 701.022 456.404
3136 0 55.1308 15.2184 839 146.203 701.533 454.454
3137 0 59.1754 14.9555 885 145.849 701.507 453.16
3138 0 60.3206 15.4673 933 126.24 701.55 452.444
3139 0 63.1515 15.249 963 124.197 701.027 450.368
3140 0 66.2173 15.0716 998 129.515 702.144 449.598
3141 0 68.3309 15.0884 1031 134.685 702.063 448.27
3142 0 70.2605 15.5137 1090 130.794 702.049 446.499
3143 0 73.3287 15.3692 1127 137.427 701.549 445.949
3144 0 75.3357 15.2517 1149 142.265 701.27 444.419
3145 0 76.1646 16.018 1220 136.035 701.699 442.607
3146 0 80.3711 15.5653 1251 133.354 701.639 441.568
3147 0 82.6311 15.5632 1286 133.212 701.382 440.684
3148 0 84.4552 15.6414 1321 121.927 701.123 439.032
3149 0 90.5826 15.4555 1400 124.157 701.496 437.917
3150 0 92.242 15.3726 1418 119.118 701.224 435.795
3151 0 95.6835 15.2586 1460 112.249 701.328 433.921
3152 0 98.4782 15.4958 1526 115.445 700.557 433.429
3153 0 101.788 15.2966 1557 114.557 701.037 431.556
3154 0 105.603 15.6814 1656 106.978 701.344 428.739
3155 0 109.471 15.6479 1713 113.068 701.499 427.102
3156 0 115.534 15.2336 1760 113.589 701.364 425.049
3157 1 58.6905 14.8235 870 119.008 701.193 451.463
3158 0 62.5926 14.5544 911 119.047 701.496 449.418
3159 0 66.3468 14.4996 962 119.105 701.444 448.785
3160 0 67.5538 14.6994 993 121.798 701.245 446.567
3161 0 71.5512 14.6189 1046 114.177 701.523 445.708
3162 0 74.6895 14.741 1101 115.129 701.658 442.416
3163 0 76.5015 15.0585 1152 122.833 701.335 440.566
3164 0 77.485 14.6093 1132 127.768 701.411 438.764
3165 0 80.5263 14.5046 1168 127.738 701.089 437.416
3166 0 84.7235 14.5414 1232 124.479 701.465 436.137
3167 0 86.8743 14.6649 1274 122.844 700.838 433.478
3168 0 90.64 14.3976 1305 113.899 701.211 432.869
3169 0 94.5242 14.1445 1337 128.5 701.323 430.562
3170 0 97.7714 13.9714 1366 121.743 701.264 430.277
3171 1 55.107 13.4647 742 123.802 700.962 449.892
3172 0 57.9882 13.7959 800 128.161 700.918 449.33
3173 0 58.845 13.765 810 127.51 700.575 448.152
3174 0 60.6803 14.2386 864 122.475 700.588 446.708
3175 0 61.5883 14.0124 863 127.729 700.863 446.51
3176 0 62.707 14.3844 902 121.884 700.642 445.478
3177 0 66.1854 14.5198 961 118.93 700.648 443.602
3178 0 69.1474 14.4474 999 116.385 700.506 442.796
3179 0 70.7622 14.0188 992 116.165 700.31 441.306
3180 0 73.8988 14.5199 1073 120.419 699.852 440.412
3181 0 75.9211 14.0936 1070 123.085 699.603 439.487
3182 0 79.822 14.0062 1118 118.733 699.75 437.409
3183 0 82.9132 14.075 1167 121.38 699.168 436.355
3184 0 86.0188 13.8342 1190 133.006 699.033 434.359
3185 0 91.2866 14.2737 1303 128.008 699.07 432.196
3186 1 52.1936 12.7793 667 129.664 698.798 450.888
3187 0 53.1641 12.9787 690 127.891 698.652 450.059
3188 0 55.8796 13.2249 739 124.797 698.237 449.245
3189 0 56.042 13.6862 767 123.926 698.184 448.37
3190 0 57.1216 13.6726 781 117.58 697.866 447.882
3191 0 62.1792 12.9465 805 120.236 698.072 446.888
3192 0 63.2462 13.1708 833 119.223 698.145 446.499
3193 0 65.3467 13.3289 871 114.902 697.651 446.101
3194 0 67.3019 13.4469 905 120.102 697.994 444.661
3195 0 70.4271 13.0206 917 120.337 698.418 442.55
3196 0 72.1941 13.6299 984 128.601 697.851 441.898
3197 0 73.1802 13.5282 990 131.335 698 440.419
3198 0 75.9979 13.6451 1037 134.75 697.911 439.11
3199 0 78.176 13.8406 1082 129.691 697.664 438.707
3200 0 81.0714 13.6423 1106 131.332 697.813 438.307
3201 0 83.9737 14.1354 1187 119.988 698.094 436.484
3202 0 86.1631 13.9271 1200 124.424 697.795 434.782
3203 0 88.8684 14.0657 1250 126.909 697.493 434.429
3204 0 92.2382 13.9855 1290 137.307 697.753 433.043
3205 0 93.0661 14.2802 1329 141.398 697.852 432.047
3206 0 98.0688 14.6224 1434 136.05 697.753 429.792
3207 0 99.9479 13.8872 1388 136.228 697.966 429.321
3208 0 102.965 14.5584 1499 135.685 698.079 427.289
3209 0 107.05 13.9467 1493 137.939 698.038 425.493
3210 0 110.898 13.7874 1529 132.145 698.303 424.359
3211 0 112.917 13.718 1549 140.134 698.234 422.789
3212 0 114.798 14.0421 1612 133.197 698.042 420.794
3213 0 118.93 14.0335 1669 134.809 697.971 418.7
3214 1 68.6726 11.8825 816 134.134 697.642 443.466
3215 0 69.842 12.6428 883 138.806 698.012 442.405
3216 0 74.6521 12.7659 953 122.395 697.524 440.733
3217 0 75.8431 12.7368 966 118.322 697.63 438.321
3218 0 76.8924 13.0312 1002 115.845 697.84 438.508
3219 0 81.7189 12.9468 1058 120.26 697.718 437.748
3220 0 83.6009 13.0023 1087 120.167 697.675 436.103
3221 0 86.7008 13.0679 1133 148.409 697.337 433.943
3222 0 87.5594 13.4994 1182 140.681 697.483 432.794
3223 0 92.6767 13.3043 1233 138.6 698.036 431.894
3224 0 95.5869 13.6316 1303 118.207 697.744 429.966
3225 0 98.6116 13.6292 1344 116.99 697.972 428.485
3226 0 100.672 13.3304 1342 113.662 698.133 427.057
3227 0 104.659 13.6157 1425 116.967 698.34 426.046
3228 0 107.537 13.6047 1463 116.591 698.204 423.975
3229 0 110.494 13.6206 1505 114.993 698.325 422.844
3230 0 112.443 14.1138 1587 116.64 698.276 421.963
3231 0 115.447 13.7033 1582 116.326 698.465 419.699
3232 0 120.594 13.7403 1657 115.839 698.409 417.732
3233 0 123.466 13.696 1691 112.767 698.944 416.404
3234 0 125.29 13.9038 1742 116.99 698.988 414.362
3235 0 132.557 13.8582 1837 118.661 699.505 411.837
3236 0 136.519 14.0859 1923 117.35 700.025 408.993
3237 0 141.744 13.7572 1950 127.939 699.807 405.585
3238 0 145.668 14.0868 2052 120.154 699.884 404.016
3239 1 89.3619 12.2535 1095 122.595 699.525 432.787
3240 0 91.39 12.7913 1169 123.497 699.677 431.061
3241 0 95.1667 12.8301 1221 116.966 699.93 429.238
3242 0 98.4356 12.8409 1264 119.911 700.274 427.768
3243 0 101.218 13.0708 1323 116.267 700.521 425.078
3244 0 103.308 13.2613 1370 117.912 700.618 422.64
3245 0 108.209 13.3908 1449 119.902 700.774 421.186
3246 0 112.283 13.1899 1481 119.258 700.767 418.93
3247 0 114.363 13.3435 1526 114.529 700.723 417.328
3248 0 116.241 13.343 1551 115.481 701.952 415.075
3249 0 121.433 13.1595 1598 115.795 701.655 412.653
3250 0 123.318 13.3557 1647 111.405 702.278 410.284
3251 0 129.62 13.6553 1770 112.743 702.059 407.658
3252 0 132.301 13.5751 1796 110.497 702.225 406.882
3253 0 137.39 13.56 1863 108.841 702.554 405.822
3254 0 140.51 13.4794 1894 109.653 702.513 403.057
3255 0 144.372 13.4236 1938 112.834 702.302 399.884
3256 0 147.246 13.7728 2028 110.165 702.356 397.505
3257 0 151.404 13.9032 2105 106.606 701.972 396.605
3258 0 157.388 13.5016 2125 115.025 701.772 393.38
3259 0 162.349 13.8899 2255 109.575 701.964 390.657
3260 0 167.591 13.8611 2323 123.875 702.215 387.882
3261 0 172.41 14.4017 2483 128.887 702.671 383.984
3262 0 179.271 13.6832 2453 129.008 701.98 382.852
3263 0 184.341 14.126 2604 115.389 701.677 378.512
3264 0 191.37 13.9103 2662 113.255 702.014 377.303
3265 0 198.317 15.6467 3103 106.671 702.977 369.763
3266 0 202.283 14.2029 2873 116.91 701.976 369.975
3267 0 210.364 14.8219 3118 112.277 702.286 365.888
3268 0 216.418 14.0931 3050 122.279 702.184 364.889
3269 1 125.25 12.0879 1514 115.954 701.656 408.026
3270 0 129.373 12.5606 1625 115.075 701.773 406.116
3271 0 133.219 13.3765 1782 112.047 701.815 403.652
3272 0 139.36 12.5789 1753 111.234 701.402 401.971
3273 0 144.237 13.2282 1908 108.601 701.663 399.01
3274 0 149.26 12.9304 1930 107.328 701.845 397.452
3275 0 150.246 13.4712 2024 105.499 701.951 395.164
3276 0 158.219 13.3359 2110 107.372 702.264 392.19
3277 0 162.334 12.9917 2109 101.858 702.366 391.05
3278 0 167.29 13.3122 2227 103.508 702.165 388.874
3279 0 170.286 13.3775 2278 100.673 702.013 386.403
3280 0 176.231 14.4867 2553 95.823 702.349 381.728
3281 0 182.143 13.5718 2472 111.328 702.105 380.469
3282 0 187.341 13.462 2522 105.852 701.77 376.759
3283 0 194.441 13.6031 2645 115.016 701.606 373.654
3284 0 201.377 13.7304 2765 108.745 701.38 371.306
3285 1 133.249 11.6924 1558 102.33 701.134 407.911
3286 0 135.33 11.7786 1594 113.055 700.784 406.324
3287 0 138.268 11.9984 1659 109.607 700.805 403.977
3288 0 143.26 12.1248 1737 115.242 700.581 401.303
3289 0 147.266 12.182 1794 113.007 700.886 398.714
3290 0 152.343 12.0058 1829 118.509 700.724 397.623
3291 0 157.313 12.3194 1938 115.186 700.719 394.544
3292 0 162.308 12.8829 2091 118.25 700.451 392.471
3293 0 167.275 12.3748 2070 124.655 700.732 390.786
3294 0 172.284 12.671 2183 118.518 700.771 386.954
3295 0 176.128 12.5647 2213 126.026 700.378 384.176
3296 0 183.307 13.1364 2408 116.182 700.544 381.949
3297 0 186.257 12.7351 2372 119.78 700.036 378.289
3298 0 192.234 13.0778 2514 111.736 699.901 377.164
3299 0 197.246 13.07 2578 108.988 699.739 374.502
3300 0 205.239 13.5111 2773 106.922 699.462 370.596
3301 0 211.301 13.3743 2826 103.539 699.4 366.292
3302 0 217.524 13.8054 3003 109.229 699.5 363.258
3303 0 224.523 13.8338 3106 123.971 699.719 358.719
3304 0 229.395 13.2436 3038 124.996 699.255 354.569
3305 0 236.512 13.0184 3079 127.486 699.006 351.268
3306 0 243.567 13.4172 3268 123.74 699.14 345.824
3307 0 249.716 13.0028 3247 129.835 699.524 342.787
3308 0 259.58 13.7068 3558 123.131 699.343 336.991
3309 1 75.1309 5.37728 404 92.2772 697.95 453.955
3310 0 76.1268 5.81924 443 88.8691 698.673 453.589
3311 0 77.4448 5.26827 408 84.1176 699.162 454.831
3312 0 78.1096 6.95177 543 86.6961 699.799 447.908
3313 1 107.244 8.31749 892 90.7466 699.322 432.017
3314 0 110.113 8.86358 976 86.2941 699.151 429.642
3315 0 116.414 8.95079 1042 83.2505 699.988 426.978
3316 0 120.053 9.37923 1126 79.5577 699.634 423.433
3317 0 123.286 9.15758 1129 75.0655 700.462 423.124
3318 0 126.127 9.10194 1148 84.3397 699.913 421.241
3319 0 133.11 9.99175 1330 78.9917 700.102 415.758
3320 0 166.03 10.8294 1798 71.7931 699.866 391.882
3321 1 94.4828 12.1715 1150 57.993 698.342 436.755
3322 0 89.7624 11.9204 1070 66.0533 699.222 439.852
3323 0 83.2927 12.6061 1050 69.7467 698.966 439.848
3324 0 162.723 9.8081 1596 86.0269 699.554 399.123
3325 1 80.1882 10.5627 847 78.8276 700.848 440.881
3326 0 81.2472 10.068 818 91.544 699.474 442.275
3327 0 83.2294 9.92438 826 89.247 699.305 440.893
3328 0 85.2488 10.0647 858 82.8566 699.435 439.425
3329 0 87.2058 10.2745 896 87.3493 699.621 438.295
3330 0 90.2578 9.84956 889 87.604 699.811 437.856
3331 0 91.1822 11.1535 1017 87.0836 700.982 436.142
3332 0 96.3326 11.0139 1061 85.0924 700.856 434.549
3333 0 97.3117 10.9237 1063 81.6416 701.046 432.636
3334 0 100.156 10.893 1091 84.6407 700.774 431.914
3335 0 102.276 11.5472 1181 81.3124 700.975 432.933
3336 0 104.207 11.1125 1158 86.93 701.091 432.109
3337 0 105.279 11.3793 1198 87.3247 700.837 430.472
3338 0 107.205 11.436 1226 85.9078 701.281 430.76
3339 0 108.181 11.8782 1285 85.2724 701.41 430.01
3340 0 108.14 11.8458 1281 90.4785 701.445 428.61
3341 0 112.163 11.9647 1342 104.326 701.411 426.886
3342 0 112.281 12.157 1365 101.319 701.468 426.49
3343 0 112.221 12.2882 1379 103.993 701.387 425.574
3344 0 113.302 12.4005 1405 107.507 701.608 424.157
3345 0 116.249 12.327 1433 108.839 701.49 424.837
3346 0 116.326 12.5424 1459 109.095 701.632 423.022
3347 0 116.245 12.5339 1457 114.967 701.412 422.684
3348 0 120.348 12.2395 1473 107.906 701.413 421.934
3349 0 120.441 12.5124 1507 103.328 701.313 420.885
3350 0 120.301 12.6932 1527 102.033 701.344 420.319
3351 0 120.343 12.2068 1469 100.025 701.754 419.89
3352 0 121.337 12.8567 1560 94.6699 701.708 420.465
3353 0 123.362 12.4025 1530 97.6085 701.842 419.349
3354 0 124.291 12.5995 1566 98.8065 701.71 417.713
3355 0 127.397 12.3473 1573 93.679 700.723 417.541
3356 0 126.332 12.76 1612 93.7965 700.739 417.211
3357 0 126.403 12.2782 1552 93.8847 701.225 417.874
3358 0 125.328 12.7106 1593 92.6717 700.91 416.925
3359 0 127.474 12.4888 1592 90.0923 700.931 416.867
3360 0 128.406 12.2969 1579 105.509 701.107 417.153
3361 0 128.621 12.5174 1610 113.526 701.209 415.688
3362 0 128.543 12.2449 1574 114.639 701.21 415.731
3363 0 129.473 12.7595 1652 110.972 701.208 414.836
3364 0 125.475 12.5124 1570 113.206 701.267 416.073
3365 0 127.563 12.1743 1553 115.078 701.185 415.896
3366 0 127.452 12.4439 1586 115.602 701.229 414.868
3367 0 127.429 12.7129 1620 120.841 701.59 414.131
3368 0 127.328 12.8644 1638 121.219 701.612 414.888
3369 0 128.415 12.1559 1561 115.619 701.586 416.94
3370 0 129.604 12.6153 1635 124.345 701.726 415.184
3371 0 129.582 13.0805 1695 115.274 701.775 414.768
3372 0 130.39 12.8921 1681 117.111 701.973 414.824
3373 0 130.433 12.6579 1651 119.75 702.251 413.597
3374 0 130.606 12.687 1657 118.031 701.937 413.885
3375 0 131.447 12.2787 1614 120.548 701.798 413.888
3376 0 134.494 12.7589 1716 120.125 701.729 413.453
3377 0 133.46 12.9552 1729 116.407 701.721 412.718
3378 0 133.696 12.7378 1703 120.45 701.261 412.95
3379 0 133.713 12.6091 1686 125.989 701.632 413.255
3380 0 133.491 12.9821 1733 117.216 701.586 413.062
3381 0 130.599 12.9174 1687 109.755 701.483 412.992
