time division length width area intensity CMx CMy
0 0 38.0364 9.99044 380 60.0316 1222.2 520.879
1 0 40.0517 11.585 464 56.5905 1222.16 523.039
2 0 41.034 12.4287 510 56.8745 1222.72 520.606
3 0 41.034 12.4531 511 134.787 1222.73 520.585
4 0 44.1016 11.3601 501 56.9042 1221.71 521.553
5 0 44.031 12.0824 532 56.8872 1222.24 520.318
6 0 45.0251 12.3709 557 55.9408 1221.87 521.038
7 0 45.0577 12.4951 563 55.8917 1221.47 521.325
8 0 47.0426 11.479 540 56.9056 1221.24 521.526
9 0 49.0778 11.4512 562 56.0694 1222.08 521.19
10 0 48.0421 10.6781 513 57.848 1221.19 520.587
11 0 49.0539 11.1918 549 56.7486 1221.48 521.175
12 0 51.1448 12.3962 634 55.683 1221.66 519.147
13 0 51.144 11.7511 601 56.7404 1221.18 518.097
14 0 52.1512 11.6776 609 56.8227 1220.4 519.095
15 0 51.0599 10.4191 532 58.6391 1220.82 517.169
16 0 53.1423 11.6103 617 57.1199 1220.66 518.635
17 0 52.1029 11.3045 589 58.4567 1220.36 518.589
18 0 53.1281 12.2346 650 56.7723 1220.33 519.997
19 0 54.0468 10.1209 547 59.9982 1219.97 516.13
20 0 57.1917 10.5785 605 59.0066 1220.37 517.836
21 0 57.1407 12.3905 708 57.8023 1220.02 515.556
22 0 58.1118 10.9444 636 59.5346 1220.43 513.091
23 0 60.1141 12.1103 728 58.1484 1220.35 514.249
24 0 62.1703 12.3532 768 58.1276 1220.88 513.28
25 0 62.105 12.5755 781 58.5903 1220.74 511.594
26 0 64.2058 12.5067 803 58.0946 1220.94 514.736
27 0 64.1468 12.1596 780 59.6513 1220.82 512.486
28 0 67.0901 11.328 760 59.5816 1220.7 514.151
29 0 68.1256 12.0219 819 59.7314 1220.97 510.746
30 0 68.0967 11.2047 763 60.9292 1220.6 511.003
31 0 72.1771 10.8345 782 61.1151 1221.47 510.187
32 0 74.1481 11.3826 844 60.7796 1220.71 509.347
33 0 75.1135 11.902 894 60.8602 1221.19 510.654
34 0 75.2355 10.4472 786 63.6158 1222.34 507.461
35 0 76.142 12.1746 927 61.9353 1222.27 508.394
36 0 80.1134 10.9345 876 62.9658 1222.52 509.918
37 0 80.1863 13.4312 1077 61.7252 1222.03 504.103
38 0 84.1462 12.3476 1039 62.5929 1222.68 506.139
39 0 85.0835 13.1048 1115 61.2099 1222.01 507.943
40 0 87.1168 12.2824 1070 63.0794 1222.46 505.402
41 0 91.0509 11.51 1048 63.0363 1222.18 506.985
42 0 91.2338 11.9802 1093 63.473 1222.25 506.488
43 0 88.1293 10.0761 888 66.3412 1222.71 505.571
44 0 95.1582 12.1587 1157 64.5169 1222.38 500.968
45 0 98.1351 13.94 1368 62.78 1222.47 498.768
46 0 100.196 12.7949 1282 64.6872 1222.29 496.239
47 0 105.39 13.0279 1373 64.0415 1222.4 498.034
48 0 108.281 12.6892 1374 64.7009 1223.01 498.551
49 0 110.232 13.5441 1493 65.0422 1222.34 495.262
50 1 57.0291 12.3972 707 67.5092 1222.45 518.034
51 0 58.0787 11.9321 693 68.57 1222.96 519.104
52 0 60.0318 11.6105 697 69.571 1222.16 516.716
53 0 64.0387 14.7567 945 65.0508 1222.57 517.753
54 0 64.0269 13.9004 890 67.6989 1222.56 515.615
55 0 67.0548 11.8112 792 71.3447 1222.53 514.58
56 0 67.0451 12.2753 823 71.6756 1222.68 514.605
57 0 67.0917 12.9673 870 72.4241 1222.94 512.063
58 0 72.0526 13.7122 988 71.2115 1222.33 511.623
59 0 74.0997 15.8165 1172 68.1109 1222.69 511.181
60 0 74.0691 12.2048 904 74.6615 1222.48 509.364
61 0 78.1044 15.044 1175 70.28 1222.48 507.709
62 0 78.1533 12.6674 990 73.7515 1222.64 510.064
63 0 82.06 15.6349 1283 69.7872 1221.87 506.436
64 0 82.0868 13.8025 1133 73.466 1222.2 505.76
65 0 86.1352 13.0376 1123 73.1282 1222.53 507.969
66 1 39.0543 10.8055 422 76.6967 1222.26 524.526
67 0 43.0459 13.2184 569 71.7592 1222.74 524.021
68 0 44.0218 12.6755 558 72.3871 1222.38 525.28
69 0 45.0381 12.3007 554 73.3827 1222.5 525.253
70 0 46.0656 12.6776 584 73.7226 1222.62 523.932
71 0 49.0819 13.1821 647 71.6893 1222.1 523.065
72 0 48.0316 13.158 632 73.1582 1222.71 522.307
73 0 51.0491 15.3186 782 68.7302 1222.33 521.715
74 0 51.0282 12.3265 629 73.4483 1222.01 522.477
75 0 51.0811 12.8423 656 73.5229 1221.89 519.556
76 0 55.0577 13.8764 764 71.5969 1222.1 518.818
77 0 55.0853 13.4156 739 73.2977 1221.76 516.724
78 0 59.0685 14.1023 833 72.2581 1221.37 518.058
79 0 61.0883 13.0467 797 73.0163 1222.03 516.806
80 0 60.045 11.608 697 75.825 1221.99 517.255
81 0 61.0765 13.4585 822 74.8382 1222.38 513.477
82 0 65.1314 13.7875 898 73.8018 1222.64 514.203
83 1 32.0189 10.8998 349 75.5014 1223.06 529.398
84 0 33.089 12.4815 413 74.4019 1222.19 528.596
85 0 37.0542 12.7921 474 71.3523 1222.54 528.825
86 0 37.0091 12.1862 451 72.9712 1222.58 528.929
87 0 37.0278 12.7472 472 74.5297 1223.54 526.394
88 0 38.04 13.4332 511 72.9295 1222.61 526.998
89 0 39.0912 12.3046 481 74.9605 1222.93 526.956
90 0 39.0248 12.633 493 75.0588 1222.98 526.554
91 0 41.0356 14.4509 593 72.5464 1223.46 525.917
92 0 42.067 14.2154 598 72.8144 1222.92 524.4
93 0 44.0788 14.8824 656 71.0762 1222.93 525.017
94 0 45.0475 12.2315 551 75.8603 1223.15 523.623
95 0 45.0403 13.0328 587 75.6405 1223.16 522.705
96 0 46.0616 14.1332 651 72.9186 1223.19 524.45
97 0 48.0598 12.9838 624 75.4824 1222.9 522.705
98 0 50.0714 13.2211 662 74.5695 1222.96 522.576
99 0 50.0755 14.6778 735 72.7728 1222.28 522.401
100 0 51.029 12.8358 655 75.5527 1222.81 519.892
101 0 54.0335 14.2504 770 73.7364 1222.79 520.129
102 0 53.0446 12.0088 637 77.9827 1222.4 518.636
103 0 55.0455 13.4616 741 75.4467 1223.32 517.744
104 0 60.0821 14.7299 885 72.5311 1223.66 517.037
105 0 61.0697 13.984 854 73.7436 1222.82 517.432
106 0 61.0392 13.008 794 76.8602 1222.41 513.926
107 0 65.1052 14.2846 930 73.9204 1222.98 514.019
108 0 68.0415 14.3736 978 73.0838 1222.64 514.036
109 0 69.1291 14.2342 984 73.6717 1223 512.475
110 0 69.0627 14.0018 967 74.8118 1223.26 511.617
111 0 69.0816 11.5805 800 79.3363 1222.71 511.499
112 0 72.0601 13.7247 989 76.821 1222.73 508.821
113 0 75.1224 13.498 1014 77.1667 1222.96 507.32
114 0 77.051 13.7831 1062 76.3249 1222.91 508.349
115 1 40.0263 13.4162 537 76.8231 1222.65 524.264
116 0 41.0324 13.2334 543 78.2486 1222.76 522.713
117 0 42.0159 13.4711 566 77.9099 1223.2 522.101
118 0 43.0378 13.035 561 79.3137 1223.4 521.547
119 0 46.1237 12.3798 571 79.7863 1223.17 520.522
120 0 46.0529 13.6799 630 77.8667 1223.31 521.09
121 0 48.1666 14.0346 676 76.497 1223.23 520.593
122 0 48.0176 12.8078 615 79.3268 1222.16 519.649
123 0 50.0373 12.8704 644 78.2283 1223.18 519.536
124 0 53.0518 13.025 691 78.1722 1223.17 517.317
125 0 52.1002 12.6487 659 79.3247 1222.9 517.967
126 0 57.0256 13.906 793 76.401 1222.77 516.607
127 0 59.122 13.599 804 77.4341 1223.17 516.198
128 0 59.1003 12.8764 761 78.6531 1222.89 515.307
129 0 61.0863 12.5724 768 79.5182 1222.51 511.632
130 0 64.094 14.4319 925 76.493 1222.29 511.598
131 0 65.0491 12.0063 781 79.8592 1222.51 512.419
132 0 69.0726 12.9863 897 77.3579 1221.97 510.211
133 0 69.0991 13.0248 900 78.9144 1221.85 507.578
134 0 72.0202 12.677 913 78.3198 1222.52 507.655
135 0 75.0483 13.1915 990 77.6162 1223.36 506.002
136 1 38.0189 14.4665 550 75.1 1223.05 522.989
137 0 38.0164 12.6787 482 78.4751 1223.5 523.425
138 0 41.0977 13.5531 557 75.9461 1223.51 523.864
139 0 43.081 12.1631 524 77.7615 1223.31 523.739
140 0 43.0727 13.2567 571 76.7723 1223.06 523.816
141 0 44.0503 13.8024 608 76.778 1223.23 521.61
142 0 45.0204 12.5721 566 77.9929 1223.62 521.33
143 0 47.1039 13.2473 624 76.4792 1223.44 521.011
144 0 48.1016 15.0931 726 73.8278 1223.71 520.084
145 0 50.1037 14.7294 738 74.1382 1223.09 518.163
146 0 49.0332 12.359 606 79.3696 1223.56 518.391
147 0 52.0378 14.5663 758 75.1055 1223.73 517.499
148 0 52.0378 14.6048 760 165.793 1224.71 517.496
149 0 55.0541 13.7501 757 76.4227 1223.93 515.584
150 0 57.1293 16.3314 933 71.8703 1225.83 511.714
151 0 60.0642 14.2514 856 74.3423 1224.85 513.23
152 0 60.0915 13.8455 832 76.119 1224.96 510.405
153 0 65.0778 14.3674 935 73.6652 1224.79 511.079
154 0 66.0444 14.6871 970 73.5258 1223.89 510.373
155 0 68.0699 14.0444 956 73.3902 1224.5 509.374
156 0 69.0714 14.3619 992 73.7026 1224.53 507.913
157 0 72.0928 14.4259 1040 72.9596 1224.51 506.696
158 0 72.0788 14.8587 1071 72.5985 1223.8 505.463
159 0 75.1392 14.8524 1116 72.2267 1223.66 504.2
160 0 79.0793 13.948 1103 73.4343 1224.61 502.201
161 1 40.0147 12.2205 489 75.5828 1224.12 520.679
162 0 43.0248 11.8536 510 74.3667 1223.34 521.463
163 0 44.113 12.1506 536 74.5728 1223.46 520.537
164 0 46.035 13.5549 624 71.6042 1224.13 520.522
165 0 45.0573 13.6493 615 73.4894 1224.21 518.665
166 0 46.0464 14.0293 646 72.8839 1223.42 517.892
167 0 48.0642 14.0437 675 72.3081 1223.79 518.366
168 0 47.0272 12.9925 611 74.8953 1223.87 517.697
169 0 50.0452 12.5686 629 75.0334 1223.7 517.084
170 0 53.0496 14.1377 750 72.3667 1223.72 516.487
171 0 54.0731 14.5544 787 71.3355 1223.91 515.159
172 0 55.1194 14.6591 808 71.875 1223.32 513.312
173 0 58.052 14.4181 837 71.7849 1223.54 514.03
174 0 61.0753 14.1301 863 71.8946 1223.98 512.06
175 0 60.1502 14.8129 891 72.1504 1223.97 510.101
176 0 63.104 13.3431 842 73.6437 1224.22 510.394
177 0 63.0594 14.9224 941 72.0266 1223.84 509.899
178 0 67.0803 14.3112 960 72.0844 1224.09 508.773
179 0 70.1052 14.521 1018 71.5344 1223.96 507.069
180 0 71.0996 14.6977 1045 71.9273 1223.03 506.331
181 0 74.1176 13.5326 1003 73.0668 1223.17 507.225
182 0 75.0379 14.7126 1104 71.8886 1222.35 506.757
183 0 77.1737 13.6834 1056 73.7737 1222.05 505.71
184 1 40.0241 11.8179 473 73.5687 1222.48 523.516
185 0 39.1159 12.4757 488 75.0697 1221.91 522.555
186 0 40.0423 11.7875 472 74.4936 1221.89 524.432
187 0 42.0288 13.1814 554 73.2671 1221.79 520.845
188 0 42.0429 12.511 526 75.0989 1221.75 520.304
189 0 46.0504 14.4624 666 70.5405 1220.42 520.917
190 0 44.0223 12.3801 545 75.0422 1220.57 520.785
191 0 47.0921 12.9321 609 73.9918 1220.24 519.591
192 0 46.0694 13.5448 624 73.3862 1219.93 520.088
193 0 49.0466 11.7439 576 73.9167 1220.1 521.519
194 0 52.0288 15.2608 794 68.1562 1220.23 520.647
195 0 54.0732 13.0564 706 71.7564 1220.04 520.129
196 0 54.0742 14.3507 776 70.6366 1219.58 519.459
197 0 57.2221 13.8758 794 70.3023 1220.47 519.874
198 0 56.1589 11.8236 664 74.2545 1219.66 519.333
199 0 60.0468 13.7726 827 70.526 1218.72 519.675
200 0 61.0505 13.5625 828 71.0072 1219.13 519.255
201 0 63.0685 13.9689 881 70.0715 1219.29 518.257
202 0 63.0973 12.7581 805 71.5714 1219.22 518.154
203 0 65.0499 13.7587 895 69.6603 1218.9 517.562
204 0 68.069 14.5 987 68.7974 1218.56 517.632
205 0 69.1905 14.1927 982 70.1466 1218.62 514.858
206 0 71.0565 13.5948 966 70.3095 1218.24 515.114
207 0 71.1783 12.4055 883 72.1642 1219.03 514.78
208 0 75.1078 14.7388 1107 69.1978 1218.47 512.992
209 1 38.0192 13.1249 499 69.014 1218.87 531.848
210 0 38.0143 11.9692 455 72.1275 1219.15 529.633
211 0 40.1325 12.9072 518 69.9556 1218.73 530.566
212 0 42.0101 14.3775 604 68.1788 1218.28 529.781
213 0 41.058 13.0303 535 71.3813 1217.78 528.566
214 0 43.0312 11.5497 497 72.1408 1218.04 531.688
215 0 45.0519 12.874 580 69.6983 1217.49 530.603
216 0 47.0801 13.9125 655 68.7206 1217.36 527.02
217 0 49.0353 15.0708 739 66.7659 1217.05 526.396
218 0 49.0703 12.9202 634 70.8281 1216.88 526.577
219 0 49.1413 12.5149 615 71.4049 1216.48 525.745
220 0 52.0444 13.3156 693 69.9596 1216.86 524.841
221 0 54.0502 12.6549 684 70.1287 1216.87 524.085
222 0 57.0557 13.8111 788 69.3871 1216.45 522.513
223 0 57.1255 13.4966 771 71.0428 1216.39 521.59
224 0 60.0911 13.413 806 70.7854 1216.64 520.99
225 0 63.0451 13.9265 878 69.9271 1216.52 519.19
226 0 66.1057 14.1894 938 69.2196 1216.72 518.521
227 0 66.0491 13.7625 909 71.4807 1216.6 515.059
228 0 67.1262 12.7223 854 73.2986 1216.45 515.664
229 0 71.087 14.6722 1043 70.4151 1216.77 514.392
230 0 73.0659 13.0978 957 72.535 1216.76 513.04
231 0 75.0934 13.623 1023 72.1183 1217.03 511.442
232 1 36.0523 12.4264 448 71.817 1217.05 529.364
233 0 37.029 10.6133 393 73.8804 1217.39 530.074
234 0 39.0422 11.8077 461 72.3102 1217.23 529.577
235 0 39.0452 13.0106 508 72.0846 1216.49 527.687
236 0 40.0861 13.1218 526 71.6008 1216.94 528.135
237 0 38.0227 11.6246 442 75.2873 1217.4 525.792
238 0 41.0528 12.5448 515 73.4214 1216.55 524.887
239 0 40.0708 11.1054 445 75.9011 1217.61 526.07
240 0 45.0415 13.2988 599 72.7963 1218.08 524.225
241 0 46.0225 12.8633 592 72.6807 1218.15 523.556
242 0 46.016 14.1038 649 72.9923 1217.69 521.27
243 0 49.0766 13.2446 650 72.7046 1217.78 523.045
244 0 49.0348 13.5006 662 73.1193 1217.74 522.755
245 0 52.1068 14.1248 736 73.0543 1218.03 519.511
246 0 51.1144 13.0883 669 75.9372 1218.19 518.422
247 0 55.0937 13.6676 753 73.6388 1218.03 518.91
248 0 57.0722 14.3152 817 72.9767 1218.14 517.949
249 0 60.0643 13.9351 837 74.0645 1218.9 517.318
250 0 59.0427 12.5841 743 76.6581 1218.32 516.813
251 0 61.067 12.298 751 76.8402 1218.13 516.245
252 0 65.0901 12.2292 796 76.2538 1217.59 515.729
253 0 66.11 12.691 839 75.5447 1218.47 516.65
254 0 70.0812 13.0563 915 74.859 1218.38 515.59
255 0 72.0396 12.9651 934 75.5535 1218.43 513.63
256 1 38.0301 11.7013 445 75.182 1218.57 528.813
257 0 39.0889 12.2797 480 74.875 1218.5 528.996
258 0 37.0211 11.8311 438 76.3425 1219.33 530.073
259 0 39.0115 11.6376 454 77.4031 1218.88 528.106
260 0 41.0331 11.9172 489 76.2536 1218.84 528.049
261 0 43.1105 12.9435 558 73.3996 1218.43 529.543
262 0 45.0347 12.5237 564 74.3652 1218.35 527.856
263 0 45.0442 13.0539 588 74.2551 1217.9 526.707
264 0 46.07 11.9818 552 75.663 1218.07 525.855
265 0 46.0283 12.7965 589 74.9474 1217.82 524.917
266 0 47.0486 12.5402 590 74.6847 1217.85 525.486
267 0 50.1787 12.7743 641 73.9984 1218.01 524.168
268 0 51.059 13.1221 670 73.9955 1217.33 523.593
269 0 52.0371 13.1637 685 74.1255 1217.56 522.536
270 0 54.0262 13.0122 703 73.6586 1217.41 521.721
271 0 57.0107 13.1905 752 72.75 1216.81 519.312
272 0 58.1032 12.822 745 73.0738 1217.13 520.569
273 0 60.0304 12.2105 733 72.7844 1216.44 520.853
274 0 62.0812 13.0313 809 71.8912 1216.19 519.022
275 0 61.0399 11.5171 703 73.9232 1216.29 518.259
276 0 66.0234 13.0408 861 70.9106 1216.1 515.868
277 0 69.0435 13.6291 941 69.0765 1216.42 517.162
278 1 36.0383 11.8763 428 69.8131 1216.44 529.841
279 0 38.0205 11.5464 439 68.4601 1216.37 532.69
280 0 36.0316 9.85246 355 73.2676 1216.26 530.806
281 0 40.0451 11.3622 455 69.9626 1216.13 530.884
282 0 43.0621 12.4471 536 68.166 1216.15 530.116
283 0 44.0804 12.0008 529 69.0473 1216.53 529.715
284 0 44.041 11.898 524 68.9084 1216.08 529.193
285 0 46.0527 12.2903 566 68.6025 1215.22 527.297
286 0 47.0425 11.6278 547 69.3144 1214.92 527.956
287 0 46.0574 11.8331 545 70.1009 1215.15 525.817
288 0 49.2246 11.7015 576 69.9288 1215.34 523.035
289 0 51.0986 11.331 579 70.2884 1215.21 522.563
290 0 54.0528 13.2833 718 65.9471 1214.42 522.884
291 0 54.0496 11.3784 615 68.3528 1214.61 523.286
292 0 54.0317 11.3822 615 69.7089 1214.53 521.106
293 0 57.0581 13.0218 743 66.7295 1215.19 519.569
294 0 60.1173 11.8269 711 68.3052 1215.64 519.191
295 0 62.0342 12.3319 765 66.7791 1216 520.178
296 0 63.0502 12.038 759 67.4453 1215.81 516.742
297 0 64.0361 11.7902 755 67.6106 1214.98 515.091
298 0 68.0413 12.3454 840 66.5798 1215.19 513.413
299 0 70.0832 12.6279 885 66.1164 1215.13 511.725
300 0 70.1384 11.0496 775 68.4568 1215.52 508.948
301 1 34.0158 9.64259 328 65.7409 1216.02 529.207
302 0 40.0314 11.3161 453 62.713 1215.64 527.748
303 0 39.0205 9.14903 357 65.8599 1215.57 528.387
304 0 40.0287 10.5674 423 64.5177 1215.52 527.118
305 0 41.013 11.1428 457 63.8074 1216.09 527.153
306 0 43.1109 10.6702 460 64.7674 1215.73 526.737
307 0 42.0407 10.7753 453 64.5982 1214.19 525.682
308 0 44.1396 10.7387 474 64.9262 1214.48 524.715
309 0 44.1045 10.7699 475 65.9558 1214.24 525.04
310 0 46.1649 11.0907 512 65.209 1214.49 523.596
311 0 48.0699 11.1504 536 64.6604 1214.57 522.672
312 0 52.0661 13.6173 709 60.5698 1214.84 521.176
313 0 49.0755 10.4125 511 66.1076 1215 520.211
314 0 52.0354 12.4723 649 63.2435 1214.55 519.374
315 0 55.1169 11.2851 622 64.3232 1213.73 518.098
316 0 53.1574 10.5912 563 65.6892 1213.99 517.703
317 0 57.0812 11.7727 672 62.814 1214.48 519.183
318 0 61.0696 11.7243 716 62.3506 1213.75 517.493
319 0 58.0676 11.125 646 64.1207 1214.23 515.819
320 0 62.1077 11.5767 719 62.6203 1214.49 515.27
321 0 64.0801 12.5312 803 61.0062 1214.55 514.849
322 0 68.1409 12.7383 868 60.2984 1214.81 514.302
323 0 65.0875 11.4769 747 62.676 1214.28 511.099
324 0 70.0894 11.2142 786 62.3206 1214.9 511.587
325 0 73.079 12.6712 926 60.3067 1214.82 509.677
326 0 76.1585 12.1851 928 60.6616 1215.55 509.112
327 0 76.0931 11.21 853 62.0445 1215.19 509.946
328 1 39.0527 10.1657 397 60.937 1215.6 526.776
329 0 41.0121 11.0699 454 60.1828 1215.22 527.108
330 0 42.0338 11.0625 465 60.5183 1214.98 525.703
331 0 42.0226 9.32831 392 62.7296 1215.3 527.541
332 0 43.038 10.8509 467 62.4261 1215.57 523.525
333 0 46.1057 12.6449 583 58.8525 1215.1 524.94
334 0 47.0889 11.4889 541 60.9945 1215.11 520.839
335 0 45.0352 9.6147 433 64.7598 1216.34 524.097
336 0 48.077 11.5024 553 62.2532 1215.29 521.278
337 0 48.0282 11.2017 538 62.7435 1215.46 521.621
338 0 52.06 11.5828 603 61.7645 1215.25 521.693
339 0 53.074 10.0991 536 64.3806 1215.79 520.647
340 0 53.1231 10.8239 575 63.8522 1215.51 519.951
341 0 55.1027 11.5058 634 63.0678 1215.26 517.306
342 0 56.0662 10.5946 594 63.9882 1214.97 517.364
343 0 57.1668 10.8979 623 63.8491 1214.99 516.079
344 0 59.164 11.3921 674 62.8798 1215.09 514.76
345 0 61.0997 11.3258 692 62.7124 1216.14 516.652
346 0 63.0717 11.6692 736 62.0095 1215.29 514.106
347 0 64.052 12.7396 816 60.098 1216.05 512.047
348 0 66.0498 11.0977 733 62.9059 1216.04 513.847
349 0 68.1143 11.0696 754 63.0544 1216.17 512.557
350 0 69.0307 10.7488 742 64.2776 1216.07 509.361
351 0 71.0926 11.056 786 63.6081 1216.03 508.919
352 0 76.1289 13.372 1018 59.2299 1216.13 507.431
353 0 77.0683 11.0681 853 62.4971 1215.88 508.523
354 1 41.0312 12.0153 493 59.4767 1215.91 524.032
355 0 41.077 10.7603 442 60.7692 1215.4 524.1
356 0 43.0676 9.61279 414 62.442 1215.51 523.099
357 0 44.0265 10.0167 441 62.3016 1215.44 523.32
358 0 45.0542 9.10015 410 63.7659 1215.27 521.739
359 0 49.0916 10.1239 497 62.5513 1216.07 519.662
360 0 48.1352 10.4705 504 63.1667 1215.71 517.954
361 0 49.0484 10.2756 504 63.869 1215.17 518.909
362 0 53.0796 10.8893 578 62.0969 1215.27 518.318
363 0 51.1442 10.8126 553 63.4611 1214.55 515.98
364 0 55.0375 11.1742 615 62.5252 1215.07 515.193
365 0 54.0536 9.25007 500 64.942 1215.27 516.036
366 0 58.113 11.2884 656 62.1372 1214.84 513.998
367 0 62.1342 12.2477 761 59.6965 1214.64 513.744
368 0 62.0515 10.9425 679 61.7526 1215.25 512.99
369 0 65.0782 11.6014 755 60.2411 1215.41 511.64
370 0 68.115 11.1429 759 60.0711 1215.05 512.005
371 0 69.0374 12.906 891 58.4613 1215.72 507.971
372 0 72.057 11.4493 825 59.8424 1215.24 510.133
373 0 72.0835 12.1248 874 59.238 1214.93 506.486
374 0 75.0458 11.7795 884 59.7195 1215.34 506.615
375 0 80.0378 13.5686 1086 57.2716 1215.83 506.234
376 0 82.1606 13.0598 1073 57.9935 1215.79 503.649
377 1 44.0335 10.6283 468 59.3782 1215.75 522.553
378 0 45.0279 11.4818 517 58.1393 1215.27 523.756
379 0 44.0093 11.1567 491 59.668 1215.05 522.829
380 0 47.0226 11.3775 535 59.0505 1215.46 521.447
381 0 49.0222 12.219 599 57.8481 1215.66 521.469
382 0 50.0466 9.79088 490 60.7857 1214.58 521.788
383 0 51.051 11.0478 564 59.5089 1214.28 520.188
384 0 53.0921 11.3011 600 58.935 1214.11 518.322
385 0 55.05 12.3887 682 58.0367 1214.32 515.874
386 0 58.0804 12.19 708 57.8107 1214.37 517.076
387 0 58.0309 12.2176 709 57.3977 1214.97 518.702
388 0 60.0996 13.4277 807 56.5514 1215.15 515.824
389 0 62.0223 11.4475 710 58.7915 1214.5 516.434
390 0 61.0711 9.75912 596 61.1158 1215.1 516.634
391 0 64.0298 13.072 837 56.908 1214.87 513.423
392 0 66.1056 11.1488 737 59.2374 1215.23 513.569
393 0 68.065 11.9885 816 57.4007 1215.23 515.479
394 0 68.0297 11.9801 815 58.4969 1215.4 511.161
395 0 70.0434 11.2216 786 58.9593 1215.32 510.215
396 0 74.029 10.7796 798 58.8835 1215.49 509.941
397 0 74.1315 12.2215 906 57.6026 1215.42 507.033
398 0 76.2772 12.1268 925 57.7027 1216.39 506.988
399 0 77.1005 12.4124 957 57.8056 1216.01 503.579
400 0 80.2257 11.4677 920 58.2228 1215.67 507.593
401 0 84.2285 12.0031 1011 57.178 1215.86 502.591
402 1 41.076 9.27549 381 59.9055 1216.77 521.871
403 0 43.1957 11.1122 480 57.6 1215.58 521.75
404 0 46.1119 11.689 539 56.462 1216.68 522.369
405 0 47.0107 10.6997 503 57.2843 1216.09 521.73
406 0 49.0601 10.3343 507 57.9034 1216.93 519.809
407 0 48.0141 9.5597 459 59.5163 1216.95 518.229
408 0 54.129 13.32 721 53.9501 1216.72 517.831
409 0 54.0446 12.0271 650 56.1569 1217.08 516.142
410 0 54.0406 10.8252 585 57.6308 1216.12 518.133
411 0 57.0447 10.4479 596 58.3591 1215.15 516.804
412 0 58.1339 11.4907 668 56.8114 1215.51 516.817
413 0 61.0696 11.839 723 56.3237 1215.42 515.083
414 0 64.0441 11.1329 713 56.9734 1215.3 514.229
415 0 65.0612 11.2048 729 57.3333 1214.17 510.241
416 0 66.2101 9.98337 661 58.7383 1215.03 511.024
417 0 69.0659 11.8148 816 55.7034 1215.37 511.363
418 0 70.0831 11.5292 808 56.2871 1215.52 511.548
419 0 74.2135 11.6151 862 56.6914 1215.58 508.537
420 0 76.2489 13.8625 1057 54.228 1215.24 508.141
421 0 78.3139 11.8497 928 57.0226 1216 506.849
422 0 79.1979 11.667 924 58.171 1215.48 506.902
423 0 82.1585 13.0723 1074 56.8966 1214.95 506.697
424 1 38.0872 8.79561 335 60.4179 1215.54 527.788
425 0 39.1397 9.01899 353 61.5836 1215.48 524.008
426 0 45.1349 10.7012 483 57.8364 1215.33 526.6
427 0 44.1534 9.42171 416 59.9808 1215.69 522.464
428 0 46.07 12.1337 559 56.5295 1214.96 522.358
429 0 47.126 10.143 478 59.1527 1214.79 520.766
430 0 49.046 11.2547 552 57.3895 1214.31 521.891
431 0 52.0685 14.0392 731 54.3269 1215.18 521.573
432 0 53.0198 11.6372 617 57.2853 1215.49 521.848
433 0 55.1302 13.0781 721 56.1401 1214.97 521.9
434 0 56.0459 11.5263 646 57.9628 1215.11 520.522
435 0 57.0396 12.2897 701 57.8402 1214.76 519.887
436 0 59.0767 12.9154 763 56.7471 1215.25 519.641
437 0 60.0756 13.2666 797 56.9348 1215.01 518.892
438 0 61.0773 12.9508 791 57.8546 1215.26 516.566
439 0 65.0592 12.773 831 57.089 1215.5 516.297
440 0 67.1407 13.1366 882 57.0998 1215.98 514.592
441 0 67.1352 12.4972 839 57.9905 1215.02 515.318
442 0 71.0577 13.5664 964 55.5643 1216.09 516.587
443 0 74.1448 12.8937 956 56.8525 1215.42 512.866
444 0 75.0532 14.1366 1061 55.951 1215.16 510.534
445 0 79.1014 12.3386 976 57.3883 1214.87 511.51
446 0 83.1577 16.1621 1344 53.4777 1215.15 509.199
447 0 84.0584 15.9651 1342 53.7116 1215.63 506.934
448 0 84.109 12.7692 1074 57.9618 1215.71 506.247
449 0 88.1685 11.9884 1057 58.5582 1215.94 507.552
450 1 47.1401 10.9461 516 57.9516 1216.16 524.984
451 0 47.2397 10.669 504 59.2817 1216.86 521.621
452 0 49.0897 12.9151 634 56.9259 1216.11 521.503
453 0 51.2333 11.8087 605 57.9653 1216.14 522.514
454 0 51.1008 10.1173 517 59.7582 1216.19 522.897
455 0 51.1008 10.1368 518 152.336 1216.19 522.875
456 0 56.0515 11.0791 621 58.7053 1215.41 521.472
457 0 56.0358 12.0102 673 57.4354 1215.42 522.248
458 0 58.1356 12.5741 731 57.0328 1215.69 519.854
459 0 62.1001 11.8357 735 57.1837 1216.24 519.565
460 0 61.1236 10.945 669 59.5411 1215.7 516.885
461 0 65.1292 10.7479 700 58.4957 1215.65 518.341
462 0 67.1287 11.9919 805 57.246 1215.52 516.404
463 0 68.1041 10.8217 737 57.9891 1215.53 518.384
464 0 70.1239 12.92 906 56.6015 1215.33 512.939
465 0 72.1158 9.85914 711 59.8903 1215.79 513.854
466 0 74.1174 12.6286 936 56.2415 1215.56 514.572
467 1 39.056 10.933 427 56.8899 1214.65 530.016
468 0 42.1393 11.7942 497 56.0463 1215.6 528.503
469 0 41.1626 11.078 456 58.3947 1214.87 527.614
470 0 44.1658 11.7965 521 57.7313 1214.76 527.595
471 0 42.149 10.4392 440 60.8432 1215.05 524.941
472 0 45.1158 12.346 557 57.8689 1214.74 526.086
473 0 45.0546 11.8301 533 59.2514 1214.7 523.454
474 0 47.195 11.2512 531 59.8588 1215.29 524.757
475 0 49.09 11.0409 542 61.1605 1214.83 523.02
476 0 51.1953 11.1338 570 60.5719 1214.65 522.614
477 0 52.0752 9.87033 514 62.2218 1214.88 522.669
478 0 53.0737 11.55 613 61.7471 1214.52 520.403
479 0 54.0469 11.8046 638 61.0282 1214.06 519.835
480 0 56.0478 11.6686 654 61.2523 1213.9 518.284
481 0 58.0409 11.7331 681 60.8664 1214.75 519.687
482 0 57.1278 9.9076 566 63.3958 1215.02 518.929
483 0 61.0664 12.2817 750 60.1093 1214.79 517.373
484 0 62.0577 13.1813 818 58.9499 1215.13 516.381
485 0 63.131 11.4999 726 61.2176 1215.32 514.829
486 0 67.0812 11.6128 779 60.0193 1215.3 515.567
487 0 68.0585 11.4166 777 60.9125 1215.1 514.61
488 1 35.005 10.8842 381 59.7218 1216.54 529.68
489 0 35.0184 10.5088 368 61.3288 1216.55 527.495
490 0 38.0129 9.54938 363 60.6529 1216.45 530.187
491 0 39.0338 11.6053 453 59.064 1216.19 529.212
492 0 40.0631 10.6083 425 61.2635 1215.4 526.374
493 0 40.0155 9.99613 400 61.955 1214.86 524.448
494 0 42.054 10.4152 438 60.9863 1215.04 525
495 0 43.137 9.87552 426 61.9108 1214.81 525.718
496 0 43.0363 11.1766 481 60.8233 1214.79 524.247
497 0 47.1012 10.8065 509 59.9804 1215.01 524.855
498 0 50.1177 12.2113 612 57.9281 1214.97 524.16
499 0 49.0677 10.1085 496 61.1653 1215.03 524.155
500 0 51.0176 10.8002 551 60.3285 1215.44 522.45
501 0 52.0622 13.0037 677 58.0665 1214.73 521.7
502 0 54.2259 11.0648 600 60.2117 1215.34 521.323
503 0 56.0892 12.4979 701 58.6205 1214.58 519.197
504 0 57.1065 11.5223 658 59.3997 1215.05 519.471
505 0 59.1797 11.4228 676 59.5562 1215.16 518.012
506 0 61.1683 12.1795 745 58.6792 1214.65 515.177
507 0 62.0963 11.7881 732 57.8333 1215.26 519.552
508 0 66.1815 10.8641 719 59.4089 1214.96 514.609
509 0 66.0556 11.6114 767 58.2568 1214.98 514.203
510 0 69.2838 10.6663 739 58.4073 1215.09 513.899
511 0 71.2288 11.3016 805 57.2957 1215 512.08
512 1 35.1166 7.68868 270 59.0333 1214.78 528.437
513 0 36.0312 9.18648 331 56.9486 1215.24 529.26
514 0 38.0414 9.75254 371 56.0296 1215.08 530.189
515 0 40.0444 9.86405 395 56.3089 1215.21 530.357
516 0 41.0471 10.7681 442 55.7059 1214.99 526.161
517 0 41.0402 9.67344 397 56.7884 1214.53 526.093
518 0 43.0993 10.0002 431 57.4594 1214.35 524.807
519 0 43.0732 10.5402 454 57.0661 1214.69 525.989
520 0 43.1294 9.55265 412 59.0558 1213.97 524.748
521 0 45.0554 12.407 559 56.1878 1214.03 524.572
522 0 46.1542 9.5116 439 59.18 1214.17 522.374
523 0 48.133 11.5513 556 57.446 1214.11 520.041
524 0 51.1754 12.4083 635 55.4016 1213.93 521.836
525 0 53.1006 11.337 602 56.0133 1214.61 522.354
526 0 51.1363 9.26934 474 59.7173 1214.19 520.101
527 0 57.2004 10.8216 619 56.6349 1214.23 519.128
528 0 56.0939 10.6785 599 58.0935 1214.18 518.755
529 0 58.1007 9.10488 529 59.206 1214.4 516.843
530 0 60.0907 10.8336 651 57.341 1214.13 518.401
531 0 63.1571 11.5426 729 56.2154 1214.04 517.689
532 0 64.1626 11.502 738 56.5352 1214.67 516.287
533 0 64.1089 11.1529 715 57.9217 1214.23 516.635
534 0 67.1483 11.3182 760 56.975 1214.15 514.412
535 0 68.138 13.6194 928 54.3976 1214.54 513.602
536 0 69.2226 10.7913 747 57.1914 1214.78 512.519
537 0 72.1731 12.4285 897 55.4537 1214.22 512.137
538 0 72.332 10.9219 790 57.6165 1213.75 511.289
539 0 76.1953 12.8223 977 55.6407 1214.23 508.308
540 0 79.2151 11.4372 906 57.7925 1214.19 508.861
541 1 40.0379 10.6399 426 58.2254 1214.12 526.953
542 0 41.0151 8.28963 340 60.6412 1214.47 528.329
543 0 42.0093 9.30746 391 60.1611 1214.53 526.959
544 0 43.0302 10.8296 466 58.9421 1215.33 526.693
545 0 43.0419 11.4772 494 58.8259 1214.4 522.988
546 0 45.2017 11.3049 511 58.681 1213.87 523.654
547 0 46.0845 11.4355 527 58.6034 1213.82 524.389
548 0 48.1438 11.0087 530 59.4377 1213.86 522.811
549 0 51.1131 11.5039 588 58.8401 1213.65 521.413
550 0 52.063 12.6385 658 57.7006 1213.46 520.17
551 0 53.0624 13.0789 694 57.5259 1213.93 520.67
552 0 54.1354 10.1967 552 61.4674 1214.11 519.4
553 0 55.0514 12.0978 666 59.7508 1214.33 518.512
554 0 55.0786 8.76928 483 63.9607 1213.74 519.387
555 0 60.0878 14.3623 863 57.1889 1214.42 516.261
556 0 60.0539 12.1391 729 60.203 1213.62 515.638
557 0 63.0382 10.9299 689 61.0581 1214.57 517.483
558 0 64.0762 11.58 742 60.8491 1214.5 514.935
559 0 65.1507 12.7243 829 59.2437 1213.96 516.355
560 0 67.0503 13.8404 928 57.9806 1215.04 512.045
561 0 69.1382 12.4099 858 59.8275 1214.48 515.185
562 0 70.1118 10.9539 768 62.3229 1214 511.609
563 0 73.0906 12.1083 885 60.4915 1213.87 513.324
564 0 74.064 11.058 819 62.8266 1214.38 512.226
565 1 44.0512 9.96567 439 59.6173 1215.16 530.474
566 0 42.0223 10.3279 434 62.2581 1214.94 528.707
567 0 44.0199 12.4944 550 60.0855 1215.24 524.793
568 0 44.0272 10.8115 476 62.9979 1214.8 524.895
569 0 45.0239 11.3495 511 62.91 1214.43 524.986
570 0 48.0695 12.5859 605 61.5455 1214.31 524.007
571 0 49.116 12.6232 620 61.9 1214.05 523.444
572 0 48.055 12.9019 620 61.9677 1213.95 524.679
573 0 49.0799 12.9585 636 62.8758 1214.6 523.327
574 0 51.0777 12.3733 632 63.2991 1215.22 524.484
575 0 51.1048 11.4862 587 66.1806 1213.92 521.761
576 0 51.075 12.5893 643 64.846 1214.46 521.582
577 0 56.1443 12.735 715 63.8434 1214.32 520.154
578 0 56.0437 12.4367 697 64.6628 1214.61 519.241
579 0 57.0532 13.1106 748 64.7099 1215.66 517.793
580 0 60.1218 13.6889 823 63.8299 1215.6 517.661
581 0 61.1143 12.1248 741 65.9568 1215.63 517.826
582 0 64.03 13.603 871 62.7463 1216.05 518.884
583 0 67.0735 14.4617 970 62.0392 1216.38 516.198
584 0 67.1164 13.6777 918 63.5523 1215.68 515.365
585 0 71.1246 13.2865 945 64.1439 1215.25 514.061
586 0 70.1037 11.7683 825 67.4497 1215.71 511.73
587 0 75.1336 12.6708 952 65.6261 1215.04 511.423
588 1 36.0824 11.058 399 64.9724 1215.06 529.115
589 0 39.1478 11.0862 434 65.6843 1215.23 526.947
590 0 40.0566 11.3589 455 66.1451 1214.91 526.525
591 0 41.0285 12.3085 505 64.9188 1214.89 524.202
592 0 43.1028 11.9946 517 65.2437 1214.91 524.745
593 0 46.0899 12.6492 583 63.7479 1214.73 525.091
594 0 45.043 13.2096 595 64.0034 1215.08 524.155
595 0 48.0755 13.77 662 63.1556 1214.69 524.677
596 0 46.0348 11.5347 531 67.2881 1215.06 523.395
597 0 50.074 11.9823 600 65.9483 1214.51 522.035
598 0 52.0307 13.7227 714 63.2955 1215.23 521.066
599 0 53.0888 11.2453 597 66.7856 1214.98 521.417
600 0 54.0582 12.6715 685 64.9139 1214.94 521.18
601 0 54.0352 13.0285 704 65.152 1214.78 519.474
602 0 56.0473 12.65 709 65.1961 1214.6 518.752
603 0 59.1009 12.6394 747 65.1794 1214.61 517.621
604 0 60.1273 11.5921 697 65.7805 1214.97 516.921
605 0 61.0508 13.0547 797 64.4893 1215.41 516.757
606 0 64.0891 12.2642 786 64.7557 1215.39 515.782
607 0 64.0503 11.1631 715 66.5259 1215.76 516.422
608 0 69.0709 13.117 906 63.2715 1215.61 514.32
609 0 71.0614 12.5525 892 63.6132 1215.83 512.789
610 1 36.0204 9.71671 350 64.5057 1216.28 530.077
611 0 36.053 11.5663 417 64.1583 1215.97 528.547
612 0 37.0708 10.2237 379 65.1557 1216.59 530.008
613 0 38.0195 11.047 420 65.3286 1214.85 528.183
614 0 40.1207 11.6399 467 64.0171 1216.14 528.739
615 0 41.0314 11.7227 481 64.9563 1215.48 525.8
616 0 41.1024 10.9726 451 65.7761 1216.31 526.324
617 0 45.1271 12.8969 582 62.6065 1216.15 525.515
618 0 46.1572 12.6741 585 63.253 1215.95 524.824
619 0 46.114 11.7101 540 64.7796 1215.85 525.489
620 0 48.0334 12.3039 591 64.2352 1215.99 524.113
621 0 51.0346 13.8925 709 62.0339 1216.01 522.093
622 0 51.0473 11.8126 603 64.5672 1215.74 522.826
623 0 50.0466 11.6292 582 66.4244 1215.56 520.651
624 0 53.2132 13.662 727 63.1719 1216.49 520.509
625 0 55.0733 11.7298 646 65.7724 1215.8 519.387
626 0 56.1163 13.6859 768 63.4883 1216.19 517.953
627 0 58.0957 12.3761 719 65.2893 1215.5 515.658
628 0 61.0438 12.3846 756 64.6204 1216.29 517.466
629 0 60.0614 11.738 705 66.2156 1215.76 514.807
630 0 63.1219 13.3234 841 64.4281 1215.83 514.62
631 0 67.1318 12.5574 843 64.1352 1215.7 514.307
632 0 68.2117 12.0947 825 65.1006 1215.61 511.019
633 0 70.1222 11.5798 812 65.7906 1216.11 512.58
634 0 74.1599 12.8102 950 63.7842 1216.26 510.139
635 1 38.0541 10.5639 402 65.102 1216.79 525.537
636 0 40.0465 11.8362 474 62.7489 1216.95 526.411
637 0 40.0174 12.1947 488 62.8443 1216.5 526.334
638 0 43.0455 11.5459 497 63.5453 1216.07 524.924
639 0 44.0432 12.6694 558 62.7061 1216.17 523.364
640 0 45.1043 11.5288 520 63.7077 1216.09 524.96
641 0 45.125 10.4377 471 66.1911 1215.73 522.773
642 0 49.1123 13.3164 654 61.9679 1215.97 522.535
643 0 51.1135 12.482 638 63.221 1216.08 522.429
644 0 51.1761 12.4668 638 63.4734 1215.42 520.21
645 0 54.0807 12.6293 683 62.6384 1215.38 520.792
646 0 56.0794 12.9816 728 62.1964 1215.34 519.924
647 0 57.1126 13.3946 765 61.4915 1215.67 519.74
648 0 57.0954 12.2427 699 63.8641 1215.64 517.808
649 0 58.1459 12.0731 702 63.7934 1215.38 518.339
650 0 60.0619 11.5381 693 64.4069 1215.66 514.961
651 0 62.1246 14.5514 904 60.5409 1216.11 516.529
652 0 66.0742 13.0611 863 61.5875 1215.97 516.445
653 0 66.087 12.0599 797 63.3162 1215.77 513.302
654 0 69.1202 12.8472 888 62.4167 1215.31 512.365
655 0 70.1313 12.9899 911 62.9945 1214.31 510.572
656 0 74.089 13.7807 1021 61.6856 1215.25 510.191
657 0 74.0956 12.2814 910 64.1934 1216.21 511.49
658 0 78.0885 14.5092 1133 61.5225 1215.47 507.642
659 0 80.1236 14.0034 1122 62.8128 1215.28 506.234
660 0 85.2163 13.4833 1149 62.8042 1215.79 506.546
661 1 44.0391 11.1038 489 65.7791 1216.28 525.814
662 0 46.0684 12.5683 579 65.0345 1215.93 524.354
663 0 47.045 11.7547 553 66.745 1215.38 524.468
664 0 49.0339 12.7463 625 66.432 1215.7 523.152
665 0 49.0529 13.6791 671 65.7109 1215.44 521.747
666 0 53.0798 12.1327 644 66.3432 1215.67 521.444
667 0 53.0219 12.542 665 67.1263 1215.38 520.998
668 0 56.0473 13.3816 750 65.7293 1215.4 520.293
669 0 56.1016 12.3348 692 67.5014 1215.68 519.939
670 0 60.1451 13.8332 832 64.8642 1215.86 517.831
671 0 60.1209 12.741 766 66.8016 1216.16 518.681
672 0 62.0513 12.9893 806 66.3189 1216.14 518.294
673 0 65.1666 14.179 924 63.8745 1215.98 515.131
674 0 67.1397 14.239 956 63.3473 1216.12 514.419
675 0 69.099 14.6167 1010 63.0436 1216.29 513.005
676 0 69.0621 13.1621 909 65.2695 1215.9 512.931
677 0 74.1187 13.1816 977 64.1996 1216.16 513.354
678 0 75.2125 13.5882 1022 64.2573 1216.32 509.552
679 0 77.1575 13.2327 1021 64.3604 1216.49 508.798
680 0 82.0884 11.8774 975 65.5179 1215.97 509.042
681 0 80.1638 12.1501 974 66.2639 1215.51 506.993
682 1 41.0656 11.8834 488 65.7377 1216.57 528.072
683 0 42.1146 10.4239 439 68.3827 1216.37 527.164
684 0 46.0528 12.4205 572 65.0717 1216.03 524.923
685 0 43.074 10.5632 455 69.2 1215.73 525.846
686 0 48.03 12.9711 623 65.6774 1215.65 523.154
687 0 50.0442 12.2492 613 66.0587 1215.48 524.693
688 0 53.0502 13.1951 700 64.68 1216.55 524.027
689 0 51.0652 12.0042 613 67.5971 1216.14 524.124
690 0 52.0165 12.9766 675 66.7659 1216.16 521.542
691 0 54.0239 11.3653 614 68.1645 1215.91 522.738
692 0 56.0937 13.6201 764 65.8272 1216.29 520.408
693 0 58.0625 13.0893 760 66.3632 1215.44 520.313
694 0 59.0969 13.7571 813 66.1734 1216.07 518.175
695 0 63.0317 13.3584 842 65.9988 1216.08 518.624
696 0 64.0685 13.189 845 66.7953 1215.08 516.838
697 0 64.0387 12.5705 805 68.1441 1215.6 517.021
698 0 69.0781 13.3327 921 66.8024 1215.4 514.334
699 0 68.0745 12.0162 818 68.6284 1215.69 516.709
700 0 71.1041 11.448 814 69.5565 1215.7 515.205
701 0 73.0395 12.8561 939 67.9659 1215.47 510.82
702 0 76.1375 12.8583 979 68.1103 1215.85 510.19
703 0 80.0986 11.773 943 69.3701 1215.39 511.145
704 1 40.1266 10.9902 441 69.2154 1215.41 528.848
705 0 42.0877 12.9016 543 67.3775 1215.42 527.363
706 0 43.0237 11.8772 511 70.1135 1215.11 525.636
707 0 45.0623 12.6492 570 68.2193 1215.52 526.06
708 0 45.012 11.6413 524 69.6851 1214.94 526.048
709 0 46.0278 12.9921 598 68.7926 1215.05 523.286
710 0 49.0868 13.0585 641 68.4883 1215.32 522.29
711 0 52.1193 13.2197 689 67.0595 1215.26 522.954
712 0 52.0735 14.0378 731 67.4145 1215.87 521.443
713 0 55.092 12.2522 675 68.7867 1215.15 521.323
714 0 56.1756 14.1698 796 66.1709 1215.66 520.912
715 0 57.0733 14.4376 824 65.79 1215.56 518.789
716 0 58.0596 13.7962 801 67.0999 1215.72 517.338
717 0 61.0385 13.4669 822 67.118 1215.47 517.332
718 0 63.0719 12.6839 800 67.52 1215.48 516.763
719 0 64.0345 11.5407 739 68.7781 1216.05 518.3
720 0 68.1341 12.7543 869 66.3418 1215.6 516.956
721 0 69.0615 12.1052 836 67.9426 1215.92 514.432
722 0 73.2261 13.151 963 66.1319 1215.35 512.377
723 0 74.0916 12.9164 957 66.6374 1214.71 510.775
724 0 77.1053 13.1898 1017 66.1278 1215.34 510.2
725 0 79.0638 12.5974 996 67.3283 1215.43 505.431
726 0 81.1131 12.3531 1002 67.7824 1215.27 507.532
727 0 86.2448 14.1458 1220 64.2549 1214.72 508.248
728 1 42.0646 11.8865 500 67.766 1214.75 527.27
729 0 46.1478 12.1349 560 66.4946 1214.71 527.811
730 0 46.0293 13.1438 605 66.157 1215.41 525.972
731 0 48.0984 13.0774 629 66.1208 1214.9 523.707
732 0 49.1293 12.7419 626 66.2732 1215.04 524.149
733 0 50.0984 13.0344 653 66.7243 1215.21 522.701
734 0 52.0925 13.2265 689 65.8665 1214.88 523.861
735 0 53.0835 12.923 686 66.7507 1214.9 521.49
736 0 56.0501 13.3095 746 64.7748 1215.03 522.859
737 0 56.0791 12.8925 723 66.1646 1215.3 520.141
738 0 58.0168 14.4269 837 64.1852 1215.17 516.98
739 0 59.058 14.3249 846 64.8794 1214.94 517.766
740 0 63.1418 13.7468 868 64.7385 1215.67 518.075
741 0 63.1425 13.129 829 66.3221 1215.33 515.94
742 0 66.1924 13.1284 869 66.0449 1214.77 516.077
743 0 69.1385 13.1765 911 66.326 1215.27 512.729
744 0 71.0812 13.8011 981 65.3456 1214.73 513.636
745 1 40.2114 11.5141 463 65.8747 1214.11 529.994
746 0 40.0496 13.5582 543 63.6998 1214.62 529.319
747 0 43.0533 12.4729 537 65.9162 1214.8 528.717
748 0 42.033 12.9422 544 66.0018 1214.88 528.243
749 0 45.0312 13.1687 593 65.1501 1215.54 527.847
750 0 46.0747 12.5231 577 66.6153 1215.23 525.182
751 0 47.1837 12.6739 598 66.3963 1215.02 526.324
752 0 47.0652 12.2171 575 67.2435 1214.95 525.301
753 0 49.1017 13.2786 652 65.7669 1215.15 524.833
754 0 50.1234 12.8483 644 66.427 1215.32 524.697
755 0 52.0774 14.7473 768 63.8919 1214.7 523.208
756 0 53.0996 11.5632 614 67.9332 1215.01 522.534
757 0 54.1213 13.3589 723 65.9115 1214.46 521.768
758 0 56.0826 12.3568 693 66.3564 1215.7 520.999
759 0 59.0903 13.454 795 64.6428 1214.84 519.887
760 0 57.1667 12.7872 731 66.5828 1214.79 518.546
761 0 62.0625 13.0836 812 64.9175 1215.27 518.612
762 0 66.0385 13.4921 891 63.6251 1215.01 518.905
763 0 65.025 11.2572 732 66.8921 1214.62 519.277
764 0 68.0654 13.678 931 63.8571 1215.03 516.642
765 0 70.0586 11.9043 834 66.4041 1214.8 512.153
766 0 73.0391 12.6234 922 64.7603 1215.66 512.898
767 1 36.0545 9.95715 359 66.9972 1215.21 530.047
768 0 38.0292 10.8864 414 65.5 1214.97 529.432
769 0 40.0369 11.5893 464 63.8664 1215.47 530.304
770 0 40.0249 10.6434 426 66.3615 1215.74 527.972
771 0 45.071 12.802 577 62.5026 1215.75 528.671
772 0 42.0899 10.6676 449 66.8641 1215.55 528.325
773 0 47.0503 13.3474 628 63.129 1215.54 525.882
774 0 47.0784 11.7464 553 65.5443 1215.43 527.043
775 0 48.0224 11.9319 573 66.1047 1215.78 525.058
776 0 49.0597 11.9242 585 65.665 1215.27 524.795
777 0 50.0341 12.2916 615 65.4748 1215.09 525.46
778 0 53.0371 14.6313 776 61.9781 1215.29 524.874
779 0 54.0818 13.2947 719 64.1905 1215.45 522.651
780 0 56.0285 13.0291 730 64.4479 1214.74 521.833
781 0 58.0551 14.2106 825 62.9915 1215.26 521.147
782 0 61.0824 14.3413 876 61.9121 1215.26 520.304
783 0 61.1454 13.4924 825 63.4897 1214.91 518.211
784 0 64.0517 14.2697 914 62.1926 1215.17 516.17
785 0 67.0821 14.1319 948 61.7152 1214.8 514.862
786 0 69.058 13.7421 949 61.7619 1215.05 515.677
787 0 72.0789 14.1512 1020 61.4686 1215.32 513.802
788 0 73.2273 15.1173 1107 60.5836 1214.99 512.403
789 0 76.0762 13.8282 1052 62.5361 1214.86 511.779
790 0 77.1811 14.6668 1132 61.8242 1215.19 510.853
791 0 79.072 13.5826 1074 63.0261 1214.85 510.123
792 0 81.0948 14.3166 1161 62.1783 1214.75 506.989
793 0 85.1356 13.5666 1155 62.7342 1214.75 507.974
794 0 87.1724 13.1578 1147 63.4115 1215.32 506.177
795 0 88.0884 12.9529 1141 63.9246 1215.35 506.191
796 0 91.084 14.0859 1283 63.0452 1214.97 502.094
797 0 94.1294 13.4283 1264 63.7144 1214.77 502.691
798 1 49.0671 13.4306 659 63.1426 1214.88 524.548
799 0 50.0319 14.2909 715 62.7217 1214.99 522.517
800 0 51.0334 14.5591 743 62.4051 1215.15 522.952
801 0 54.0642 14.1314 764 63.1806 1215.04 520.764
802 0 53.0411 12.0661 640 66.5109 1215.3 520.198
803 0 57.0859 14.7497 842 62.3409 1214.92 519.103
804 0 59.0537 14.2243 840 62.8452 1214.8 519.969
805 0 59.0341 11.6882 690 66.2101 1215.05 518.258
806 0 61.0584 13.0858 799 64.5795 1215.41 518.034
807 0 64.2135 13.2215 849 64.172 1215.52 515.246
808 0 66.1828 13.7196 908 63.6927 1214.29 516.381
809 0 67.12 13.3641 897 64.5329 1214.9 513.515
810 0 72.0659 13.0852 943 64.0392 1214.49 514.214
811 0 74.0832 13.6333 1010 63.1574 1215.38 513.568
812 0 74.1455 13.0554 968 64.1994 1215.24 513.088
813 0 77.1318 13.4316 1036 63.8185 1215.6 509.988
814 0 81.0572 15.0511 1220 61.4443 1215.69 510.159
815 0 80.2489 12.6232 1013 65.462 1215.35 507.894
816 1 44.0865 11.1372 491 65.8147 1215.48 528.039
817 0 47.109 12.1845 574 64.669 1215.25 526.368
818 0 46.0992 12.1043 558 66.4265 1215.5 525.561
819 0 49.1259 12.2339 601 65.6855 1215.71 525.334
820 0 49.0318 12.0942 593 66.4384 1215.72 524.275
821 0 53.0465 12.687 673 65.0505 1215.7 523.672
822 0 55.0344 13.4461 740 63.9541 1215.92 523.066
823 0 56.0651 13.3951 751 63.3049 1215.07 524.53
824 0 58.1721 12.7037 739 65.5697 1215.5 521.194
825 0 60.0545 13.0049 781 65.0807 1215.49 522.407
826 0 60.2273 13.6649 823 65.0948 1215.09 520.752
827 0 64.0955 13.9167 892 64.3879 1215.58 520.407
828 0 66.0715 12.6681 837 66.7431 1215.3 518.821
829 0 66.148 12.8651 851 67.4794 1215.09 517.194
830 0 70.063 14.7581 1034 64.6557 1215.47 517.701
831 0 70.0801 13.1564 922 67.8124 1215.69 513.578
832 0 74.2144 14.2695 1059 66.1879 1215.4 514.246
833 0 75.1304 13.3235 1001 67.6384 1214.65 514.732
834 0 77.1338 13.4831 1040 67.9038 1215.14 513.929
835 0 81.0815 13.8379 1122 67.0143 1215.19 513.078
836 0 83.1392 13.3992 1114 67.4847 1215.06 513.961
837 1 41.0908 12.1195 498 67.8434 1215.11 532.084
838 0 42.0537 11.6518 490 69.7429 1215.15 530.553
839 0 44.0407 12.3295 543 68.9816 1214.49 529.418
840 0 46.0531 12.681 584 68.9949 1215.26 527.81
841 0 46.0824 13.2805 612 68.6209 1215.27 529.453
842 0 50.1144 12.8706 645 67.3364 1215.27 529.991
843 0 50.0488 12.2081 611 69.1227 1215.55 528.589
844 0 51.0534 13.907 710 67.9944 1216.16 525.91
845 0 53.0426 13.574 720 67.9403 1215.6 523.967
846 0 54.0732 12.705 687 69.5182 1215.02 524.237
847 0 55.138 13.3302 735 69.4476 1215.31 522.646
848 0 58.0443 12.1976 708 70.6864 1215.64 522.768
849 0 60.1381 13.5688 816 69.1201 1214.62 521.371
850 0 63.1228 13.5292 854 68.0398 1215.03 521.911
851 0 65.1413 13.5091 880 68.8364 1215.35 520.694
852 0 68.0964 14.5088 988 66.9413 1215.06 519.538
853 0 70.1162 13.3635 937 68.4781 1215.35 519.471
854 0 73.0594 14.3582 1049 67.4175 1215.18 516.688
855 0 74.0709 13.3251 987 69.2665 1215.39 515.377
856 0 77.1902 13.9785 1079 68.8007 1214.87 513.712
857 0 77.0577 12.7307 981 70.3384 1214.67 515.598
858 0 82.1038 13.9823 1148 68.8676 1214.54 513.421
859 0 83.1122 12.6456 1051 71.687 1214.75 511.734
860 1 41.0205 10.9701 450 71.1111 1214.9 532.931
861 0 42.0278 11.0165 463 72.879 1214.52 532.471
862 0 44.0201 11.5402 508 72.7953 1215.7 531.642
863 0 43.0699 12.3752 533 73.2495 1214.16 530.349
864 0 46.0193 12.0602 555 72.2468 1214.63 531.393
865 0 48.0376 13.4894 648 69.8488 1215.17 528.409
866 0 47.0327 12.4381 585 71.9026 1214.94 529.593
867 0 49.0586 12.1283 595 72.1008 1214.73 528.835
868 0 50.0537 13.026 652 72.2577 1215.23 526.939
869 0 54.0185 12.5513 678 70.8407 1215.63 527.375
870 0 55.1143 12.973 715 71.0112 1215.34 525.903
871 0 56.0762 13.6065 763 70.5767 1214.92 523.547
872 0 57.1263 13.0588 746 70.878 1214.62 524.078
873 0 59.0617 13.0542 771 71.144 1214.78 522.466
874 0 58.1153 12.3375 717 73.4951 1215 520.59
875 0 62.0679 12.9536 804 72.3781 1214.04 518.29
876 0 66.0484 13.2024 872 71.6548 1215.23 519.83
877 0 68.057 12.9597 882 72.0907 1215.53 518.709
878 0 70.0827 13.4698 944 71.4894 1215.56 516.38
879 0 74.0602 13.7726 1020 70.7206 1215.7 514.652
880 0 76.0832 13.3012 1012 71.1492 1215.47 515.695
881 0 78.0841 13.4342 1049 71.5396 1215.62 515.397
882 0 81.0569 13.3363 1081 71.8779 1214.78 511.568
883 0 82.0911 13.619 1118 72.1145 1215.53 510.364
884 0 83.143 12.5928 1047 74.3496 1215.3 508.257
885 1 43.0409 12.1512 523 71.9178 1215.71 530.694
886 0 45.0667 12.1819 549 72.8415 1215.94 527.732
887 0 45.0174 10.7514 484 74.4938 1215.45 528.576
888 0 48.0934 12.143 584 71.339 1215.82 529.11
889 0 51.1988 11.1526 571 72.9335 1215.53 528.175
890 0 50.1068 12.194 611 72.5974 1215.71 525.908
891 0 52.0861 13.2089 688 70.9971 1215.45 525.775
892 0 55.0874 12.3985 683 71.0044 1215.6 525.485
893 0 56.0655 13.2167 741 69.7355 1215.48 525.179
894 0 55.1036 12.2678 676 72.4172 1214.89 523.271
895 0 58.0313 12.5105 726 71.0055 1214.75 524.253
896 0 59.1044 12.554 742 71.0782 1214.8 522.214
897 0 61.0857 12.9326 790 70.3861 1214.58 521.492
898 0 63.0983 12.7103 802 70.8229 1215.38 519.837
899 0 65.0414 12.7303 828 70.6546 1215.64 519.674
900 0 66.0284 13.0398 861 70.4216 1215.31 517.537
901 0 68.0699 12.2815 836 70.8732 1215.72 517.824
902 0 69.0457 11.8183 816 72.962 1215.16 514.01
903 0 71.0539 10.9213 776 72.6559 1214.99 514.966
904 0 75.0734 12.4545 935 70.6 1214.59 513.195
905 0 74.0778 10.9345 810 73.4444 1214.41 512.693
906 1 42.0913 11.4513 482 70.0851 1214.72 528.488
907 0 42.0477 11.5583 486 70.607 1215.1 527.722
908 0 44.035 10.7642 474 71.0865 1215.46 529.036
909 0 45.0468 11.1884 504 72.1012 1215.19 527.518
910 0 47.0731 11.6839 550 71.3818 1216.12 526.858
911 0 45.1235 12.0336 543 72.4494 1216.28 525.103
912 0 48.0469 10.4898 504 74.4167 1216.94 524.891
913 0 50.0341 10.9126 546 72.956 1216.72 524.859
914 0 49.0644 10.7002 525 73.4057 1215.65 524.813
915 0 53.0767 12.4913 663 69.9623 1215.2 524.294
916 0 53.0271 10.1269 537 74.3017 1215.08 522.378
917 0 54.0351 11.7886 637 71.6436 1214.98 520.479
918 0 55.0796 11.783 649 71.5609 1214.71 519.496
919 0 57.1052 11.8728 678 70.7566 1214.83 518.978
920 0 59.0255 10.8597 641 72.8814 1215.4 518.657
921 0 61.0713 9.21873 563 75.087 1215.47 515.426
922 0 65.063 9.68293 630 73.5905 1214.7 515.21
923 0 66.0731 10.6095 701 72.1498 1213.98 514.562
924 0 69.0369 10.4292 720 72.3875 1214.72 512.59
925 0 71.0474 10.6549 757 71.8322 1214.68 513.37
926 0 75.0675 11.15 837 71.5161 1214.25 510.605
927 0 77.0915 10.9221 842 71.272 1215.01 512.096
928 0 78.0565 11.1073 867 72.0185 1214.47 510.293
929 0 82.0631 12.466 1023 70.0714 1214.91 509.215
930 1 42.0612 11.9112 501 68.6048 1215.42 529.916
931 0 43.1171 12.4544 537 67.46 1215.42 528.484
932 0 45.0365 12.1901 549 69.3534 1215.17 528.408
933 0 44.0248 11.6298 512 71.9531 1214.98 527.582
934 0 45.0506 11.365 512 71.752 1215.43 527.623
935 0 48.0831 12.0833 581 70.6041 1215.23 525.373
936 0 50.0273 12.1933 610 70.0934 1215.46 526.333
937 0 49.0346 11.4613 562 72.605 1214.37 524.032
938 0 54.1464 13.4635 729 68.2757 1215.19 524.889
939 0 55.1613 11.2579 621 71.5572 1215.53 523.633
940 0 54.0728 11.2256 607 72.9885 1215.16 522.331
941 0 57.0556 13.0224 743 69.5303 1214.99 520.476
942 0 58.0785 12.0871 702 71.7165 1214.34 519.662
943 0 60.0404 11.9086 715 71.9916 1214.89 518.441
944 0 62.151 13.5637 843 69.3381 1215.31 516.383
945 0 64.1422 11.5213 739 71.8444 1214.87 517.75
946 0 65.1567 11.4186 744 71.7513 1215.67 517.63
947 0 70.1289 12.5341 879 69.5643 1215.44 514.978
948 1 34.0097 8.52697 290 71.4862 1215.63 533.121
949 0 37.0457 10.5275 390 68.7205 1215.8 532.126
950 0 36.0631 10.1766 367 70.8147 1215.57 530.36
951 0 39.0414 11.3982 445 68.4202 1215.23 529.892
952 0 40.0637 11.3569 455 68.9055 1215.27 528.174
953 0 43.0648 11.7497 506 66.5435 1216.03 529.733
954 0 43.0408 12.3371 531 67.8512 1215.53 527.266
955 0 42.0644 10.5077 442 70.4864 1215.43 527.86
956 0 46.1054 11.8641 547 67.5704 1215.08 528.298
957 0 47.0599 11.1348 524 68.5859 1215.06 527.326
958 0 48.0693 11.9619 575 68.7704 1215.69 524.456
959 0 50.0355 11.8916 595 68.7328 1215.23 524.724
960 0 51.0783 12.0208 614 68.4674 1215.32 523.643
961 0 53.1029 13.1255 697 65.528 1215.79 524.082
962 0 55.0481 12.3528 680 67.4559 1215.78 521.366
963 0 57.0785 11.9134 680 67.7324 1215.71 520.615
964 0 59.0892 13.3696 790 65.7722 1215.47 519.537
965 0 57.0674 11.1447 636 69.7421 1215.06 517.818
966 0 62.1304 12.6025 783 66.5262 1215.16 517.358
967 0 64.0553 12.6765 812 66.0924 1215.16 516.414
968 0 66.0711 12.426 821 66.4848 1215.38 515.177
969 0 66.0859 12.2568 810 67.121 1215.04 513.215
970 0 69.1681 12.072 835 67.588 1215.57 513.521
971 0 71.0559 11.8639 843 67.6133 1215.04 513.822
972 0 74.0867 11.3516 841 68.1546 1215.65 512.491
973 0 79.1288 12.486 988 65.9423 1215.77 510.328
974 0 80.1057 12.1964 977 66.5476 1215.5 510.982
975 0 84.0901 13.0455 1097 65.454 1215.36 508.452
976 0 85.1768 13.4661 1147 65.4473 1215.66 506.625
977 1 40.0661 9.30961 373 69.244 1215.59 527.834
978 0 41.0365 10.6247 436 67.7202 1215.51 528.374
979 0 45.1565 12.2463 553 64.3074 1216.22 527.618
980 0 46.0513 10.6403 490 66.9796 1216.41 526.847
981 0 47.0885 12.2323 576 64.8299 1215.65 526.877
982 0 50.1276 12.0493 604 65.1639 1215.53 525.755
983 0 51.0471 11.6363 594 65.9663 1215.38 525.773
984 0 53.1593 11.174 594 65.9646 1215.88 524.798
985 0 52.206 10.6118 554 67.2202 1216.04 523.827
986 0 54.0795 11.9824 648 64.2037 1216.18 523.44
987 0 58.1139 13.3875 778 61.545 1216.21 522.17
988 0 60.0938 13.013 782 61.7353 1216.09 522.35
989 0 60.1959 12.7749 769 62.2614 1215.61 520.612
990 0 59.0729 10.7494 635 65.6976 1215.86 518.365
991 0 62.0689 10.9233 678 64.9985 1215.64 519.634
992 0 63.1445 10.6581 673 65.8618 1215.74 515.49
993 0 69.2104 12.4837 864 62.044 1216.04 515.49
994 0 69.1476 11.7141 810 63.4 1215.65 515.319
995 0 72.0931 11.2632 812 63.2069 1215.77 513.075
996 0 74.0983 11.6467 863 63.0939 1215.57 512.714
997 0 75.1541 11.2037 842 63.6105 1215.79 512.798
998 0 80.1975 10.948 878 63.8656 1215.45 508.67
999 0 83.2598 11.4581 954 63.3711 1214.92 510.427
1000 1 41.017 10.8736 446 62.5045 1215.51 528.278
1001 0 40.0396 9.16593 367 66.6104 1215.82 527.27
1002 0 44.0314 10.3562 456 63.9781 1215.8 527.265
1003 0 48.0357 12.6573 608 60.2829 1216.03 526.385
1004 0 45.0808 10.4479 471 64.7707 1214.59 524.002
1005 0 49.0681 11.2497 552 62.5127 1214.97 525.884
1006 0 51.0471 11.029 563 63.357 1215.36 524.222
1007 0 52.1548 10.4497 545 63.411 1215.41 527.013
1008 0 53.0307 10.8994 578 63.7076 1214.84 524.737
1009 0 54.1165 11.9557 647 63.5147 1214.14 521.773
1010 0 56.0514 11.9176 668 63.5195 1214.6 519.798
1011 0 58.1542 12.3981 721 62.491 1214.21 520.125
1012 0 59.0903 10.7632 636 64.2437 1214.36 521.175
1013 0 61.0651 10.89 665 64.1624 1214.46 520.125
1014 0 63.0665 10.8298 683 63.9619 1214.03 518.142
1015 0 66.1717 11.6515 771 61.6316 1213.8 517.786
1016 0 65.0774 11.033 718 62.8301 1213.72 517.097
1017 0 70.0664 12.6594 887 59.6652 1213.93 516.542
1018 0 72.065 10.9207 787 61.9695 1213.99 512.036
1019 0 74.1901 11.3088 839 61.1538 1213.86 513.162
1020 0 76.1059 11.6285 885 61.0475 1213.76 514.134
1021 1 40.151 10.3609 416 61.1707 1214.23 530.959
1022 0 42.0516 11.0816 466 60.4678 1213.2 530.088
1023 0 43.0464 10.3609 446 61.7489 1213.74 530.287
1024 0 43.0292 10.7369 462 61.6667 1213.69 528.513
1025 0 46.0676 10.9839 506 60.0277 1213.7 529.717
1026 0 48.0451 11.8847 571 59.282 1213.87 528.303
1027 0 50.0202 11.8752 594 59.4798 1213.56 526.045
1028 0 52.0508 13.3139 693 56.987 1213.4 527.241
1029 0 53.1038 13.0311 692 57.948 1213.54 524.483
1030 0 55.1561 11.8029 651 58.9508 1212.79 525.272
1031 0 56.048 11.2225 629 60.2305 1213.42 523.971
1032 0 58.0687 13.4324 780 57.3872 1213.24 521.747
1033 0 59.0383 12.1277 716 59.0712 1213.03 520.545
1034 0 59.0765 12.9493 765 58.5778 1213.18 519.013
1035 0 61.0709 11.4785 701 59.4308 1213.3 520.883
1036 0 64.1057 12.2766 787 58.2706 1213.23 518.078
1037 0 66.0396 14.0219 926 56.3823 1213.07 517.01
1038 0 68.0747 11.7224 798 58.2256 1213.24 518.516
1039 0 68.0826 11.4273 778 59.2892 1212.75 516.089
1040 0 71.1454 12.116 862 57.8933 1212.68 516.521
1041 0 74.0511 12.4374 921 57.3833 1213.27 513.828
1042 0 77.101 13.0348 1005 56.6687 1213.42 514.452
1043 0 80.0667 13.6012 1089 55.2231 1213.88 512.474
1044 0 81.2298 11.5844 941 57.5877 1213.57 512.612
1045 0 82.0586 11.833 971 57.7848 1213.31 508.764
1046 1 43.0611 10.1019 435 57.4874 1213.93 531.218
1047 0 46.0694 11.2222 517 56.3462 1213.6 528.623
1048 0 47.1395 11.519 543 56.2099 1213.5 528.796
1049 0 48.0615 11.7766 566 56.1661 1214.08 528.887
1050 0 48.0765 11.3569 546 56.8828 1213.08 526.632
1051 0 49.0854 11.9384 586 56.3805 1212.74 526.365
1052 0 51.1088 11.2701 576 57.375 1212.8 526.2
1053 0 53.0386 14.1972 753 54.591 1212.16 524.053
1054 0 55.0812 12.8901 710 56.6437 1212.27 523.413
1055 0 53.1266 12.4608 662 58.0091 1212.68 524.594
1056 0 57.0447 11.9731 683 57.8038 1212.13 524.578
1057 0 59.0442 11.8894 702 57.9957 1213.01 522.567
1058 0 60.1341 12.1562 731 58.4049 1213.2 520.625
1059 0 63.1159 12.2156 771 57.7134 1213.55 522.066
1060 0 63.0322 12.1525 766 58.7272 1213.36 522.693
1061 0 65.0782 12.1392 790 59.4506 1213.53 518.759
1062 0 66.0451 11.6738 771 60.3437 1213.77 519.355
1063 0 69.0908 15.0092 1037 56.3057 1213.15 518.174
1064 0 71.1571 14.3626 1022 57.0949 1213.36 516.084
1065 0 75.1045 14.0471 1055 57.6313 1214.17 516.687
1066 0 74.1164 12.9661 961 59.5786 1213.86 516.6
1067 0 80.2259 15.1073 1212 56.1559 1214.29 517.41
1068 0 80.1264 11.8687 951 61.2986 1214.4 514.913
1069 0 81.1633 13.2942 1079 60.468 1214.11 513.344
1070 1 41.0405 10.9404 449 61.931 1213.91 534.027
1071 0 40.0406 10.7141 429 63.5105 1214.1 532.557
1072 0 42.0369 12.2511 515 62.1049 1214.46 532.489
1073 0 44.0683 12.0722 532 62.8158 1214.32 531.733
1074 0 45.0445 12.854 579 62.6943 1214.68 529.47
1075 0 47.0455 13.7101 645 60.7147 1213.62 531.254
1076 0 47.0488 12.6677 596 63.4681 1213.62 528.403
1077 0 51.0827 11.6478 595 63.2773 1214.04 530.413
1078 0 49.071 12.1049 594 64.6852 1213.68 527.702
1079 0 52.1205 12.4327 648 63.3997 1214.28 527.938
1080 0 54.131 14.2617 772 61.2513 1214.57 526.188
1081 0 55.0552 12.551 691 63.864 1214.09 525.867
1082 0 57.0562 13.1625 751 62.7124 1214.31 526.438
1083 0 58.0343 12.7856 742 63.4717 1214.33 524.854
1084 0 61.0407 12.4835 762 63.4948 1214.52 523.157
1085 0 61.1209 13.7269 839 62.5793 1214.69 521.188
1086 0 63.0783 13.6339 860 61.9802 1214 522.655
1087 0 65.0474 12.7907 832 62.9808 1214.65 519.981
1088 0 69.0895 13.9674 965 61.4767 1214.91 519.578
1089 0 70.0927 13.368 937 62.9104 1214.53 518.529
1090 0 71.1145 13.2181 940 63.8585 1214.85 515.29
1091 0 75.1005 13.209 992 63.6411 1214.1 515.757
1092 0 77.0975 14.0082 1080 62.5222 1214.9 516.916
1093 0 81.1377 14.4446 1172 61.9198 1214.69 514.931
1094 1 43.0434 13.2889 572 63.2098 1214.86 533.212
1095 0 42.0225 10.9703 461 68.2148 1215.12 531.017
1096 0 43.0444 11.7321 505 67.7109 1215.13 529.891
1097 0 48.0669 13.4812 648 64.7577 1214.96 528.514
1098 0 50.0345 13.9304 697 64.406 1214.76 527.362
1099 0 49.0531 11.8443 581 67.2203 1214.73 529.238
1100 0 52.0335 13.2799 691 65.6454 1215.37 527.577
1101 0 53.0758 13.264 704 65.3139 1214.89 529.031
1102 0 54.0818 12.1298 656 68.4268 1214.2 526.892
1103 0 55.0308 12.0478 663 68.0256 1214.67 526.911
1104 0 56.097 12.8349 720 67.5597 1215.25 526.267
1105 0 56.0615 13.3782 750 67.6373 1215.09 524.119
1106 0 60.0572 14.6194 878 65.4852 1214.65 525.101
1107 0 61.0661 12.9368 790 68.1608 1214.34 522.582
1108 0 64.0842 12.2339 784 68.2691 1214.13 524.209
1109 0 65.0839 13.7822 897 66.4025 1214.69 521.98
1110 0 67.1182 14.9885 1006 65.1571 1214.89 518.212
1111 0 73.0849 16.0498 1173 62.6752 1215.05 519.489
1112 0 74.1832 13.7228 1018 66.0894 1214.51 518.896
1113 0 76.0631 15.1059 1149 64.7963 1214.87 516.884
1114 0 78.0792 14.0626 1098 66.1075 1214.79 515.27
1115 1 40.0275 12.9411 518 66.8764 1214.27 533.322
1116 0 41.0815 12.9012 530 67.6491 1214.64 531.945
1117 0 43.0251 14.5961 628 65.5159 1215.28 530.712
1118 0 45.0717 13.3343 601 66.3877 1215.08 531.626
1119 0 46.0648 13.6981 631 65.8574 1214.65 531.158
1120 0 47.0402 12.6062 593 68.2496 1214.55 529.228
1121 0 48.0377 12.9482 622 68.0064 1214.54 528.777
1122 0 50.1006 12.4749 625 68.2912 1214.56 527.605
1123 0 52.0421 13.9118 724 66.8439 1214.7 526.054
1124 0 53.0407 12.349 655 68.5221 1215.85 526.75
1125 0 56.1015 14.8303 832 64.9832 1215.4 525.645
1126 0 55.0762 13.1999 727 68.1444 1215 525.138
1127 0 59.0878 14.47 855 65.6257 1215.62 522.785
1128 0 62.0378 13.8625 860 65.6895 1215.09 523.602
1129 0 64.0437 13.3971 858 66.6457 1215.17 522.731
1130 0 65.0443 14.0212 912 66.6952 1215.03 519.524
1131 0 66.0721 13.9393 921 66.8328 1214.77 517.979
1132 0 68.0409 14.0945 959 67.074 1214.76 517.088
1133 0 72.0658 13.9317 1004 67.0309 1214.81 516.432
1134 0 76.0794 14.4849 1102 65.4129 1214.67 516.021
1135 0 76.0814 14.9577 1138 65.8427 1214.48 513.281
1136 0 79.0424 13.3852 1058 67.7202 1214.98 512.479
1137 1 41.0186 13.4086 550 65.9327 1215.04 530.556
1138 0 42.0259 12.5875 529 66.7788 1215.02 531.185
1139 0 44.029 11.8785 523 67.2753 1215.19 531.878
1140 0 46.1526 13.5637 626 66.8738 1215.03 529.163
1141 0 47.0756 13.8501 652 66.7071 1215.7 528.011
1142 0 47.0307 12.6726 596 68.6242 1215.93 528.267
1143 0 50.0628 13.7028 686 66.8017 1215.4 526.692
1144 0 51.0467 12.2437 625 69.5904 1214.75 525.597
1145 0 52.0362 13.1831 686 68.57 1215.23 524.892
1146 0 53.039 13.4807 715 67.3049 1215.52 525.421
1147 0 57.0323 13.8167 788 66.8376 1214.98 523.954
1148 0 58.0357 13.6123 790 67.3899 1214.89 522.771
1149 0 56.0523 12.1494 681 70.6696 1215.25 522.62
1150 0 61.1132 13.2541 810 68.7815 1215.27 521.272
1151 0 64.0897 13.4967 865 68.0509 1215.3 521.464
1152 0 64.0943 14.4162 924 68.026 1214.55 516.707
1153 0 69.1092 13.0229 900 68.1844 1215.28 518.78
1154 0 68.1844 13.4635 918 68.9978 1215.56 516.157
1155 0 71.0508 13.0752 929 68.8245 1215.08 517.11
1156 0 74.1397 13.3262 988 68.6761 1215.05 513.128
1157 0 77.0875 13.6728 1054 68.2068 1214.99 513.763
1158 0 78.1529 12.8338 1003 69.9402 1214.94 510.387
1159 0 82.0869 13.4857 1107 68.5628 1214.85 510.03
1160 0 86.0526 13.6893 1178 67.4694 1214.58 513.301
1161 0 88.0803 13.6126 1199 68.3845 1215.15 509.329
1162 1 44.0965 12.1551 536 69.7612 1214.44 525.966
1163 0 46.1706 12.1073 559 69.2057 1214.76 527.921
1164 0 46.0339 11.8608 546 70.7619 1214.58 527.181
1165 0 50.0472 12.4283 622 67.9855 1214.8 528.093
1166 0 51.1008 12.446 636 68.3601 1215.05 526.741
1167 0 51.0445 11.872 606 69.2475 1215.15 526.492
1168 0 54.0454 14.4693 782 65.0844 1214.97 525.21
1169 0 55.0315 14.1555 779 66.6496 1215.35 523.68
1170 0 57.0131 12.4708 711 68.2616 1214.72 524.046
1171 0 57.0417 13.3236 760 68.1145 1214.71 522.828
1172 0 59.0972 14.2816 844 66.6256 1214.64 521.858
1173 0 61.0907 13.128 802 68.4401 1214.52 521.882
1174 0 64.0579 12.395 794 68.8552 1214.77 521.557
1175 0 68.0471 13.3584 909 66.9868 1215.4 520.816
1176 0 69.0433 14.5126 1002 65.3812 1215.05 519.267
1177 0 69.0631 12.3945 856 69.0058 1214.9 518.541
1178 0 74.0673 14.1493 1048 66.5124 1215.97 517.701
1179 0 74.1046 12.253 908 69.8117 1215.55 517.489
1180 1 39.0511 11.7282 458 68.5371 1215.02 533.168
1181 0 39.1162 10.0214 392 70.3571 1215.13 533.222
1182 0 41.0716 12.1739 500 69.414 1214.39 530.936
1183 0 43.0755 12.2808 529 68.5217 1214.63 531.095
1184 0 43.0609 10.7987 465 71.2624 1214.41 530.925
1185 0 47.0239 13.4825 634 66.6514 1215.48 528.891
1186 0 47.0761 13.5101 636 66.9591 1215.38 528.69
1187 0 48.1206 12.531 603 68.67 1214.53 526.667
1188 0 51.1799 13.2279 677 66.7873 1214.66 525.96
1189 0 52.1794 14.2968 746 66.2748 1215.2 524.716
1190 0 53.0792 12.7545 677 67.3131 1215.07 527.164
1191 0 55.1125 13.1186 723 67.5062 1215.18 524.318
1192 0 56.0542 12.0419 675 69.4178 1215.21 523.341
1193 0 57.0589 12.3732 706 68.6218 1215.2 523.695
1194 0 61.1669 13.5858 831 66.4031 1215.46 522.55
1195 0 61.1045 14.3361 876 65.7272 1216.01 521.251
1196 0 63.0895 11.9671 755 69.2649 1216.48 521.229
1197 0 66.0636 12.9572 856 67.486 1215.21 520.346
1198 0 68.038 12.3607 841 68.5945 1215.1 519.62
1199 0 69.1227 12.268 848 68.6238 1215.67 518.157
1200 0 72.1037 13.1339 947 67.4942 1215.93 515.216
1201 0 75.1106 13.1273 986 67.7333 1215.96 514.455
1202 0 78.0851 12.8706 1005 68.1294 1216.04 512.825
1203 0 81.0961 13.8478 1123 65.976 1216.01 514.242
1204 1 41.0436 10.9883 451 68.8137 1216 530.532
1205 0 42.0736 10.6242 447 67.4609 1216.19 532.409
1206 0 45.0091 10.9756 494 67.6255 1215.8 530.409
1207 0 45.0218 12.0164 541 67.0129 1215.09 529.059
1208 0 47.0803 11.1087 523 68 1215.11 528.537
1209 0 48.0704 12.0448 579 67.3109 1215.37 527.497
1210 0 52.1365 12.8701 671 65.0104 1215.43 527.396
1211 0 51.0461 11.8324 604 67.1159 1215.6 524.305
1212 0 54.0817 13.1283 710 64.6155 1215.86 525.656
1213 0 55.0379 12.6458 696 65.5876 1215.42 525.45
1214 0 57.129 12.498 714 65.5756 1215.63 524.768
1215 0 58.095 13.0648 759 64.0856 1215.67 523.395
1216 0 59.1339 13.6808 809 63.309 1215.58 522.672
1217 0 62.1425 13.469 837 63.3357 1215.38 520.818
1218 0 63.1061 12.0749 762 65.5079 1215.19 518.285
1219 0 65.1633 13.5506 883 63.0079 1215.78 520.512
1220 0 65.1655 12.5527 818 65.0501 1215.65 518.531
1221 0 69.0383 11.7906 814 65.0971 1215.09 518.544
1222 0 70.0635 13.4592 943 63.9385 1215.53 515.402
1223 0 72.0939 13.635 983 63.5677 1214.75 512.027
1224 0 75.1119 13.42 1008 62.9573 1214.37 517.367
1225 0 77.0843 12.4409 959 65.0532 1214.96 515.932
1226 0 79.1123 14.2961 1131 63.1795 1215.5 511.253
1227 0 84.1271 13.1824 1109 63.1623 1215.26 513.978
1228 0 86.1202 11.3214 975 66.2595 1215.46 510.991
1229 1 42.1477 10.0599 424 68.809 1214.76 528.868
1230 0 46.0528 12.8548 592 64.9645 1215.05 528.113
1231 0 48.0716 13.3967 644 64.2857 1215.09 527.051
1232 0 49.1191 11.9913 589 66.3328 1215.37 526.893
1233 0 50.0702 12.9618 649 65.6271 1214.54 524.515
1234 0 51.157 12.8428 657 66.2207 1215.08 523.729
1235 0 54.0443 12.9523 700 65.5786 1215.14 523.691
1236 0 55.1377 13.0401 719 66.0765 1214.48 523.898
1237 0 55.113 11.7758 649 68.1726 1215.18 523.273
1238 0 58.0339 13.0786 759 66.0896 1215.05 520.974
1239 0 62.1163 12.5088 777 65.8366 1215.64 520.833
1240 0 62.1151 12.6056 783 66.7318 1215.09 520.239
1241 0 64.1726 12.0145 771 67.9896 1215.27 519.835
1242 0 65.0632 13.4638 876 66.5251 1215.15 518.348
1243 0 68.0693 13.6478 929 65.7589 1215.42 517.323
1244 0 72.1577 13.0963 945 66.3947 1215.73 513.378
1245 0 76.0225 13.4302 1021 65.0872 1216.22 513.96
1246 0 76.1538 12.7374 970 66.7907 1215.7 511.346
1247 0 81.2041 12.8565 1044 65.4646 1215.58 513.443
1248 0 83.1494 13.0608 1086 65.5847 1215.62 513.624
1249 1 43.0637 10.6354 458 67.8341 1215.9 529.212
1250 0 44.0229 11.494 506 67.4723 1216.5 527.17
1251 0 48.0475 12.8415 617 64.1216 1216.25 529.25
1252 0 49.0742 12.3283 605 65.5917 1216.24 525.177
1253 0 51.0389 13.284 678 63.9971 1215.78 526.142
1254 0 52.0748 12.3284 642 64.9735 1215.32 524.681
1255 0 54.0976 13.5311 732 63.138 1215.69 524.224
1256 0 55.0853 12.8528 708 63.7782 1215.62 524.147
1257 0 56.0614 10.5599 592 66.7179 1215.61 523.75
1258 0 59.1464 12.8664 761 63.4941 1215.5 521.607
1259 0 61.2114 11.5501 707 64.9844 1215.54 522.276
1260 0 61.0797 12.3282 753 64.6892 1215.58 520.51
1261 0 64.1661 12.0157 771 64.4682 1215.13 519.091
1262 0 67.2554 13.3967 901 62.495 1214.95 518.595
1263 0 69.1419 13.6675 945 62.1873 1215.64 517.449
1264 0 71.1305 13.2292 941 63.0723 1214.56 516.443
1265 0 72.1033 11.5806 835 65.1461 1215.18 515.077
1266 0 77.0667 12.5216 965 63.9627 1215.46 515.074
1267 0 78.1391 13.0408 1019 63.2866 1214.73 515.487
1268 0 79.107 12.4262 983 65.0376 1215.09 512.988
1269 0 84.1667 12.5109 1053 64.9544 1214.75 512.021
1270 0 87.0814 12.6778 1104 64.4031 1214.97 512.228
1271 0 88.1315 12.7877 1127 65.2733 1214.26 506.536
1272 0 90.0806 13.5434 1220 64.1549 1213.86 508.625
1273 1 47.0379 11.1612 525 65.8933 1214.5 528.756
1274 0 49.0802 11.8989 584 65.2568 1215.31 528.779
1275 0 51.0785 12.6668 647 65.1252 1214.56 528.144
1276 0 49.0998 11.4664 563 68.4778 1214.97 525.593
1277 0 53.0505 11.9886 636 67.4387 1215.43 525.48
1278 0 56.1223 13.0786 734 65.7902 1215.25 524.676
1279 0 57.1338 12.8295 733 66.0068 1214.83 525.906
1280 0 57.0259 11.9945 684 68.2178 1215.37 523.294
1281 0 61.1469 13.5412 828 65.5821 1215.12 522.69
1282 0 62.1761 13.5422 842 66.2732 1214.62 520.958
1283 0 63.0609 12.0201 758 68.2401 1215 520.182
1284 0 66.0897 11.8627 784 67.7423 1214.54 518.457
1285 0 68.0808 13.5134 920 65.2402 1215.17 518.276
1286 0 71.0733 12.7474 906 65.6104 1215.65 520.429
1287 0 72.0655 12.8356 925 66.3384 1215.72 515.984
1288 0 75.056 14.3093 1074 64.2849 1214.94 513.155
1289 0 78.0855 12.307 961 66.8897 1215.27 512.797
1290 0 79.0874 12.0753 955 67.1508 1215.07 512.933
1291 0 82.1549 12.6955 1043 66.186 1215.82 512.849
1292 0 88.1487 13.965 1231 63.896 1214.77 509.741
1293 0 89.1416 12.8447 1145 65.6079 1215.24 507.386
1294 0 94.1233 13.4717 1268 64.0016 1215.01 506.864
1295 1 47.0644 11.5586 544 65.2224 1214.3 529.112
1296 0 48.2215 9.99555 482 68.0104 1215.25 527.112
1297 0 49.045 10.6637 523 67.0669 1215.32 527.033
1298 0 53.0725 12.0967 642 64.366 1214.56 525.759
1299 0 50.0527 10.389 520 68.2115 1214.76 525.685
1300 0 54.0335 12.0851 653 65.219 1215.27 524.708
1301 0 54.1483 11.7086 634 66.2208 1215.74 523.938
1302 0 58.0773 12.4489 723 63.87 1215.7 525.127
1303 0 58.0499 13.7123 796 63.8204 1216.22 521.132
1304 0 61.0808 13.6704 835 62.6036 1215.09 521.941
1305 0 60.0813 12.1003 727 65.4374 1214.88 521.113
1306 0 64.0778 13.4524 862 63.565 1215.57 518.222
1307 0 64.1658 11.969 768 65.9674 1215.09 519.177
1308 0 68.0909 12.7036 865 64.9272 1215.6 515.083
1309 0 69.1969 12.1248 839 65.994 1215.53 513.441
1310 0 72.1104 12.5641 906 65.1236 1216.49 513.78
1311 0 73.2046 12.0894 885 65.991 1216.25 514.122
1312 0 74.1066 11.2136 831 66.9471 1216.06 513.667
1313 0 80.0728 12.8133 1026 64.7154 1216.06 511.544
1314 0 80.1302 11.5812 928 66.5065 1216.16 511.815
1315 0 84.1563 13.463 1133 63.4113 1216.42 508.411
1316 0 86.0959 12.2422 1054 64.2343 1216.87 511.12
1317 0 91.1021 14.4783 1319 61.8582 1216.04 506.484
1318 0 93.1519 13.0432 1215 63.1547 1215.32 506.798
1319 0 96.0998 12.6951 1220 63.659 1215.47 500.235
1320 1 49.084 10.8386 532 63.1316 1215.41 526.846
1321 0 50.0317 11.073 554 62.4386 1216.12 527.704
1322 0 49.0436 9.72605 477 65.1761 1216.13 524.532
1323 0 52.0623 12.0817 629 61.8299 1215.2 526.113
1324 0 55.0646 12.1494 669 61.2795 1215.16 523.638
1325 0 56.0281 13.4932 756 59.9616 1214.94 521.913
1326 0 57.0444 12.2536 699 61.7353 1214.89 520.775
1327 0 60.0681 10.9376 657 62.4642 1215.2 522.845
1328 0 63.0891 12.9975 820 59.6732 1214.85 519.761
1329 0 64.0852 12.3586 792 60.0215 1215.24 521.136
1330 0 64.0598 12.6132 808 60.7228 1216.26 517.463
1331 0 68.0774 12.5299 853 60.1594 1215.71 515.829
1332 0 69.0553 11.7153 809 61.2645 1215.42 516.577
1333 0 68.0533 10.3301 703 63.9459 1215.75 515.256
1334 0 71.1772 11.1412 793 63.0265 1215.82 514.407
1335 0 75.1457 11.9368 897 62.291 1215.53 513.217
1336 0 79.0769 12.393 980 61.3306 1215.81 513.238
1337 0 80.1453 11.0674 887 63.3856 1215 511.379
1338 0 83.1278 12.0658 1003 62.1984 1215.13 511.356
1339 0 85.0721 11.9781 1019 62.4024 1215.01 508.889
1340 0 88.1193 11.927 1051 62.666 1214.42 505.069
1341 0 89.0927 10.3151 919 64.8868 1215.3 507.669
1342 0 94.1463 10.9723 1033 64.211 1215.34 505.379
1343 1 53.1691 11.7361 624 60.4663 1215.14 526.338
1344 0 54.1049 10.5536 571 62.1191 1215.6 526.301
1345 0 55.1711 10.9296 603 62.9768 1215.2 523.554
1346 0 57.1045 12.6435 722 60.3657 1215.11 523.338
1347 0 59.1454 12.3256 729 61.2359 1214.45 519.004
1348 0 61.0963 12.1775 744 61.6344 1214.75 517.758
1349 0 63.1131 12.0894 763 60.4758 1216.1 521.46
1350 0 65.0637 12.6952 826 60.3608 1215.8 516.648
1351 0 65.1052 10.0914 657 63.3805 1216.06 518.729
1352 0 68.1828 12.0118 819 61.1209 1215.65 514.381
1353 0 71.0724 11.6782 830 60.7048 1215.92 516.182
1354 0 74.3728 12.1953 907 60.7067 1215.31 513.763
1355 0 77.068 12.1321 935 60.6128 1214.66 513.003
1356 0 79.0993 12.655 1001 59.8781 1215.17 511.401
1357 0 79.1336 11.1457 882 62.2007 1215.11 510.287
1358 0 85.1033 11.5507 983 61.2075 1215.42 506.777
1359 0 88.2764 12.189 1076 60.4108 1215.5 507.269
1360 0 89.1063 10.6614 950 62.1421 1215.85 504.996
1361 1 48.1052 9.25056 445 61.0787 1216.56 528.834
1362 0 48.1907 9.00588 434 63.3433 1215.65 525.313
1363 0 51.0606 10.8303 553 60.6347 1215.54 523.599
1364 0 52.0477 10.6057 552 61.0326 1215.15 523.13
1365 0 55.0767 11.4023 628 59.8933 1216.02 522.382
1366 0 57.0727 12.2651 700 58.71 1214.78 521.643
1367 0 59.02 10.9963 649 59.6564 1215.17 522.055
1368 0 61.0608 12.3975 757 58.0898 1215.61 520.232
1369 0 65.114 11.5029 749 58.9292 1216.15 520.398
1370 0 64.0653 10.8483 695 60.4388 1216.41 519.296
1371 0 66.0903 11.4389 756 60.2209 1216.06 515.602
1372 0 67.0447 13.1703 883 58.333 1215.95 517.55
1373 0 73.1191 12.801 936 58.1271 1216.41 514.698
1374 0 72.2391 12.7216 919 58.3526 1216.64 513.151
1375 0 76.1933 11.9564 911 58.9341 1215.25 513.506
1376 0 78.1603 11.9498 934 59.0921 1215.79 510.335
1377 0 82.1958 12.5432 1031 58.1853 1216.82 510.739
1378 0 84.1677 12.2612 1032 58.7326 1216.05 508.669
1379 0 86.2692 13.2724 1145 57.9502 1216.72 506.192
1380 0 88.1795 11.8395 1044 59.7931 1216.37 506.18
1381 0 92.1724 12.5309 1155 59.2554 1216.03 502.915
1382 0 97.144 12.4969 1214 59.2834 1216.43 503.794
1383 0 100.205 12.2648 1229 59.4874 1215.44 503.083
1384 1 54.1235 10.1989 552 58.8841 1215.62 527.947
1385 0 57.1468 11.5492 660 59.0591 1216.35 522.047
1386 0 60.1056 12.7609 767 57.2151 1215.95 521.876
1387 0 60.1657 10.3547 623 60.4045 1216.07 521.377
1388 0 61.0915 11.18 683 59.9122 1215.92 521.972
1389 0 66.1744 13.0262 862 57.3213 1215.76 520.624
1390 0 65.1608 11.3412 739 59.7348 1215.63 520.03
1391 0 67.2486 12.7586 858 58.352 1215.71 516.075
1392 0 70.1775 11.9981 842 59.1722 1215.54 516.515
1393 0 70.1384 11.1636 783 60.0715 1215.5 516.31
1394 0 73.1993 11.4892 841 60.0785 1215.39 517.026
1395 0 76.3835 11.9398 912 59.2204 1215.8 513.467
1396 0 81.1236 12.4748 1012 58.167 1215.41 513.069
1397 0 81.1684 11.5439 937 59.6617 1216.28 511.34
1398 0 86.3614 13.1656 1137 57.1495 1215.73 512.447
1399 0 87.3078 11.8088 1031 59.5131 1215.46 508.815
1400 1 46.1086 11.3645 524 57.8912 1214.94 529.282
1401 0 47.1888 11.507 543 57.3775 1216.04 529.506
1402 0 47.1317 10.651 502 59.5199 1215.21 528.068
1403 0 48.077 10.6704 513 58.694 1216.43 528.302
1404 0 52.1351 11.9114 621 56.3269 1214.9 528.122
1405 0 53.1088 11.467 609 57.4171 1214.65 527.635
1406 0 55.1448 11.4245 630 57.8667 1215.61 525.916
1407 0 54.2047 12.0285 652 57.9755 1216.29 523.942
1408 0 57.1902 12.8169 733 57.1351 1216.14 523.558
1409 0 55.1099 9.83489 542 61.3284 1215.81 524.576
1410 0 61.1619 12.5732 769 57.619 1216.42 522.209
1411 0 62.0371 12.6215 783 57.599 1216.39 520.871
1412 0 65.0974 12.7809 832 57.4291 1216.87 519.495
1413 0 64.1455 11.583 743 59.0673 1216.91 520.513
1414 0 67.0535 12.4975 838 58.0692 1216.4 518.647
1415 0 71.1563 12.6201 898 56.6203 1217.08 520.713
1416 0 72.0975 11.6925 843 58.2503 1217.21 517.852
1417 0 73.0694 11.797 862 58.051 1217.32 517.912
1418 0 77.1838 12.8265 990 56.7313 1217.21 517.652
1419 0 78.1163 12.6734 990 57.9071 1216.59 514.816
1420 0 82.2085 12.5535 1032 57.7645 1217.03 513.575
1421 0 83.1599 10.6061 882 60.1735 1216.78 512.137
1422 0 86.0594 12.5495 1080 58.2148 1216.91 510.593
1423 0 87.1374 10.5236 917 60.5278 1216.97 510.937
1424 0 91.165 11.4737 1046 59.1434 1216.26 509.498
1425 0 91.165 11.4737 1046 137.292 1215.25 509.387
1426 1 48.0285 8.99465 432 61.5648 1217.28 530.63
1427 0 51.0912 10.0604 514 60.4105 1217.21 530.638
1428 0 52.0834 10.9632 571 60.6427 1216.67 527.469
1429 0 54.0876 11.9251 645 59.4186 1216.51 526.414
1430 0 56.0734 11.3601 637 59.6421 1216.39 527.598
1431 0 57.1544 11.6352 665 59.8602 1215.86 525.414
1432 0 58.1407 12.5901 732 59.5109 1215.92 524.107
1433 0 61.0914 12.555 767 59.2934 1215.77 524.256
1434 0 63.1071 11.3616 717 60.8271 1215.43 521.664
1435 0 64.129 12.9271 829 58.5163 1215.79 523.392
1436 0 65.033 11.5172 749 60.7904 1216.22 517.872
1437 0 68.1272 12.1831 830 59.9976 1215.92 519.601
1438 0 69.192 12.2847 850 60.0082 1215.79 519.342
1439 0 71.1409 12.5385 892 60.0247 1215.46 519.065
1440 0 73.1241 12.4719 912 60.9123 1215.82 515.221
1441 0 77.1121 12.2419 944 61.8962 1215.45 512.432
1442 0 79.1324 12.0052 950 61.8568 1215.71 513.799
1443 0 79.2902 11.6534 924 63.1158 1215.29 509.828
1444 1 42.0952 9.69232 408 63.6348 1215.1 530.77
1445 0 41.0554 11.862 487 62.2136 1215.91 530.004
1446 0 45.0933 11.4208 515 62.6466 1215.54 529.142
1447 0 48.0977 10.8529 522 61.9808 1215.9 532.025
1448 0 48.0663 12.0251 578 61.9135 1215.61 527.45
1449 0 49.0802 11.4506 562 63.8772 1215.3 526.4
1450 0 51.1169 11.9921 613 62.7977 1215.56 528.445
1451 0 51.0533 12.2813 627 63.1388 1215.54 525.464
1452 0 54.0795 11.6865 632 63.5712 1215.88 525.441
1453 0 57.1007 11.0156 629 63.8219 1215.14 525.14
1454 0 58.0804 13.2747 771 61.1751 1215.27 522.503
1455 0 59.0709 13.069 772 61.4741 1215.19 522.671
1456 0 61.0846 13.4568 822 60.5328 1215.82 520.736
1457 0 63.215 12.1174 766 61.7141 1215.36 521.444
1458 0 64.1214 13.2093 847 60.7839 1215.47 518.915
1459 0 64.1044 12.0428 772 62.465 1215.19 518.81
1460 0 65.085 10.4479 680 63.8632 1215.91 519.751
1461 0 69.029 11.8935 821 62.5104 1215.76 518.449
1462 0 72.0973 12.5247 903 60.8627 1215.82 519.701
1463 0 74.0545 12.5718 931 62.2675 1215.65 517.106
1464 0 75.0884 11.906 894 62.8725 1215.9 516.673
1465 0 79.0793 13.8216 1093 60.9048 1214.89 514.234
1466 0 81.0593 12.5957 1021 61.7003 1215.65 514.503
1467 0 83.1077 12.9471 1076 62.2277 1215.19 509.388
1468 0 85.393 12.7177 1086 62.5783 1215.31 510.186
1469 0 89.1696 13.6033 1213 61.5136 1215.45 508.536
1470 0 90.0519 11.882 1070 63.9692 1215.62 508.413
1471 0 93.1916 11.0632 1031 64.6043 1215.52 509.084
1472 0 95.1449 13.3376 1269 62.6919 1216.21 505.513
1473 1 47.0994 10.3611 488 64.625 1216.37 528.775
1474 0 52.0368 12.8178 667 60.5727 1215.86 527.93
1475 0 52.0858 12.3066 641 62.3027 1215.41 527.114
1476 0 52.1263 12.8534 670 62.7328 1215.2 524.904
1477 0 54.1098 12.9182 699 62.5122 1215.25 525.687
1478 0 55.1542 12.9455 714 62.6246 1215.51 525.284
1479 0 57.0784 12.7193 726 62.7975 1215.8 524.366
1480 0 59.1983 11.4868 680 64.1853 1215.49 525.718
1481 0 59.033 11.9933 708 63.8079 1215.06 524.266
1482 0 62.1351 13.1166 815 62.6601 1215.04 520.239
1483 0 63.1562 11.4636 724 65.1602 1214.82 521.602
1484 0 67.0795 14.848 996 61.0713 1215.05 520.115
1485 0 67.0293 12.308 825 64.8642 1214.6 519.332
1486 0 71.0916 14.3899 1023 62.0655 1215.11 519.494
1487 0 72.0736 13.0977 944 64.5477 1215.53 516.095
1488 0 74.1137 13.8166 1024 64.4854 1215.15 514.342
1489 0 79.0751 13.3038 1052 65.0789 1214.79 515.129
1490 0 77.0268 12.632 973 66.7842 1214.92 514.441
1491 0 82.0668 13.3672 1097 65.7849 1214.65 514.068
1492 0 85.0573 14.79 1258 64.2194 1215.08 509.89
1493 0 87.0667 12.8292 1117 67.6571 1215.14 507.533
1494 0 90.1636 12.5328 1130 68.4947 1215.22 508.545
1495 1 45.0569 10.7198 483 70.06 1215.32 529.422
1496 0 46.1311 11.2505 519 70.2987 1215.33 528.32
1497 0 49.1089 12.2178 600 68.8917 1215.5 526.487
1498 0 50.0153 12.7161 636 68.989 1215.86 525.711
1499 0 51.0526 11.0278 563 71.0497 1215.99 527.989
1500 0 54.0841 11.8704 642 69.9704 1214.88 525.467
1501 0 57.0784 14.0158 800 66.3225 1215.72 525.221
1502 0 59.0625 13.2572 783 67.7101 1215.94 523.613
1503 0 58.0955 11.1713 649 71.245 1215.22 520.638
1504 0 61.1889 13.3684 818 67.3985 1215.32 521.087
1505 0 62.1201 13.2807 825 68.7164 1214.96 518.495
1506 0 64.0634 12.6749 812 69.3399 1215.59 519.762
1507 0 68.0618 13.429 914 68.0766 1215.52 514.337
1508 0 70.0811 14.5831 1022 66.5108 1215.32 514.296
1509 0 71.0719 13.2683 943 69.0944 1215.38 513.812
1510 0 74.0583 12.7737 946 69.0159 1215.74 513.705
1511 0 76.0857 12.2362 931 69.377 1215.61 512.527
1512 0 78.216 12.1075 947 69.5343 1216.16 510.683
1513 0 82.0774 12.4882 1025 68.2868 1215.41 511.489
1514 0 86.0975 12.4975 1076 68.7017 1214.85 508.911
1515 0 85.1364 11.0059 937 71.5624 1215.36 507.358
1516 0 88.1133 11.9278 1051 69.8011 1216.1 507.598
1517 1 49.0538 10.7433 527 68.7419 1215.89 527.357
1518 0 49.0595 10.5994 520 68.8962 1216.44 526.181
1519 0 51.0292 12.0715 616 67.3198 1216.03 525.44
1520 0 52.1581 11.7144 611 67.0949 1215.6 525.591
1521 0 53.147 11.5152 612 68.1879 1216.04 523.734
1522 0 53.1406 11.479 610 68.0967 1215.78 524.021
1523 0 58.1104 11.6674 678 66.6888 1216.01 522.417
1524 0 59.0783 12.9151 763 65.4404 1216.4 520.494
1525 0 58.0546 11.2653 654 68.4893 1215.91 521.589
1526 0 63.1771 13.1377 830 64.653 1216.75 519.812
1527 0 63.1094 12.3436 779 66.1271 1216.06 519.374
1528 0 68.0545 13.6802 931 63.1429 1215.27 518.744
1529 0 69.1259 13.121 907 64.8181 1215.6 515.879
1530 0 69.0408 11.3846 786 67.2595 1216.13 515.618
1531 0 73.1736 13.0375 954 64.7044 1215.71 514.665
1532 0 75.19 12.8873 969 65.2208 1216.21 513.272
1533 0 78.0907 12.7544 996 65.3323 1215.54 513.181
1534 0 81.0913 11.6412 944 66.1335 1215.46 513.225
1535 0 83.195 13.4023 1115 64.5641 1215.54 506.356
1536 0 84.1851 11.8548 998 67.0521 1215.42 506.973
1537 0 87.2321 13.6303 1189 64.2952 1215.06 503.73
1538 1 49.0326 11.1762 548 62.615 1215.35 528.29
1539 0 50.0411 11.7503 588 62.2143 1214.82 528.065
1540 0 49.0695 10.7195 526 64.057 1214.45 527.243
1541 0 53.0452 11.5939 615 62.0537 1214.83 525.385
1542 0 54.0627 10.7283 580 63.219 1215.11 523.562
1543 0 56.0369 10.6359 596 63.2953 1215.07 523.435
1544 0 59.1489 11.3781 673 61.3581 1215.01 524.389
1545 0 59.2655 11.2882 669 61.7593 1215.45 521.656
1546 0 63.1036 12.2655 774 60.0607 1215.85 522.026
1547 0 63.1631 10.5758 668 62.3488 1215.08 520.168
1548 0 65.2313 11.2829 736 60.8668 1215.32 521.406
1549 0 66.2016 12.2202 809 60.8591 1215.76 518.492
1550 0 71.1027 12.278 873 59.6151 1215.26 518.975
1551 0 72.1862 11.4288 825 61.7248 1214.86 515.463
1552 0 73.1346 11.1302 814 62.102 1214.96 516.353
1553 0 75.2471 10.9506 824 62.9163 1214.22 513.958
1554 0 79.2106 10.3269 818 63.5575 1215.13 513.163
1555 0 80.0877 11.0754 887 63.3517 1214.48 511.525
1556 0 83.151 11.7257 975 62.4451 1214.69 508.048
1557 1 47.0242 9.27183 436 62.0894 1214.97 530.445
1558 0 48.0975 10.749 517 61.0309 1215.02 526.963
1559 0 49.0397 11.3785 558 60.5842 1214.99 526.642
1560 0 53.0463 12.3666 656 58.7226 1214.38 525.956
1561 0 54.1282 11.2511 609 59.7323 1215.33 525.993
1562 0 54.1239 11.0672 599 60.172 1215.1 522.109
1563 0 58.1133 11.839 688 58.4651 1215.17 524.874
1564 0 59.1469 12.0716 714 58.4958 1214.94 520.195
1565 0 58.1156 9.85965 573 61.4223 1215.31 520.532
1566 0 61.1755 10.004 612 60.7745 1215.17 519.533
1567 0 63.0735 11.5262 727 58.8886 1214.43 518.684
1568 0 65.1122 10.3053 671 59.5082 1214.79 518.873
1569 0 66.2525 9.87133 654 60.2645 1214.58 517.413
1570 0 70.1086 10.8974 764 59.2827 1214.56 512.709
1571 0 74.1139 12.6562 938 56.645 1214.96 514.842
1572 0 74.181 10.5283 781 59.3803 1214.87 512.557
1573 0 73.0807 10.1395 741 60.3428 1215.29 511.538
1574 0 77.1084 12.0999 933 57.9807 1215.61 510.912
1575 0 81.2186 11.1551 906 58.3863 1215.35 511.045
1576 0 81.0723 11.2862 915 59.2383 1214.83 508.011
1577 0 82.0628 10.1508 833 60.9892 1215.1 506.587
1578 0 87.1243 11.2713 982 59.2566 1215.46 508.158
1579 0 88.1393 11.7995 1040 59.4654 1214.75 504.314
1580 0 94.0829 12.8079 1205 58.0133 1214.62 502.983
1581 1 48.0173 11.8915 571 58.3398 1214.72 523.727
1582 0 49.0821 8.51634 418 61.9067 1215.17 523.978
1583 0 49.0581 8.94857 439 61.8405 1214.89 524.544
1584 0 55.1274 10.5574 582 59.3024 1214.37 523.552
1585 0 56.134 10.5106 590 59.7017 1214.84 522.992
1586 0 58.0592 10.8165 628 59.242 1215.43 520.498
1587 0 59.2215 9.18585 544 60.9853 1214.8 522.151
1588 0 61.0537 10.9576 669 59.299 1214.56 519.659
1589 0 62.1487 11.5047 715 59.2434 1214.75 518.439
1590 0 65.0807 11.5856 754 58.6061 1214.84 519.511
1591 0 66.0643 12.0943 799 58.7247 1214.47 516.976
1592 0 67.063 10.9897 737 59.9145 1214.67 515.14
1593 0 70.0735 12.0873 847 58.3412 1214.87 515.274
1594 0 71.1571 12.7605 908 58.4075 1214.29 514.044
1595 0 75.1029 12.2499 920 58.388 1214.52 514.626
1596 0 77.0932 13.2826 1024 57.7246 1214.68 511.351
1597 0 79.0908 12.3655 978 59.136 1214.4 509.679
1598 0 80.0573 10.7048 857 61.5099 1214.88 509.841
1599 0 83.1553 10.9674 912 61.0362 1214.64 509.143
1600 0 88.1226 13.9578 1230 57.8415 1214.82 507.155
1601 0 89.0929 12.2344 1090 60.0092 1215.25 507.197
1602 0 91.1731 13.6005 1240 59.146 1215.15 504.392
1603 0 94.2515 11.8725 1119 61.1626 1214.78 503.725
1604 1 52.0993 11.67 608 59.3947 1214.01 525.827
1605 0 52.1254 11.0119 574 61.0958 1213.93 526.261
1606 0 52.0763 11.1759 582 61.3024 1214.35 526.103
1607 0 55.0841 12.3266 679 60.6834 1214.13 524.738
1608 0 57.0337 12.5189 714 60.486 1214 525.084
1609 0 59.1571 12.1879 721 60.8571 1214.76 524.963
1610 0 60.0985 11.9304 717 61.5453 1214.3 521.702
1611 0 63.2004 13.0063 822 59.9112 1214.67 519.973
1612 0 64.0942 12.8873 826 60.6683 1213.83 519.047
1613 0 67.1253 13.0353 875 59.936 1214.16 519.224
1614 0 68.1546 10.6963 729 62.5734 1214.4 519.182
1615 0 70.2103 14.656 1029 58.4908 1214.98 515.88
1616 0 71.1082 11.827 841 62.5327 1214.07 514.074
1617 0 70.1346 10.9361 767 64.2803 1214.95 513.334
1618 0 76.1491 11.7007 891 62.1863 1215.08 515.939
1619 0 77.1121 12.1771 939 62.0905 1214.91 512.327
1620 0 81.2866 12.6343 1027 61.2571 1215.24 511.392
1621 0 84.0876 14.7109 1237 58.9248 1215.76 508.795
1622 0 86.1082 12.554 1081 61.9935 1215.52 507.837
1623 0 86.1524 10.377 894 65.2002 1215.35 506.909
1624 0 90.253 12.4317 1122 62.1497 1215.29 507.428
1625 0 89.1878 11.8626 1058 64.4178 1215.41 504.647
1626 0 93.2041 11.0725 1032 64.905 1215.14 505.843
1627 1 49.047 9.80692 481 65.4304 1215.77 527.077
1628 0 49.0997 11.5887 569 64.2127 1216.6 526.627
1629 0 48.1627 10.9006 525 66.0362 1216.24 526.787
1630 0 47.071 11.0471 520 67.2769 1215.41 526.987
1631 0 50.1372 11.309 567 67.6138 1215.4 517.483
1632 0 52.154 9.26104 483 70.5901 1215.51 520.358
1633 0 54.2608 10.726 582 68.5326 1215.31 518.6
1634 0 55.1675 11.4742 633 67.3191 1215.38 520.264
1635 0 56.212 11.4744 645 67.586 1215.33 519.563
1636 0 52.1141 12.7605 665 68.0902 1214.83 516.702
1637 0 48.1037 10.5605 508 72.4272 1214.68 512.52
1638 0 44.0874 8.09755 357 76.7535 1214.88 513.062
1639 0 44.0977 7.6648 338 77.6568 1214.55 513.55
1640 0 40.0553 8.08882 324 81.4383 1215.17 515.438
1641 0 35.0602 9.9543 349 81.5473 1214.47 515.722
1642 0 39.1193 8.76806 343 82.6589 1213.9 517.335
1643 1 0 0 1 66 1215 498
1644 1 39.0752 9.5201 372 84.4086 1214.45 517.602
1645 0 36.1684 8.62632 312 84.4263 1214.39 514.279
1646 1 57.9567 12.5438 727 74.6369 1213.41 523.653
1647 0 54.9322 12.4517 684 76.9737 1214.25 525.43
1648 0 53.1341 12.3085 654 80.289 1213.85 523.602
1649 0 54.9972 12.4734 686 79.4694 1213.88 525.815
1650 0 52.1845 12.4558 650 82 1213.95 525.549
1651 0 51.1934 13.0095 666 82.7778 1213.66 525.141
1652 0 55.561 13.4807 749 78.3338 1213.37 526.235
1653 0 56.6502 15.887 900 75.4233 1213.27 525.644
1654 0 58.9803 13.9029 820 77.0317 1213.51 525.679
1655 0 55.2558 13.1027 724 82.3011 1214.45 524.424
1656 0 55.8818 13.5286 756 81.6931 1213.96 523.693
1657 0 55.0532 12.5152 689 84.8679 1213.77 525.681
