time division length width area intensity CMx CMy
0 0 56.0611 12.308 690 61.913 588.884 512.861
1 0 58.1825 11.8592 690 61.5159 588.822 512.455
2 0 58.0462 11.353 659 62.1669 588.24 513.131
3 0 60.0305 11.9106 715 61.5636 588.05 512.484
4 0 60.0955 11.1489 670 62.3164 588.287 512.122
5 0 64.1197 12.3987 795 60.3233 588.27 512.299
6 0 64.2368 11.3953 732 61.8538 588.081 509.526
7 0 64.0418 11.3363 726 62.219 587.154 512.532
8 0 66.0526 11.9299 788 60.9188 587.664 511.316
9 0 69.0385 12.5292 865 59.9353 587.36 511.479
10 0 69.0385 12.5147 864 136.194 587.368 511.455
11 0 73.0992 12.2984 899 60.2403 587.126 510.539
12 0 72.0512 12.6577 912 60 587.14 511.805
13 1 37.011 11.4831 425 60.5388 587.706 525.593
14 0 39.0668 11.5955 453 61.3355 586.435 524.113
15 0 39.0823 10.5674 413 62.7748 586.4 524.988
16 0 42.0371 11.3947 479 61.4426 586.812 524.551
17 0 41.0191 12.0188 493 61.9047 586.724 523.286
18 0 44.0337 13.6486 601 59.5191 587.271 523.664
19 0 43.0767 11.9554 515 62.6097 587.318 523.105
20 0 44.062 10.8711 479 64.0543 586.921 523.537
21 0 45.0646 10.6514 480 63.4208 586.112 523.765
22 0 47.0352 11.013 518 63.3803 586.564 522.419
23 0 48.0203 12.2448 588 63.1122 586.599 519.913
24 0 48.0541 11.9657 575 63.7322 586.73 517.414
25 0 51.0321 13.2858 678 61.3732 586.509 517.978
26 0 54.0183 12.2366 661 62.6702 587.101 518.177
27 0 56.1208 11.0832 622 63.6399 587.23 518.822
28 0 57.0526 13.6891 781 61.1511 586.763 516.832
29 0 58.0511 13.0747 759 62.3439 587.047 515.708
30 0 60.0203 12.7457 765 62.8405 587.341 514.201
31 0 63.1386 12.6072 796 62.6595 586.279 515.098
32 0 64.0303 12.3223 789 63.6185 586.891 512.918
33 0 65.1181 12.3775 806 64.2841 587.362 510.447
34 0 66.033 11.4942 759 64.8379 587.444 511.975
35 0 69.1956 12.2985 851 64.8331 587.933 510.325
36 0 72.0868 11.833 853 65.068 587.196 509.359
37 0 72.0297 10.3013 742 67.7668 587.423 507.615
38 0 75.0731 11.9484 897 65.9554 588.055 507.429
39 0 78.204 12.2372 957 65.373 588.237 506.569
40 1 39.0792 9.69825 379 66.3008 587.913 525.282
41 0 39.0422 10.9113 426 66.0986 587.697 522.57
42 0 41.0337 11.454 470 66.1936 588.098 521.415
43 0 43.1411 10.9177 471 66.2442 588.631 522.964
44 0 45.0135 9.90815 446 67.9933 588.531 522.464
45 0 46.1191 9.12853 421 68.0713 588.252 522.496
46 0 48.1344 11.3848 548 65.6971 587.719 520.511
47 0 51.0179 12.231 624 64.2196 588.819 521.159
48 0 51.0523 11.2434 574 66.1167 589.169 519.098
49 0 52.0335 11.7617 612 65.8922 588.106 518.998
50 0 57.074 10.7404 613 66.1158 588.732 518.546
51 0 57.026 11.9069 679 66.2327 588.459 515.246
52 0 59.1239 10.96 648 67.2623 588.469 514.039
53 0 60.0576 12.538 753 65.9084 588.352 513.483
54 0 64.0454 12.9908 832 65.1526 588.481 510.77
55 0 62.0567 10.7644 668 68.9955 588.936 512.087
56 0 67.0566 11.7214 786 67.0127 588.511 513.182
57 0 69.1076 11.3446 784 68.2577 588.676 511.272
58 0 71.0717 12.607 896 67.5971 588.354 508.75
59 0 73.0861 13.3678 977 67.1668 589.493 507.299
60 0 77.0841 12.1556 937 68.2028 589.793 506.271
61 0 76.1356 10.7703 820 70.7951 589.683 505.399
62 0 81.0809 11.9757 971 69.3357 589.266 504.811
63 0 85.0903 11.4819 977 69.9089 589.502 504.356
64 0 84.0903 10.5363 886 71.5384 589.229 504.054
65 0 86.1259 10.7053 922 72.4935 588.807 500.2
66 0 90.1163 11.7515 1059 71.3022 588.704 499.81
67 0 91.1828 11.5811 1056 70.7017 588.576 501.723
68 1 50.061 10.8867 545 68.4239 588.328 520.943
69 0 50.093 10.3408 518 70.8436 588.809 518.517
70 0 52.0967 10.4037 542 70.1771 589.266 518.83
71 0 54.0679 11.2266 607 68.9918 589.445 517.493
72 0 56.0452 11.0268 618 69.2071 589.44 516.133
73 0 58.0234 11.1334 646 68.918 588.43 515.83
74 0 59.0294 10.7573 635 69.5276 588.033 515.187
75 0 61.0701 12.1336 741 67.8583 588.117 513.324
76 0 61.0458 11.2047 684 69.1944 588.965 514.664
77 0 62.0089 9.75666 605 71.9322 588.722 512.927
78 0 67.0472 10.4852 703 70.1181 588.747 512.178
79 0 66.1673 11.2291 743 70.6608 588.665 511.147
80 0 70.0601 11.1904 784 69.986 589.036 510.666
81 0 71.0675 10.1312 720 72.0097 589.169 508.903
82 0 75.0788 11.0018 826 70.9249 589.322 507.412
83 0 75.0846 9.77564 734 73.4877 589.732 505.894
84 0 79.0672 11.446 905 71.8221 589.361 503.524
85 0 80.0741 10.9024 873 72.9485 589 502.487
86 0 84.0364 11.4355 961 72.4266 589.451 502.455
87 0 88.0736 11.2974 995 71.8774 589.14 501.32
88 0 91.1075 10.1419 924 73.9892 588.789 499.39
89 0 94.0365 11.0702 1041 72.3977 588.727 498.586
90 0 96.1353 12.7112 1222 70.9959 588.831 495.147
91 0 98.2373 10.6986 1051 73.5062 588.82 496.526
92 1 46.0675 8.33559 384 71.5885 589.424 519.117
93 0 49.1335 8.93484 439 70.5535 589.339 518.724
94 0 49.0478 9.88832 485 69.1175 589.61 519.755
95 0 49.093 8.08669 397 71.8816 589.302 517.65
96 0 52.1023 9.21265 480 70.2188 589.477 518.117
97 0 53.08 8.87339 471 70.862 589.461 517.338
98 0 56.0439 11.1341 624 67.9936 589.2 517.572
99 0 56.1262 9.28265 521 70.5106 588.793 515.99
100 0 60.0704 10.0382 603 69.539 589.065 515.375
101 0 60.0895 8.271 497 72.5332 588.694 513.954
102 0 64.0367 10.2441 656 69.7607 589.114 512.276
103 0 64.0705 9.61442 616 72.1039 589.351 509.231
104 0 64.0813 8.7077 558 73.7724 589.129 507.548
105 0 69.0671 9.70071 670 71.5343 589.069 508.313
106 0 71.049 10.1479 721 70.5354 588.956 507.157
107 0 73.0544 8.92485 652 73.0567 589.416 505.91
108 0 74.1026 9.32491 691 72.534 588.554 505.434
109 0 77.0966 9.76697 753 72.6441 588.768 503.497
110 1 40.0474 9.06425 363 69.8953 589.799 520.846
111 0 41.013 9.72862 399 68.9298 589.825 520.371
112 0 42.0261 8.82785 371 70.4528 589.173 519.358
113 0 45.0327 8.86022 399 70.9599 589.063 518.331
114 0 45.0999 8.84703 399 70.2732 588.752 518.757
115 0 47.0141 10.4011 489 68.0286 588.526 519.278
116 0 48.0915 9.04525 435 69.754 588.982 519.002
117 0 51.0795 10.2977 526 67.7871 589.124 518.793
118 0 51.0909 10.9217 558 67.3047 589.401 516.953
119 0 52.1146 11.5707 603 67.2322 589.607 515.514
120 0 54.0664 10.6166 574 67.4652 589.333 515.446
121 0 56.0893 10.4298 585 67.8103 588.549 513.55
122 0 59.0768 10.9857 649 66.6225 588.456 513.418
123 0 60.058 9.14116 549 68.8506 588.557 513.608
124 0 60.0758 8.98865 540 69.337 588.028 514.987
125 0 61.0683 10.0052 611 68.9116 587.89 509.895
126 0 64.1179 9.99721 641 68.5273 588.223 510.749
127 0 64.1368 9.52651 611 69.5286 588.938 510.049
128 0 68.1408 9.93532 677 69.2496 587.882 508.814
129 0 70.0665 11.8316 829 66.5308 588.46 505.247
130 0 71.0801 10.7344 763 68.536 588.879 504.731
131 0 71.1688 9.82171 699 69.8126 589.079 502.831
132 0 76.0616 11.2015 852 67.5599 588.802 502.218
133 0 78.1648 10.3755 811 68.4217 588.851 502.227
134 0 82.1432 10.3478 850 68.1706 589.214 501.151
135 0 82.17 10.3079 847 68.366 589.261 501.301
136 0 87.0783 12.1385 1057 66.2498 589.744 498.233
137 0 87.2465 10.9689 957 67.8892 589.138 496.528
138 1 47.0419 9.4384 444 66.0248 590.034 518.5
139 0 49.0284 9.05598 444 66.7635 589.761 516.25
140 0 51.0488 12.8309 655 62.1298 589.469 515.508
141 0 52.0216 9.49605 494 66.4656 589.561 516.668
142 0 52.0543 10.2201 532 66.1259 590.083 514.252
143 0 53.0689 8.87526 471 68.7516 589.522 514.382
144 0 56.0376 10.3324 579 66.4905 588.596 513.282
145 0 56.1112 11.1742 627 66.3014 589.11 511.836
146 0 60.0778 10.9691 659 65.6464 588.819 511.897
147 0 59.0793 11.7469 694 65.1686 588.683 508.166
148 0 63.0792 11.4459 722 65.2673 588.726 510.209
149 0 65.1217 11.7165 763 64.1206 589.076 510.699
150 0 67.066 11.4514 768 65.099 589.04 508.648
151 0 68.0874 10.325 703 66.2987 589.358 508.455
152 0 72.159 12.3477 891 63.8294 588.276 504.967
153 1 38.1026 10.8129 412 63.1311 589.481 522.769
154 0 36.049 8.90455 321 65.3583 589.252 523.48
155 0 38.0122 10.5229 400 63.915 589.67 520.935
156 0 37.0435 9.82627 364 64.5165 590.305 522.879
157 0 39.0539 10.908 426 63.6056 590.049 519.998
158 0 41.0182 10.5563 433 63.4942 589.896 520.199
159 0 39.0103 8.51057 332 66.7078 589.503 520.386
160 0 40.1023 8.07934 324 66.7407 588.59 522.219
161 0 42.0274 8.70861 366 66.2923 588.32 519.664
162 0 45.04 10.9458 493 62.998 588.55 519.016
163 0 43.1044 8.30542 358 66.8715 588.366 517.919
164 0 48.0437 11.219 539 62.3896 589.035 516.445
165 0 48.0722 10.0474 483 64.5487 588.462 516.199
166 0 51.0698 11.357 580 62.019 589.559 515.922
167 0 51.0598 10.4192 532 63.7011 589.395 514.782
168 0 53.0425 11.8019 626 62.2045 589.075 511.085
169 0 56.075 11.877 666 61.0976 588.694 511.165
170 0 58.0966 10.035 583 63.7839 588.654 511.782
171 0 59.1687 9.73488 576 63.5521 588.783 511.806
172 0 61.067 11.0698 676 61.966 588.911 510.743
173 0 62.0554 11.1513 692 62.5043 589.205 507.91
174 0 65.0368 10.4864 682 62.9296 588.336 510.23
175 0 67.058 10.4238 699 63.0658 588.888 507.505
176 1 33.0161 8.05667 266 64.312 588.996 522.241
177 0 35.0129 11.5101 403 61.1489 589.546 523.042
178 0 34.0345 7.93312 270 65.9519 589.826 522.141
179 0 35.0092 8.91195 312 65.125 588.503 522.554
180 0 37.0128 9.26706 343 64.379 588.539 520.601
181 0 39.0572 9.78053 382 63.0628 588.948 522.785
182 0 41.037 9.96662 409 61.8778 588.809 522.971
183 0 40.0215 8.69533 348 64.3908 588.207 522.443
184 0 45.0725 10.8492 489 59.6033 588.006 521.928
185 0 44.0761 11.0491 487 60.4825 587.996 519.747
186 0 46.0657 10.8323 499 59.996 588.517 521.038
187 0 48.0724 10.5674 508 60.3937 588.228 519.709
188 0 51.0821 11.6283 594 58.4613 587.52 518.342
189 0 51.0479 11.6361 594 59.8771 586.756 515.635
190 0 51.0705 11.3568 580 59.85 586.26 515.398
191 0 54.1649 10.8004 585 60.2906 585.844 517.438
192 0 56.0614 9.61446 539 62.4453 585.204 516.019
193 0 57.0441 10.3604 591 60.7411 584.98 516.528
194 0 60.1732 10.9351 658 59.535 585.312 518.123
195 0 61.1426 10.4673 640 61.0016 585.542 513.672
196 0 63.0754 10.5429 665 60.4526 585.435 511.355
197 0 66.0896 11.3331 749 59.2857 585.105 510.758
198 0 69.0591 11.5264 796 59.0917 584.894 511.779
199 0 71.0778 13.633 969 56.6811 584.945 510.26
200 0 72.0663 10.5458 760 60.1842 584.918 511.132
201 0 75.0823 9.46961 711 59.789 585.828 513.644
202 0 77.0808 9.3149 718 60.9192 584.677 512.111
203 1 40.0217 9.49484 380 59.2421 585.039 527.476
204 0 40.0213 10.3195 413 59.1525 585.494 526.821
205 0 42.0249 9.8275 413 59.2155 585.881 526.564
206 0 43.0315 10.2251 440 59.1545 585.345 525.957
207 0 46.149 10.4661 483 58.2981 583.727 525.466
208 0 46.0272 11.1673 514 57.8949 583.805 524.105
209 0 49.1457 11.2726 554 57.7256 584.536 524.226
210 0 49.0423 12.3975 608 56.4507 583.666 524.288
211 0 50.1164 10.3359 518 58.3784 583.365 524.319
212 0 53.1091 11.467 609 57.1018 582.987 522.806
213 0 54.0374 10.6963 578 58.4913 583.666 522.327
214 0 55.0702 12.475 687 56.8603 583.112 522.242
215 0 57.0352 12.0277 686 57.2405 582.673 520.192
216 0 57.1034 11.3478 648 58.8904 582.943 518.718
217 0 60.0358 10.7269 644 59.5047 582.596 518.208
218 0 62.1203 11.027 685 59.0234 583.077 516.825
219 0 63.0508 11.3876 718 58.961 581.909 514.774
220 0 65.0427 11.6231 756 58.2315 582.384 516.393
221 0 67.1236 10.8159 726 59.1915 582.339 514.054
222 0 68.1762 12.497 852 57.9366 581.843 510.804
223 0 71.0499 12.3434 877 58.2303 583.299 512.072
224 0 75.1429 12.1901 916 57.8111 582.904 511.284
225 0 76.0594 11.1492 848 59.8208 582.882 507.759
226 0 78.1514 10.9787 858 60.324 582.885 508.642
227 1 43.0373 10.4096 448 59.4576 582.029 526.585
228 0 43.0318 11.782 507 57.8836 581.953 525.536
229 0 43.0512 10.3133 444 60.1396 582.068 523.036
230 0 45.0971 12.2403 552 57.4891 582.752 521.594
231 0 47.0861 10.9374 515 59.1243 582.249 521.662
232 0 49.1027 12.1989 599 57.8464 583.11 520.653
233 0 49.0211 11.6276 570 58.9579 584.168 520.311
234 0 51.1222 11.6388 595 59.6908 584.262 518.541
235 0 53.0524 10.1786 540 60.7074 583.978 519.97
236 0 56.0599 12.3796 694 57.598 583.63 518.618
237 0 57.0419 11.7107 668 58.8982 583.611 515.741
238 0 59.0809 12.339 729 58.0357 583.793 514.27
239 0 59.0199 12.6059 744 58.746 584.148 513.024
240 0 61.0419 11.959 730 59.5342 584.447 512.932
241 0 63.1444 10.5789 668 60.8743 583.636 512.193
242 0 67.092 12.5052 839 58.3921 583.47 509.684
243 0 67.0912 11.7601 789 59.1204 583.854 506.938
244 0 70.0154 12.7972 896 57.9074 583.746 508.845
245 0 71.0761 11.3118 804 59.5299 583.51 507.372
246 0 74.1306 13.2064 979 57.3882 584.314 505.841
247 0 76.1746 11.3424 864 59.3611 584.171 508.097
248 0 79.2339 11.7248 929 59.2121 584.577 504.362
249 0 83.0896 12.5046 1039 58.232 584.62 505.363
250 0 85.1546 12.1426 1034 59.2398 584.556 501.293
251 0 87.0967 11.9522 1041 59.2574 583.946 499.718
252 1 45.034 8.17161 368 61.5924 584.655 523.291
253 0 48.0463 9.11621 438 60.8128 584.888 523.078
254 0 49.0733 10.5353 517 59.7099 585.089 523.466
255 0 47.036 9.75848 459 61.7407 585.388 522.403
256 0 49.0586 10.3957 510 61.0725 584.802 520.369
257 0 52.0377 9.62763 501 61.8523 584.495 519.982
258 0 53.0709 9.13873 485 62.9258 584.786 520.188
259 0 56.114 10.3005 578 61.0467 584.557 520.498
260 0 56.1422 9.7075 545 62.1798 584.501 518.82
261 0 59.1192 12.0942 715 59.014 584.049 517.421
262 0 59.0733 10.0045 591 61.6954 584.614 515.481
263 0 64.0932 10.6876 685 60.038 584.4 516.937
264 0 66.1394 11.7479 777 59.2432 584.544 515.432
265 0 68.1688 10.254 699 60.6881 584.867 515.349
266 0 69.0946 10.2758 710 60.6718 584.625 513.338
267 0 73.1999 11.3935 834 59.2362 584.514 511.646
268 0 73.1659 11.4534 838 59.7566 584.996 511.326
269 0 76.0873 12.8668 979 58.2217 584.394 509.864
270 0 79.1184 11.3248 896 59.9833 584.665 508.066
271 1 38.0261 8.94124 340 60.9059 584.7 528.756
272 0 40.0518 10.0869 404 60.2178 583.928 526.834
273 0 43.0992 10.8819 469 58.7335 583.981 527.16
274 0 43.0387 8.55045 368 59.6277 583.639 529.511
275 0 46.0289 10.4717 482 57.9419 583.521 526.591
276 0 48.0704 11.9616 575 56.3426 583.977 526.257
277 0 48.0314 10.8679 522 57.8506 584.061 525.575
278 0 49.0978 10.7133 526 58.9221 583.049 523.833
279 0 51.0491 10.343 528 59.0833 583.116 524.653
280 0 52.1082 10.4782 546 59.1172 583.106 524.736
281 0 56.0418 12.4193 696 55.8851 583.05 524.672
282 0 58.0508 12.1618 706 57.0637 583.198 522.418
283 0 58.0423 10.9747 637 58.2418 582.98 523.116
284 0 60.1463 12.0207 723 57.4592 582.49 519.517
285 0 61.0408 11.1237 679 58.2636 582.029 519.376
286 0 66.0496 11.022 728 57.5577 581.745 520.306
287 0 65.06 10.7286 698 58.6089 581.979 517.953
288 0 65.1318 11.7301 764 57.5746 581.836 514.597
289 0 70.1343 11.4637 804 57.7239 581.25 512.93
290 0 70.1223 10.2535 719 58.8234 581.408 513.964
291 0 74.0816 10.8394 803 58.4072 581.62 514.123
292 0 77.1148 10.6465 821 58.3289 581.409 512.736
293 0 78.21 10.1394 793 58.9458 581.063 511.164
294 1 41.0499 10.0122 411 57.4282 581.46 529.173
295 0 42.0181 10.5431 443 57.9616 581.379 525.018
296 0 46.0374 10.3177 475 57.1495 580.912 526.309
297 0 47.1331 10.8629 512 56.9297 581.861 524.004
298 0 51.1466 10.1473 519 57.2563 581.985 525.829
299 0 50.0637 12.1445 608 56.1974 581.11 522.222
300 0 52.0251 12.3786 644 54.9425 581.109 520.828
301 0 54.084 11.1863 605 55.4198 580.97 523.055
302 0 55.0971 12.487 688 54.2297 581.321 520.876
303 0 57.0483 11.0959 633 55.8468 581.427 517.853
304 0 58.1996 10.2578 597 56.6616 581.189 517.578
305 0 60.0762 11.9016 715 54.4434 581.536 518.999
306 0 59.0497 11.6004 685 56.1007 582.032 514.644
307 0 63.0437 13.3082 839 53.5042 581.35 515.847
308 0 65.1907 12.1183 790 54.7759 581.372 515.144
309 0 67.2321 11.8545 797 55.3112 581.427 513.1
310 0 69.2398 12.2762 850 54.9306 581.015 511.496
311 0 70.0561 10.9056 764 56.5105 581.027 509.738
312 0 71.2108 10.9253 778 56.6915 581.127 510.072
313 0 74.052 10.8167 801 56.3171 581.367 511.02
314 0 78.1099 11.7399 917 55.2017 580.842 509.287
315 0 79.1065 11.2886 893 56.196 580.493 506.891
316 0 82.1044 11.3514 932 56.8562 581.298 505.547
317 0 84.061 11.908 1001 56.4545 580.646 503.729
318 1 44.0379 10.6953 471 55.3652 581.694 525.826
319 0 41.0667 9.44805 388 57.951 582.258 525.51
320 0 45.0559 10.4759 472 56.3919 582.263 527.078
321 0 45.0336 13.2124 595 54.6235 582.652 525.089
322 0 46.111 11.0386 509 57.1022 582.536 521.709
323 0 48.0352 11.2834 542 56.7657 582.157 522.522
324 0 49.038 11.8276 580 56.4828 582.412 520.555
325 0 51.0379 13.0883 668 54.9611 582.144 518.942
326 0 52.0534 12.2182 636 55.9387 581.237 520.165
327 0 52.1375 11.4505 597 56.2663 580.839 521.772
328 0 56.0857 11.2863 633 56.6588 580.352 519.122
329 0 57.0377 11.0453 630 56.7714 580.678 518.868
330 0 60.1251 11.3264 681 56.5272 581.482 517.229
331 0 60.0715 11.22 674 56.684 581.77 515.757
332 0 59.0603 9.92207 586 58.9898 581.845 515.52
333 0 64.0344 11.1971 717 56.6137 581.505 514.543
334 0 65.0574 11.7589 765 56.0627 580.795 512.604
335 0 68.0969 11.1165 757 56.5046 581.515 508.631
336 0 72.0784 12.6113 909 55.2211 581.322 508.893
337 0 71.13 9.03978 643 59.5661 580.715 510.389
338 0 75.1426 11.405 857 57.2042 581.778 507.049
339 0 76.0735 11.318 861 57.8746 581.611 506.54
340 0 80.1136 8.70015 697 60.2109 581.06 506.608
341 0 83.0923 11.4812 954 57.7788 581.477 505.046
342 0 89.1834 11.3362 1011 58.2888 581.769 500.995
343 1 44.0951 10.4774 462 58.3766 580.405 523.714
344 0 46.0565 10.8562 500 58.062 581.52 523.72
345 0 45.0412 10.3683 467 59.5075 580.668 522.919
346 0 48.0621 11.6516 560 58.7125 581.641 520.62
347 0 50.0477 10.3901 520 60.1212 581.629 520.477
348 0 51.1612 12.2554 627 58.1021 581.715 519.29
349 0 51.2481 9.91257 508 60.3445 581.457 518.986
350 0 54.0977 12.1817 659 57.9105 581.222 517.741
351 0 55.1372 9.50356 524 60.7366 581.441 519.672
352 0 57.0497 11.5513 659 58.6844 581.941 514.416
353 0 59.1927 12.8056 758 57.4657 581.793 515.686
354 0 60.0278 11.4947 690 59.3 581.377 516.045
355 0 61.0431 10.5991 647 59.8934 581.648 515.263
356 0 65.0554 11.4518 745 59.4886 581.494 511.805
357 0 66.2488 10.4907 695 60.7583 581.725 515.033
358 0 68.0861 12.2345 833 59.4154 581.613 507.735
359 0 70.1441 11.5049 807 59.8686 581.385 510.586
360 0 74.0663 11.5302 854 59.7775 581.972 509.077
361 0 75.0889 11.8393 889 60.5264 581.578 506.739
362 0 78.2045 10.9584 857 61.6954 581.954 506.868
363 0 78.115 9.89566 773 63.4166 581.303 505.803
364 0 81.1663 11.3471 921 62.5516 581.76 501.928
365 0 84.1417 10.7438 904 62.844 581.571 503.056
366 0 88.0766 12.6821 1117 61.641 581.268 501.1
367 1 45.046 11.2774 508 60.9016 581.679 521.199
368 0 47.0243 11.4622 539 61.0519 581.583 521.942
369 0 48.0819 11.73 564 60.8103 581.465 522.083
370 0 50.0536 11.1081 556 62.1367 581.173 520.522
371 0 50.1191 9.71686 487 63.8398 580.48 520.585
372 0 54.0539 12.617 682 60.7361 580.955 517.205
373 0 54.1084 10.3496 560 63.9107 581.645 519.089
374 0 55.0765 10.5671 582 63.0361 582.498 518.938
375 0 60.0877 11.6164 698 61.596 581.378 516.178
376 0 61.0409 11.4513 699 61.8298 581.688 515.338
377 0 63.1632 12.0481 761 61.4757 582.455 512.653
378 0 65.1094 10.4132 678 63.8776 582.575 513.642
379 0 67.1198 11.7104 786 62.2837 582.385 512.246
380 0 67.1468 10.2313 687 64.1951 582.25 511.272
381 0 71.1592 11.678 831 61.8436 581.827 511.767
382 0 74.0831 11.7571 871 61.8737 581.46 506.188
383 0 75.1406 11.6848 878 61.754 581.666 509.399
384 0 78.0937 10.91 852 62.7969 581.582 507.575
385 0 79.1371 9.76786 773 64.6869 581.137 505.856
386 0 83.1175 11.8266 983 61.9003 580.706 504.283
387 0 85.1156 10.6091 903 63.5238 581.065 503.203
388 1 44.0402 10.6266 468 61.9872 581.788 521.857
389 0 45.042 8.36996 377 63.8382 582.493 523.61
390 0 45.0086 9.28711 418 63.6627 581.971 521.148
391 0 48.0837 10.2738 494 62.0648 581.747 521.777
392 0 52.0496 10.2786 535 61.8299 581.828 520.785
393 0 53.0455 11.8389 628 60.3694 581.928 520.182
394 0 55.0591 10.7521 592 61.6216 582.914 521.657
395 0 56.1185 10.4957 589 62.0238 582.856 519.477
396 0 57.0935 11.052 631 61.9382 582.585 516.222
397 0 57.1194 11.3447 648 62.0015 582.228 516.907
398 0 60.134 11.4577 689 60.4194 581.588 517.132
399 0 64.1804 11.4833 737 60.4111 581.664 515.548
400 0 64.1066 12.4168 796 59.7123 581.613 513.482
401 0 67.0573 11.3336 760 60.6447 581.863 516.114
402 0 67.0738 10.3617 695 62.7194 582.249 511.906
403 0 71.1121 12.2764 873 60.3162 581.889 510.647
404 0 72.1208 11.5639 834 61.5084 581.725 510.45
405 0 75.2341 11.431 860 61.4988 581.54 509.865
406 0 77.066 11.1074 856 62.6857 581.683 504.826
407 0 80.2777 12.7682 1025 60.0585 581.591 507.999
408 0 84.169 11.6551 981 61.4037 580.91 504.932
409 0 85.1138 11.232 956 62.3075 581.03 502.402
410 0 90.177 10.7234 967 62.152 581.767 505.18
411 1 42.0837 9.31478 392 61.9515 581.832 523.561
412 0 44.1104 7.77595 343 62.3615 581.391 527.641
413 0 45.0868 11.7329 529 59.1607 581.896 524.58
414 0 45.0406 11.0345 497 60.505 582.688 524.706
415 0 48.0967 12.1006 582 59.2131 582.663 523.268
416 0 50.0566 11.1274 557 60.4165 581.862 522.654
417 0 49.0686 11.4737 563 60.2842 581.133 520.858
418 0 50.1553 11.4644 575 60.0922 581.087 521.36
419 0 54.0575 12.1352 656 59.5473 581.52 518.085
420 0 55.0511 10.2814 566 61.1555 581.41 520.044
421 0 55.103 10.5983 584 61.4966 581.426 520.671
422 0 58.1105 11.8739 690 59.8464 580.925 517.735
423 0 58.0945 10.0354 583 62.0909 581.247 517.317
424 0 61.1222 9.88184 604 61.4901 581.772 518.548
425 0 65.154 11.7107 763 59.3958 581.275 514.341
426 0 66.0961 10.5452 697 61.6456 581.558 512.836
427 0 69.3929 11.6871 811 60.016 581.276 513.011
428 0 68.1386 9.71549 662 62.7054 581.924 510.841
429 0 73.126 11.6785 854 59.9988 581.577 511.66
430 0 76.1003 11.6162 884 60.4819 581.524 509.072
431 0 75.0962 8.76209 658 64.2675 581.708 509.868
432 1 43.0679 10.0307 432 60.875 582.229 524.486
433 0 43.0279 9.80758 422 60.2417 581.37 526.687
434 0 44.0172 9.85977 434 61.9009 581.855 524.288
435 0 47.0502 8.65033 407 62.3145 581.58 526.398
436 0 48.2378 9.72266 469 61.7569 581.452 523.774
437 0 51.0238 11.0733 565 60.577 581.926 523.308
438 0 53.0743 10.1933 541 61.5619 582.255 522.58
439 0 53.0358 8.84308 469 62.4989 582.52 523.066
440 0 57.0821 11.4397 653 59.8606 582.07 520.214
441 0 55.0335 9.92123 546 62.1429 582.09 520.348
442 0 59.0589 8.05976 476 63.8571 581.118 519.021
443 0 62.0895 12.2243 759 59.4256 581.107 518.138
444 0 65.1711 14.4696 943 48.72 581.038 513.738
445 0 64.1654 10.6444 683 62.0659 581.029 515.067
446 0 67.0893 10.881 730 61.4123 581.39 513.738
447 0 68.1409 9.83256 670 62.4567 581.976 513.454
448 0 73.1014 11.2173 820 60.2646 582.023 514.259
449 0 74.1539 9.04875 671 63.0224 581.739 513.425
450 0 78.0827 12.6148 985 58.8883 581.815 510.834
451 0 80.1584 10.3296 828 61.837 581.429 509.715
452 0 83.1781 10.8202 900 61.2344 581.449 509.791
453 0 86.201 11.1252 959 61.0083 581.473 504.257
454 1 42.0112 8.90238 374 62.984 581.658 527.027
455 0 45.0599 8.96584 404 62.4901 581.505 527.334
456 0 46.0793 9.63557 444 62.7973 581.59 525.795
457 0 48.0928 9.62723 463 62.3909 582.153 524.737
458 0 50.0175 10.5163 526 60.8517 581.96 524.635
459 0 50.0575 9.28932 465 62.7828 581.951 524.484
460 0 52.0407 11.0298 574 61.1376 582.401 523.052
461 0 54.0501 9.75021 527 64.2391 582.412 520.374
462 0 58.0376 10.2864 597 62.4439 581.442 520.779
463 0 59.0731 11.782 696 61.1753 581.302 518.254
464 0 59.0735 10.7155 633 62.6935 581.551 517.055
465 0 62.0454 11.2659 699 61.0386 581.71 519.944
466 0 63.1826 11.0948 701 61.7817 581.608 517.223
467 0 65.0547 11.9284 776 60.1933 582.272 517.269
468 0 69.07 12.3932 856 59.0736 580.912 514.916
469 0 70.1306 10.9795 770 61.0571 581.269 512.496
470 0 72.0742 11.5437 832 59.488 581.405 512.882
471 0 73.0942 10.2471 749 61.008 581.466 509.648
472 0 77.0508 12.4204 957 58.5977 580.745 509.109
473 0 79.0663 10.8264 856 60.2196 581.311 506.169
474 0 82.1519 10.6267 873 60.3574 580.75 509.617
475 0 86.0744 11.0834 954 60.1635 580.4 502.208
476 1 43.0392 8.66651 373 62.3137 581.509 527.115
477 0 43.0164 9.76372 420 61.4952 581.636 524.843
478 0 45.0125 9.37518 422 61.1801 581.13 525.716
479 0 45.0273 8.41711 379 63.7071 581.515 524.942
480 0 48.0935 11.2905 543 58.9319 581.273 521.972
481 0 51.0219 11.5441 589 58.4805 581.509 525.149
482 0 54.0455 12.3415 667 58.1874 581.487 520.85
483 0 54.2011 10.8854 590 60.0881 581.098 520.624
484 0 54.1037 10.5723 572 61.1276 581.783 519.318
485 0 59.0474 10.3307 610 60.0557 582.23 519.018
486 0 58.1324 12.4371 723 58.1079 581.549 517.692
487 0 57.0505 12.375 706 58.6388 582.042 517.246
488 0 62.0774 10.8896 676 59.6169 582.214 518.148
489 0 66.1402 11.3396 750 58.612 581.688 517.267
490 0 66.1895 12.4944 827 57.6046 580.969 515.065
491 0 68.2005 10.4838 715 59.6769 581.201 515.765
492 0 71.1238 10.77 766 59.0078 581.851 513.941
493 0 73.3189 10.3793 761 59.1524 581.547 511.071
494 0 76.1849 11.8659 904 57.5398 581.14 510.133
495 1 40.1632 9.312 374 59.2781 581.642 528.882
496 0 40.0212 10.6943 428 58.243 581.89 528.327
497 0 41.0659 10.8606 446 57.9933 581.639 529.578
498 0 43.0243 11.784 507 57.9191 582.252 525.858
499 0 44.051 10.6694 470 59.2255 582.006 527.351
500 0 44.0501 11.0556 487 59.5051 581.138 524.643
501 0 46.1523 11.3537 524 59.4065 580.597 523.714
502 0 49.0612 11.6997 574 58.6585 581.179 526.476
503 0 52.0986 13.0522 680 56.8765 580.437 525.021
504 0 54.0614 11.5794 626 58.4121 580.957 525.288
505 0 52.0191 10.7268 558 60.1864 580.916 522.154
506 0 56.1057 11.8526 665 58.9714 580.705 521.51
507 0 59.1226 12.2288 723 58.195 580.091 519.303
508 0 60.0905 11.5659 695 59.0201 579.931 520.188
509 0 63.1537 11.2899 713 59.3997 580.114 518.275
510 0 64.1351 12.8323 823 57.6391 579.852 518.861
511 0 67.138 12.5264 841 57.7337 579.476 518.433
512 0 62.1057 10.3372 642 61.5218 579.625 511.298
513 0 66.1477 11.6708 772 59.8782 580.36 509.166
514 0 65.0358 9.28719 604 62.154 579.982 507.682
515 0 62.0377 5.1098 317 65.8707 580.438 502.634
516 1 117.309 6.34221 744 66.5887 580.276 431.851
517 0 117.333 6.60512 775 67.5794 580.547 426.832
518 0 119.285 4.99644 596 69.8372 580.393 428.205
519 1 43.0625 9.31205 401 61.6658 580.456 485.995
520 0 41.0783 7.88738 324 62.6728 579.586 482.812
521 0 47.0453 13.4551 633 57.1991 579.654 525.703
522 0 46.0158 12.474 574 58.8118 579.54 523.157
523 0 50.1087 10.6768 535 59.6991 579.555 524.589
524 0 51.061 11.8094 603 58.9121 580.187 524.118
525 0 50.0352 13.5904 680 57.9235 580.118 520.969
526 0 52.0648 10.9863 572 60.5787 579.544 523.411
527 0 54.1101 12.493 676 58.8536 579.592 522.574
528 0 55.0914 11.853 653 59.6049 579.557 522.776
529 0 59.0889 11.8973 703 59.1323 579.747 520.821
530 0 59.0841 11.9999 709 59.8124 579.922 520.487
531 0 61.0747 11.707 715 59.958 580.655 519.876
532 0 62.0725 12.1632 755 59.755 580.486 518.717
533 0 65.0702 12.6018 820 58.4354 580.12 519.107
534 0 67.0841 14.2955 959 57.0031 579.736 514.455
535 0 66.2003 11.7673 779 60.4763 579.356 515.326
536 0 73.109 14.5399 1063 56.4694 580.206 514.6
537 0 73.0582 13.893 1015 57.3823 579.765 511.878
538 0 76.1348 13.3842 1019 58.2188 579.814 512.241
539 0 75.1371 13.868 1042 58.1766 579.875 512.071
540 0 79.2039 11.9565 947 60.1869 580.281 511.491
541 0 82.0507 14.4179 1183 57.6915 580.024 508.854
542 0 85.0795 11.3776 968 61.2851 580.702 507.357
543 1 43.0479 11.2665 485 61.0206 580.351 527.532
544 0 43.064 12.0983 521 61.1823 580.163 526.852
545 0 45.0401 14.587 657 58.9528 580.738 526.005
546 0 45.0157 12.951 583 61.247 580.358 526.72
547 0 49.0431 12.2545 601 61.8785 580.97 525.068
548 0 50.0377 12.9103 646 61.3622 580.567 523.231
549 0 52.057 12.3518 643 61.5661 580.128 523.779
550 0 54.0185 13.8841 750 60.2453 580.143 521.461
551 0 56.0473 13.7741 772 60.193 580.228 522.679
552 0 56.0769 12.2867 689 62.9274 579.884 520.554
553 0 58.098 12.0314 699 62.7969 579.595 522.365
554 0 59.0211 12.9954 767 62.824 580.42 518.747
555 0 62.0955 13.1249 815 62.3583 580.437 518.93
556 0 64.0306 13.2437 848 62.2913 580.269 517.933
557 0 64.0474 12.3346 790 63.6684 580.489 518.763
558 0 69.0671 13.4941 932 61.8273 580.028 517.18
559 0 69.0539 12.5844 869 63.6249 580.171 515.15
560 0 72.0631 14.2653 1028 61.2072 580.01 515.075
561 0 74.0887 13.0384 966 63.7723 579.905 513.738
562 0 76.113 14.5573 1108 62.4901 579.86 510.719
563 0 80.1332 15.1248 1212 61.316 580.073 512.45
564 0 83.1838 14.9428 1243 61.8898 580.077 510.586
565 0 84.0912 11.8562 997 66.1715 580.085 510.19
566 0 86.2356 13.6718 1179 64.849 580.355 506.614
567 0 89.0849 13.3805 1192 65.3624 580.41 504.896
568 1 47.0285 12.6306 594 65.6263 579.933 526.029
569 0 48.0477 12.5916 605 66.4926 579.792 523.613
570 0 51.0511 12.6932 648 65.608 580.41 524.116
571 0 52.0935 13.2646 691 65.1708 580.502 524.12
572 0 54.0894 13.792 746 64.4115 580.335 521.834
573 0 55.0952 12.8142 706 66.2805 580.899 520.507
574 0 58.0683 12.9847 754 65.4231 580.326 521.715
575 0 59.0845 12.3383 729 67.4033 580.942 518.838
576 0 62.0613 12.5199 777 66.4505 580.51 518.6
577 0 63.0502 12.9738 818 66.033 580.533 517.899
578 0 63.0685 12.1772 768 67.849 581.514 516.169
579 0 68.0654 12.7084 865 66.4116 581.079 516.036
580 0 70.0564 14.1743 993 64.6445 581.348 514.43
581 0 74.1309 13.3413 989 65.9272 581.462 512.946
582 0 75.1421 12.9754 975 65.6451 581.301 513.102
583 0 76.1064 11.4971 875 68.56 581.461 508.066
584 0 81.1325 12.3378 1001 66.7323 582.247 509.069
585 0 82.093 11.8524 973 67.7225 581.233 510.25
586 0 85.0636 13.0373 1109 66.3679 581.591 508.89
587 1 43.0359 11.6182 500 68.338 580.724 525.59
588 0 45.0442 12.632 569 66.5641 581.178 524.699
589 0 47.1292 11.9247 562 66.8612 581.402 526.198
590 0 49.1154 13.4581 661 65.4206 580.747 523.449
591 0 50.0917 12.5769 630 66.8127 580.484 521.606
592 0 52.0778 13.5759 707 65.0863 580.697 520.842
593 0 53.0286 12.861 682 66.1129 580.295 521.988
594 0 54.0435 12.2679 663 67.0407 580.638 519.081
595 0 56.1045 11.942 670 67.4239 580.83 518.336
596 0 58.0575 13.1249 762 65.1273 579.917 518.892
597 0 62.0588 13.4872 837 64.3405 581.168 517.302
598 0 63.1722 12.4105 784 69.0497 580.55 452.876
599 0 66.2489 12.3625 819 65.2418 581.601 515.772
600 0 67.1117 13.1125 880 64.7318 581.567 513.058
601 0 70.2476 12.6979 892 64.7186 581.073 514.64
602 0 72.1603 13.5254 976 63.6301 580.865 514.062
603 0 74.125 12.2226 906 65.7671 581.357 511.04
604 0 76.0371 12.7569 970 64.801 580.706 507.408
605 0 80.1485 11.6284 932 66.0129 581.106 506.898
606 0 83.0784 12.9396 1075 64.2837 581.014 507.106
607 0 86.1342 11.7259 1010 66.4604 581.25 502.481
608 1 42.0563 10.6286 447 65.6779 581.758 526.584
609 0 44.0384 12.9887 572 63.743 581.647 522.767
610 0 49.0695 12.4925 613 62.5644 581.742 524.419
611 0 47.0355 12.0122 565 64.7239 580.731 519.952
612 0 50.0952 13.1549 659 62.9954 581.126 521.393
613 0 52.0385 12.7214 662 63.0076 581.198 521.955
614 0 54.0377 12.3247 666 63.9535 581.746 520.476
615 0 55.0887 12.0714 665 63.7789 581.514 519.732
616 0 57.1207 13.1651 752 62.3644 581.269 517.34
617 0 60.062 13.5194 812 61.8276 580.83 517.326
618 0 61.0385 13.0082 794 62.6625 580.055 514.966
619 0 60.0295 11.9774 719 64.3241 580.903 514.86
620 0 67.2297 11.4384 769 63.1014 580.828 516.772
621 0 68.2191 12.8263 875 62.5383 579.958 511.679
622 0 71.1727 14.1627 1008 60.6597 580.322 512.696
623 0 74.1576 12.2307 907 62.7607 580.278 512.017
624 0 74.0899 11.4456 848 64.6285 581.419 509.177
625 0 78.0822 13.1272 1025 62.4868 581.74 509.831
626 1 41.2208 10.0435 414 64.1981 581.461 527.072
627 0 43.088 10.1885 439 64.5626 581.613 525.212
628 0 43.0379 12.2683 528 63.1042 581.03 523.998
629 0 47.0351 12.6714 596 61.1913 581.242 525.594
630 0 46.051 11.357 523 64.1778 581.478 524.426
631 0 49.0471 10.8671 533 64.0957 580.726 523.512
632 0 49.1832 12.5653 618 62.7816 581.053 523.333
633 0 53.0794 11.2661 598 63.9866 581.14 522.846
634 0 55.1224 13.2251 729 61.6406 580.92 520.672
635 0 57.0417 13.2184 754 61.5862 581.212 519.728
636 0 56.0864 11.4466 642 64.215 580.776 519.441
637 0 57.1052 11.435 653 63.5758 580.571 518.781
638 0 62.0967 12.8831 800 61.1075 580.312 519.551
639 0 64.2388 11.971 769 61.8492 580.876 517.831
640 0 65.1314 11.5766 754 62.252 580.593 515.284
641 0 66.1811 11.952 791 62.397 580.918 514.336
642 0 69.1775 12.5041 865 61.1699 581.049 512.895
643 0 71.1017 12.8408 913 61.0241 581.383 509.898
644 0 73.1575 12.3842 906 61.3256 581.426 509.759
645 0 74.0731 11.0161 816 62.4645 580.762 507.7
646 0 80.1243 12.1936 977 60.0542 579.924 510.173
647 0 81.0881 11.543 936 61.1036 580.577 507.659
648 0 84.061 12.4671 1048 60.5382 580.497 504.034
649 1 44.0852 11.1148 490 60.649 580.016 523.547
650 0 41.025 9.31141 382 64.0445 581.175 523.471
651 0 47.0454 12.6261 594 59.3872 581.38 523.04
652 0 48.0623 12.8999 620 59.6016 580.995 522.726
653 0 47.0303 10.3976 489 62.1718 581.46 523.965
654 0 51.0949 10.8034 552 61.7246 580.864 521.145
655 0 51.0311 11.0913 566 61.7509 580.426 520.926
656 0 54.0777 12.1122 655 60.6718 581.037 519.634
657 0 55.0384 12.3187 678 60.6903 580.711 519.808
658 0 60.0965 12.7961 769 59.658 581.268 518.944
659 0 60.1918 12.5432 755 60.8106 581.313 516.068
660 0 60.1719 13.8104 831 59.3514 580.558 519.531
661 0 65.1676 12.9666 845 60.168 580.425 514.811
662 0 62.0314 11.1395 691 62.7135 580.605 514.304
663 0 67.083 11.9702 803 62.0884 580.706 512.268
664 0 71.126 12.7239 905 60.6586 580.114 511.485
665 0 72.1474 11.92 860 62.1512 580.647 510.971
666 0 77.0791 14.8678 1146 58.8281 580.839 509.569
667 0 76.1555 11.5684 881 63.1691 580.22 508.551
668 0 81.0866 12.3695 1003 61.9671 580.669 508.242
669 0 83.0535 12.51 1039 62.4418 580.952 505.398
670 1 43.0574 12.2395 527 62.0835 580.493 525.934
671 0 43.1158 10.8545 468 64.406 581.767 524.9
672 0 46.1868 12.1247 560 62.5464 581.893 525.002
673 0 48.1584 11.8982 573 62.5148 581.531 524.387
674 0 49.0964 13.0967 643 61.2924 580.79 523.499
675 0 51.1148 13.186 674 61.0593 581.309 521.153
676 0 52.0438 10.9523 570 63.9614 580.654 521.196
677 0 53.0852 12.7719 678 62.0177 580.299 520.33
678 0 55.2881 12.1907 674 62.5579 580.464 518.447
679 0 56.081 12.2323 686 62.8309 580.897 516.655
680 0 61.0882 13.0794 799 61.0375 581.031 517.02
681 0 63.0845 12.8558 811 61.3637 581.254 516.25
682 0 64.1295 14.4083 924 59.6277 581.785 518.08
683 0 67.2936 12.6907 854 61.5258 581.464 514.625
684 0 70.1698 12.8403 901 61.4661 582.103 513.219
685 0 71.1754 13.9234 991 60.4046 581.154 507.975
686 0 72.0679 13.5012 973 61.3988 580.94 508.354
687 0 79.1361 14.355 1136 59.1532 580.672 510.571
688 0 80.3054 14.5694 1170 59.4342 581.04 507.973
689 0 81.1986 12.2909 998 61.8006 581.194 511.106
690 0 83.1907 12.8259 1067 62.0056 581.143 507.314
691 0 87.1385 14.0925 1228 60.1384 581.493 506.524
692 0 90.1797 12.9297 1166 61.5463 581.479 506.244
693 1 45.0374 9.4588 426 65.8005 581.629 523.533
694 0 50.2712 11.1396 560 62.2357 582.073 523.632
695 0 50.0293 11.6732 584 62.2825 581.317 521.709
696 0 51.148 10.5967 542 64.1199 581.666 522.559
697 0 54.2241 11.6738 633 62.2828 581.243 521.752
698 0 56.1038 12.1026 679 62.2401 581.72 519.508
699 0 56.0826 12.0893 678 62.0855 581.611 517.923
700 0 59.0946 12.3192 728 60.9176 581.317 518.714
701 0 60.2226 12.8357 773 61.0233 582.237 515.642
702 0 64.173 13.1364 843 60.0047 581.407 513.684
703 0 67.2099 12.4982 840 60.2536 581.61 514.585
704 0 67.098 12.7425 855 60.6409 581.508 511.115
705 0 71.2103 12.6948 904 60.6018 581.698 512.08
706 0 73.0843 13.1492 961 59.616 581.003 509.349
707 0 77.1798 13.7082 1058 59.1323 581.265 506.761
708 0 78.1801 13.2515 1036 60.0589 581.993 507.731
709 0 82.2601 12.8738 1059 60.2266 581.964 506.015
710 0 84.188 14.0756 1185 59.411 582.007 505.673
711 0 85.1559 11.8136 1006 62.2078 581.778 501.607
712 0 89.3281 12.6836 1133 61.1333 581.706 500.673
713 1 46.1053 12.6883 585 59.3915 581.586 524.826
714 0 44.0603 10.531 464 62.4892 581.317 522.651
715 0 47.1229 11.714 552 61.4819 581.156 522.226
716 0 49.0881 13.5267 664 59.4277 581.628 522.217
717 0 52.1512 11.3516 592 61.4932 580.907 520.861
718 0 52.0439 12.4318 647 60.5703 580.564 520.793
719 0 55.0736 11.4755 632 61.0443 579.983 520.532
720 0 55.122 11.6469 642 61.4595 581.028 517.664
721 0 58.1481 12.8121 745 59.7611 580.628 517.703
722 0 60.0918 12.7472 766 59.795 581.67 516.339
723 0 60.0688 12.469 749 60.4366 580.242 516.501
724 0 62.1892 12.6871 789 59.6286 580.89 515
725 0 65.0623 12.4804 812 60.1478 580.266 514.457
726 0 66.0633 12.7302 841 59.7253 580.121 514.064
727 0 67.1746 11.4627 770 61.287 581.057 510.725
728 0 69.1046 11.1281 769 61.5644 581.012 511.109
729 0 73.0754 13.3287 974 58.7936 581.236 509.308
730 0 75.18 12.7028 955 59.7696 580.559 506.734
731 0 78.1674 12.5628 982 59.5061 580.807 504.94
732 0 82.5066 14.0716 1161 57.7545 580.5 503.543
733 0 82.3776 9.71137 800 62.5838 581.249 506.252
734 1 42.1387 11.7944 497 58.6962 581.461 525.795
735 0 42.1904 11.7088 494 59.1134 580.613 523.354
736 0 45.119 11.9018 537 58.9665 579.972 522.082
737 0 44.113 10.6318 469 60.8806 580.345 523.535
738 0 46.0608 12.7223 586 58.2014 580.78 524.152
739 0 50.1373 12.4857 626 58.222 580.847 522.524
740 0 49.0312 13.1345 644 57.9503 580.981 520.065
741 0 52.0249 12.3787 644 58.1693 580.949 521.786
742 0 55.0738 12.5286 690 57.5406 580.535 521.109
743 0 56.0867 12.659 710 57.9845 580.569 518.079
744 0 58.0332 12.7513 740 57.9676 580.77 516.6
745 0 58.0772 11.743 682 59.0161 581.468 517.35
746 0 61.2653 12.3071 754 57.8581 580.972 517.973
747 0 63.0614 12.7336 803 57.9751 580.922 512.998
748 0 65.0621 10.9895 715 59.7706 580.657 513.41
749 0 65.0491 10.9917 715 60.1944 580.857 511.91
750 0 69.0639 11.1201 768 59.7839 580.716 511.142
751 1 34.0544 10.6888 364 58.5797 579.769 530.005
752 0 36.0766 11.0043 397 59.2368 580.506 528.514
753 0 33.0262 9.659 319 62.5298 580.962 526.837
754 0 38.0122 12.3118 468 58.938 580.363 526.808
755 0 39.0367 11.3739 444 60.5631 581.318 526.876
756 0 40.1664 13.1453 528 58.4678 580.544 526.402
757 0 40.1686 11.4268 459 60.9673 580.974 525.839
758 0 43.3239 12.0949 524 59.6565 580.538 525.204
759 0 46.1122 14.0093 646 57.4118 580.683 523.738
760 0 45.2412 11.8255 535 60.2093 580.75 524.561
761 0 49.1072 13.2363 650 57.9538 581.297 523.114
762 0 50.1992 12.4106 623 59.6533 580.759 521.907
763 0 51.1332 14.2569 729 57.6708 581.219 521.562
764 0 53.1221 13.629 724 58.3771 581.265 520.496
765 0 54.1864 12.2909 666 60.0315 581.305 521.922
766 0 56.1509 13.7308 771 57.8586 580.827 521.601
767 0 57.3098 13.0344 747 59.2677 580.77 520.486
768 0 58.0964 12.4276 722 60.151 580.683 518.845
769 0 61.1604 11.2982 691 61.2113 580.466 517.887
770 0 62.1212 10.9624 681 62.1424 580.7 514.349
771 0 67.1644 13.9211 935 58.6289 581.034 515.436
772 0 67.1298 10.0552 675 62.8859 580.919 515.575
773 0 70.1638 13.3402 936 59.8675 581.296 514.029
774 0 72.0516 12.9768 935 60.7123 580.804 510.735
775 0 77.1628 14.1649 1093 58.5343 580.122 512.784
776 0 79.3525 13.3203 1057 59.5345 580.124 509.551
777 0 81.0991 12.8362 1041 60.414 580.234 510.118
778 1 42.0696 12.717 535 61.0897 580.725 526.587
779 0 44.0697 13.0475 575 61.0139 580.6 526.863
780 0 47.0746 14.8275 698 58.9513 580.686 526.617
781 0 47.0543 13.7501 647 59.9691 580.352 527.376
782 0 46.1418 11.9848 553 63.4141 580.069 526.398
783 0 49.2114 14.2447 701 60.8031 580.665 524.546
784 0 49.1467 12.9001 634 62.8391 580.445 523.994
785 0 51.1847 11.5659 592 63.4983 580.367 525.35
786 0 55.1452 14.1082 778 60.4344 580.59 521.095
787 0 58.1055 12.5806 731 61.9193 580.854 522.943
788 0 58.2702 14.3298 835 59.8575 580.437 521.611
789 0 59.0814 13.219 781 62.2676 580.28 519.355
790 0 61.1437 13.8853 849 61.1225 580.238 519.2
791 0 63.1104 12.3434 779 62.9679 580.137 518.597
792 0 67.1834 13.5152 908 61.6762 579.905 514.42
793 0 71.121 13.709 975 60.6585 579.84 517.044
794 0 73.0891 13.7503 1005 60.8149 580.087 513.498
795 0 73.2199 12.483 914 62.6061 580.037 512.287
796 0 76.1652 12.0921 921 63.6124 580.368 512.422
797 0 81.141 14.0373 1139 60.7963 580.211 511.236
798 0 83.2005 13.4735 1121 61.5736 581.382 509.425
799 0 85.2354 12.9524 1104 62.3623 581.188 506.956
800 1 41.1561 13.3395 549 62.4827 580.47 527.146
801 0 43.2035 12.0824 522 63.5402 580.956 528.239
802 0 44.1979 12.4214 549 64.3789 580.512 526.514
803 0 47.0727 13.5323 637 61.8069 580.562 528.276
804 0 47.1894 12.8419 606 63.6386 580.84 526.031
805 0 50.1676 14.312 718 61.493 581.368 523.114
806 0 51.1832 13.481 690 62.6014 581.47 523.496
807 0 54.0676 15.6841 848 59.9729 580.616 522.876
808 0 54.2371 15.2663 828 60.4783 580.465 521.572
809 0 57.1639 12.7353 728 62.9753 580.367 522.016
810 0 57.0702 13.5272 772 62.3381 580.383 520.576
811 0 58.1512 14.2559 829 62.4113 581.282 519.299
812 0 62.3092 14.8614 926 61.4158 581.729 519.146
813 0 63.1528 14.4728 914 62.0667 581.749 517.706
814 0 68.2344 13.864 946 61.9619 581.444 517.348
815 0 68.1773 14.0516 958 62.6503 581.189 515.413
816 0 72.3157 14.4782 1047 62.235 580.501 515.157
817 0 72.2134 13.1693 951 64.0768 581.042 514.739
818 0 76.1786 15.0042 1143 61.7069 581.038 513.373
819 0 77.2643 14.1463 1093 63.3056 580.444 511.129
820 0 79.2401 13.6421 1081 64.2812 581.096 508.158
821 0 81.3298 14.0047 1139 63.7998 581.548 510.837
822 1 40.1141 13.3868 537 63.7244 581.168 529.168
823 0 40.2059 13.2816 534 64.7697 580.949 528.968
824 0 43.1348 12.8434 554 63.7852 580.814 529.597
825 0 41.1969 13.7389 566 65.0406 579.818 528.08
826 0 43.1529 14.0431 606 64.4191 580.086 527.452
827 0 46.1688 15.1401 699 62.731 579.567 526.353
828 0 46.1432 13.6748 631 65.2773 580.513 525.883
829 0 49.1505 13.1229 645 65.0589 580.622 526.95
830 0 50.1871 14.0873 707 64.7171 580.996 524.624
831 0 53.3827 13.7123 732 64.276 581.122 525.127
832 0 54.3573 13.1721 716 65.3911 581.056 525.201
833 0 57.29 14.6448 839 63.0775 580.777 524.774
834 0 55.3361 13.8607 767 65.1551 581.385 525.111
835 0 60.1539 15.0281 904 63.5531 580.592 523.072
836 0 61.1095 13.8276 845 65.5195 580.768 522.115
837 0 63.2049 14.4293 912 65.4507 580.877 521.011
838 0 66.308 15.9408 1057 63.5563 580.703 520.034
839 0 68.3051 14.0107 957 66.094 580.765 520.922
840 0 70.2053 14.8849 1045 65.2794 580.351 519.931
841 0 72.2208 15.1064 1091 65.7773 580.059 517.55
842 0 74.1944 13.8285 1026 67.9493 580.739 518.194
843 0 77.2045 15.9576 1232 65.4951 580.816 515.097
844 0 79.3579 15.3104 1215 66.7811 581.081 514.243
845 0 80.187 15.2269 1221 67.181 580.699 514.152
846 0 85.3601 14.843 1267 67.663 580.797 511.891
847 0 86.214 15.1948 1310 67.4687 581.121 511.534
848 0 90.2018 15.3101 1381 67.3295 580.499 509.925
849 0 91.1867 14.4648 1319 68.9788 580.177 506.92
850 1 46.2054 14.046 649 68.2804 580.975 531.51
851 0 44.1037 10.7701 475 73.0758 581.533 531.427
852 0 48.2101 13.3789 645 69.5395 580.995 530.423
853 0 50.1385 14.7591 740 69.0554 581.243 529.372
854 0 45.2185 13.3352 603 75.5141 580.879 528.496
855 0 47.2351 14.756 697 74.1019 580.839 527.795
856 0 49.1815 15.1277 744 73.7473 579.832 528.703
857 0 48.2981 14.9281 721 75.7365 579.827 527.773
858 0 47.1224 14.4093 679 78.866 580.381 529.518
859 0 49.15 15.2187 748 77.143 580.479 528.852
860 0 50.3985 14.7028 741 78.5277 580.59 529.479
861 0 51.1934 14.9043 763 77.9908 580.988 528.604
862 0 49.2239 15.399 758 76.9433 580.971 529.544
863 0 50.0414 13.7087 686 79.7711 580.692 528.405
864 0 50.3606 16.3223 822 78.1764 580.573 531.067
865 0 48.2205 16.5075 796 81.3857 579.901 532.284
866 0 49.4669 15.384 761 83.7017 580.302 532.925
867 0 50.1127 15.0062 752 84.2473 579.786 533.614
868 0 50.904 15.0479 766 85.6488 579.952 532.74
869 0 50.7916 15.16 770 85.7753 579.869 532.991
870 0 50.7518 16.3344 829 83.9626 580.393 533.543
871 0 50.0382 15.6081 781 86.5531 579.67 533.355
872 0 50.6485 14.7092 745 87.4228 579.176 534.616
873 0 51.7355 14.8254 767 86.4094 579.166 532.945
874 1 96.0912 13.7994 1326 86.5747 579.814 512.652
