time division length width area intensity CMx CMy
0 0 56.1534 11.985 673 67.9079 61.4294 507.938
1 0 59.1092 14.7862 874 62.7082 61.4531 507.929
2 0 57.151 11.8283 676 68.1553 60.8624 509.333
3 0 59.1658 12.3213 729 67.4499 60.6351 507.274
4 0 61.122 13.6121 832 65.1406 60.887 508.095
5 0 62.1665 13.1904 820 65.6695 60.8915 507.432
6 0 65.2416 14.1321 922 63.705 60.68 509.159
7 0 66.1261 13.5499 896 64.9632 59.731 508.4
8 0 67.1862 12.9193 868 66.1325 60.1371 508.582
9 0 69.1259 14.0758 973 64.6752 59.8345 507.631
10 0 70.1233 13.4335 942 65.3779 59.7898 507.12
11 0 73.2045 13.3735 979 65.4014 59.4852 508.516
12 0 74.1522 14.2949 1060 64.6434 59.6274 507.209
13 0 76.2625 13.1782 1005 66.5692 60.0269 504.413
14 0 78.1959 13.8243 1081 66.1702 58.7475 502.021
15 0 81.2719 13.2764 1079 67.317 58.8332 503.477
16 0 83.1327 13.7852 1146 67.1134 59.2984 503.633
17 0 84.2577 12.8178 1080 69.2343 59.1713 502.563
18 0 86.3417 14.0257 1211 68.5144 59.6391 499.681
19 0 88.2506 13.5863 1199 69.8115 59.6214 499.39
20 0 91.1655 14.2378 1298 68.8898 59.3675 499.155
21 1 46.0861 11.6738 538 72.4145 59.0874 518.89
22 0 47.1086 11.5266 543 73.5746 59.3333 517.908
23 0 51.1363 11.1858 572 72.8304 59.5035 518.872
24 0 49.1199 12.4797 613 73.4192 59.4796 517.285
25 0 51.2092 11.9119 610 74.4672 59.4131 517.085
26 0 54.0747 12.3163 666 74.7943 59.7282 515.556
27 0 55.1811 12.9936 717 74.0432 60.1409 516.432
28 0 55.1055 11.4326 630 77.6064 59.6698 515.544
29 0 56.1657 13.1575 739 75.5913 59.8647 514.637
30 0 62.1987 13.28 826 74.1707 60.1816 512.764
31 0 61.1539 12.2805 751 76.8855 59.0093 513.109
32 0 65.1273 12.56 818 76.2824 59.511 510.896
33 0 65.2774 12.7303 831 77.0722 60.1865 510.403
34 0 69.2634 13.1383 910 75.856 60.0352 507.044
35 0 71.1972 12.978 924 76.5119 60.5942 507.504
36 0 70.1415 12.6886 890 78.5629 59.8146 506.272
37 0 72.2209 11.991 866 80.1513 60.0312 506.52
38 0 77.2693 13.77 1064 77.2848 60.5583 505.367
39 0 78.2166 11.6344 910 81.2143 60.856 505.246
40 0 80.1742 11.949 958 81.3215 60.2641 502.572
41 0 84.2421 12.6777 1068 80.0393 60.2313 501.815
42 0 87.2512 13.3179 1162 80.037 60.7091 499.607
43 0 88.3096 12.8185 1132 81.3489 60.9585 498.719
44 0 92.1796 12.8879 1188 81.4806 60.9487 498.081
45 0 93.1454 12.7113 1184 81.6436 60.7145 497.59
46 1 46.1289 10.514 485 81.5835 60.6742 521.122
47 0 48.127 11.5735 557 81.3357 61.5584 518.822
48 0 48.0441 10.0533 483 83.8551 62.1304 519.969
49 0 50.2059 11.7317 589 80.7114 61.0441 520.063
50 0 51.297 12.6323 648 79.9846 61.4954 518.012
51 0 53.1785 11.1323 592 81.9358 61.4932 517.037
52 0 56.1761 12.2294 687 78.952 61.2227 516.849
53 0 56.1766 12.2827 690 81.0246 61.1478 514.488
54 0 59.1571 11.6132 687 80.3843 61.1004 514.408
55 0 60.1468 10.9233 657 81.8691 61.5693 513.907
56 0 61.1374 11.237 687 82.0902 61.0757 512.217
57 0 63.1491 10.4673 661 82.239 61.3116 513.386
58 0 62.2293 10.6702 664 84.7696 60.7997 508.209
59 0 67.2136 10.5038 706 83.6076 61.898 509.603
60 0 67.1179 9.63976 647 85.49 62.3308 508.023
61 0 70.1652 11.0311 774 83.6499 62.2183 504.82
62 0 72.2034 11.2876 815 83.7018 61.8785 504.856
63 0 75.1145 11.8353 889 82.2958 62.126 503.371
64 0 77.1999 10.4016 803 85.0349 61.6812 502.271
65 0 80.1711 10.3529 830 84.9205 61.3458 501.774
66 0 80.1396 8.98432 720 86.2264 61.2556 504.879
67 0 81.1967 8.32546 676 88.5503 61.0311 500.407
68 1 43.1101 9.39455 405 82.9284 60.8815 518.17
69 0 46.2375 10.4244 482 80.2386 61.4066 520.085
70 0 45.1427 9.41459 425 83.4165 61.8424 516.873
71 0 47.1818 8.83815 417 83.554 61.8657 516.283
72 0 47.1993 9.08912 429 83.0233 61.7459 514.473
73 0 50.1253 9.73561 488 81.248 60.8832 513.824
74 0 53.124 9.95783 529 80.3705 60.5841 515.707
75 0 55.2021 10.8148 597 78.9129 60.4204 512.496
76 0 54.1256 10.7897 584 79.4075 61.1901 511.12
77 0 56.1443 10.5977 595 79.837 60.9597 509.701
78 0 59.2034 11.0636 655 78.8198 61.1099 508.14
79 0 60.0455 9.99242 600 80.1883 61.17 508.637
80 0 62.2565 10.4567 651 78.4962 61.4547 510.235
81 0 66.1804 10.8794 720 77.8861 61.6708 506.04
82 0 67.2216 11.291 759 77.7154 61.6864 502.651
83 0 68.1227 9.15994 624 80.9599 62.1843 505.627
84 0 73.1732 10.2087 747 79.2383 61.6185 504.29
85 0 73.2837 10.6026 777 78.7851 61.1441 501.794
86 0 76.1775 10.4624 797 78.7478 61.7089 501.538
87 0 80.2201 11.2565 903 76.9579 61.3765 498.329
88 0 81.2447 10.4376 848 78.671 60.9304 495.209
89 1 40.1221 8.52398 342 76.1082 61.3743 519.073
90 0 39.1132 9.35744 366 75.9372 61.429 517.628
91 0 43.1123 8.97655 387 75.7158 61.4832 517.62
92 0 43.1023 9.83707 424 74.8939 61.8868 516.462
93 0 44.1329 8.701 384 75.849 61.9141 515.867
94 0 46.204 9.7827 452 75.4181 62.2412 514.951
95 0 46.1213 9.62679 444 75.0946 61.6802 513.721
96 0 49.113 9.85483 484 75.0165 61.7603 512.655
97 0 50.0666 8.92811 447 75.8009 61.7718 514.078
98 0 52.2091 9.80673 512 75.0762 61.5957 512.09
99 0 51.1415 9.19019 470 75.7681 61.2936 511.866
100 0 55.2266 8.5285 471 76.8875 61.1868 510.639
101 0 53.2789 8.8215 470 77.3149 60.7957 508.911
102 0 57.1754 9.86438 564 75.3351 61.3883 507.222
103 0 58.1158 9.84242 572 75.8741 61.5192 507.22
104 0 60.1856 8.25779 497 78.8451 61.4185 506.672
105 0 61.1317 9.65129 590 77.3966 61.2203 505.524
106 0 65.3403 10.2846 672 76.0298 61.058 502.844
107 0 65.1078 10.6746 695 75.9295 61.4763 502.219
108 0 68.2697 10.0337 685 76.8861 60.6672 498.993
109 0 67.1336 8.32668 559 79.9893 60.8426 499.311
110 0 69.2472 8.5202 590 79.817 61.4102 496.38
111 0 73.1925 9.98736 731 77.3475 61.5951 494.249
112 0 76.1501 10.0197 763 77.6763 61.0813 491.645
113 0 77.2783 8.03589 621 81.2689 61.0628 491.253
114 0 81.1242 9.09716 738 79.603 60.8862 490.682
115 1 38.1731 7.83273 299 78.8161 60.8194 512.806
116 0 41.1963 9.44259 389 76.3213 61.5733 514.658
117 0 41.1103 8.95152 368 77.4484 61.9456 515.712
118 0 43.1727 8.24596 356 78.7725 62.0927 514.331
119 0 44.1006 9.79578 432 77.456 62.1991 511.752
120 0 44.1546 10.4632 462 75.5801 62.1039 512.058
121 0 46.0849 9.22211 425 76.9788 61.32 511.421
122 0 46.2567 9.9445 460 76.5456 61.1348 510.072
123 0 47.1867 9.68493 457 77.5077 61.2473 511.195
124 0 50.041 10.3715 519 76.3025 60.6204 511.104
125 0 51.1035 9.96019 509 76.3752 60.6306 510.855
126 0 49.1571 9.94769 489 77.7648 60.8037 509.485
127 0 55.1509 12.3479 681 71.8943 61.5022 508.648
128 0 55.2457 10.4081 575 76.2278 60.3687 506.383
129 0 59.1835 11.1011 657 74.0807 61.0852 506.373
130 0 60.2746 11.8624 715 72.6518 61.4224 507.039
131 0 63.0954 12.7901 807 70.5353 61.5068 507.737
132 0 67.3112 13.4153 903 69.2093 61.2514 505.38
133 0 68.1611 13.0426 889 70.0259 61.2227 504.127
134 0 70.2114 12.2914 863 71.3291 61.5296 503.745
135 0 72.1096 12.7722 921 71.1466 61.5005 502.519
136 0 73.1181 11.4472 837 73.0597 62.1243 503.64
137 0 76.1751 14.3223 1091 68.527 61.4739 500.159
138 0 80.1277 13.5908 1089 69.832 61.8062 498.59
139 0 78.1206 12.2887 960 73.1125 61.5979 496.902
140 0 80.1438 11.6915 937 74.8463 61.4344 494.936
141 0 84.1074 12.8169 1078 73.244 61.4249 493.62
142 1 42.075 10.2198 430 74.786 62.3651 514.937
143 0 45.1238 10.7704 486 74.1379 61.6193 513.605
144 0 46.0899 10.9352 504 73.7917 61.3988 513.528
145 0 46.0699 10.8314 499 73.7395 61.9058 514.401
146 0 47.0613 10.6032 499 74.6373 61.5611 513.511
147 0 51.2032 12.2063 625 71.3632 61.3472 511.494
148 0 52.1082 11.5145 600 72.7633 61.2533 512.047
149 0 52.0817 12.1156 631 72.019 61.5975 511.843
150 0 55.1007 13.0488 719 69.8387 61.5021 511.581
151 0 57.084 10.5984 605 73.8959 61.8331 511.461
152 0 57.1124 11.5737 661 73.705 60.5961 508.369
153 0 61.0984 11.7352 717 72.3389 61.1311 507.859
154 0 62.1768 11.6442 724 73.0345 60.7652 507.55
155 0 63.0619 11.8772 749 72.5447 61.2857 506.191
156 0 64.1515 10.8026 693 73.7316 62.0779 508.596
157 0 66.2396 11.6245 770 73.6675 61.8078 503.801
158 0 69.2673 12.5456 869 71.5731 61.8136 502.449
159 0 69.0917 11.4196 789 73.5349 61.5057 503.61
160 0 74.089 12.9979 963 71.2731 61.3375 500.85
161 0 76.111 12.5606 956 72.4529 60.8755 500.465
162 0 78.1641 11.9876 937 73.3084 61.2359 498.552
163 1 38.1658 9.82554 375 75.4107 61.1627 517.776
164 0 40.1497 10.411 418 75.11 61.8254 515.62
165 0 42.051 11.058 465 73.4194 61.2 516.727
166 0 42.1238 9.89939 417 76.7242 62.2926 515.269
167 0 44.1112 10.8816 480 74.9958 62.0479 514.358
168 0 48.0962 11.3315 545 72.4642 61.9376 513.684
169 0 48.0646 11.2765 542 72.6956 61.3395 512.063
170 0 50.0696 12.243 613 70.8532 61.3605 510.644
171 0 49.0674 11.8409 581 73.0499 61.3528 509.678
172 0 53.1475 12.1737 647 70.9768 61.6893 511.396
173 0 53.1271 12.9501 688 70.327 61.7398 509.962
174 0 53.1462 11.1579 593 73.6425 61.253 509.189
175 0 56.124 12.5615 705 70.5461 61.9035 508.926
176 0 57.0578 11.9703 683 71.3807 62.243 507.921
177 0 59.1338 12.7846 756 70.881 62.5701 506.36
178 0 61.0834 11.5907 708 72.5042 63.2062 505.453
179 0 64.2197 11.9745 769 71.8348 61.8218 504.688
180 0 66.0689 11.4577 757 72.358 61.7834 504.194
181 0 67.1051 11.6534 782 72.702 61.3529 502.166
182 0 67.2451 10.8558 730 74.6616 61.4616 501.289
183 0 71.1326 10.6702 759 74.8432 61.0119 502.298
184 0 75.0699 11.2162 842 73.2173 60.7387 497.114
185 1 36.1349 10.4054 376 72.1223 60.9548 519.649
186 0 36.1316 10.7939 390 72.6897 61.2513 517.628
187 0 39.1427 10.3978 407 72.1106 61.1843 519.693
188 0 39.1458 10.8824 426 72.4155 60.2817 516.913
189 0 41.1478 9.96408 410 73.2146 59.5683 517.468
190 0 41.0848 10.5879 435 72.3655 58.9241 516.586
191 0 41.0743 8.5455 351 75.5043 58.5983 517.946
192 0 44.0934 10.0695 444 72.7973 58.1712 517.257
193 0 43.0483 9.33834 402 74.0846 57.8209 517.764
194 0 49.1059 9.51007 467 72.2634 58.1328 518.238
195 0 50.1554 10.0089 502 71.1892 58.6116 519.026
196 0 51.1275 10.1511 519 71.3141 58.5183 516.657
197 0 49.1797 10.2888 506 72.1601 58.0178 515.156
198 0 56.1636 13.7812 774 65.1408 57.9367 517.041
199 0 57.1761 12.2429 700 67.1529 58.1429 516.859
200 0 57.2662 11.2981 647 68.4003 58.0819 516.886
201 0 60.202 12.2421 737 67.228 58.4003 515.034
202 0 62.1578 11.2938 702 67.9715 57.5769 516.385
203 0 62.2607 10.97 683 68.8594 57.4524 515.3
204 0 65.2245 12.112 790 67.1051 57.7025 514.463
205 0 66.1626 11.8194 782 67.2506 57.9309 515.123
206 0 67.1941 11.8463 796 68.7261 57.5276 511.698
207 0 71.0912 13.5319 962 65.7214 55.947 508.874
208 1 37.1589 10.8453 403 66.2581 56.5831 528.052
209 0 38.1977 11.0216 421 67.2185 57.0618 527.594
210 0 39.0932 11.1528 436 65.0757 57.078 530.468
211 0 38.1822 9.48086 362 69.768 56.5083 527.166
212 0 40.1813 11.8712 477 65.392 56.2725 528.591
213 0 43.0913 12.7636 550 65.3927 56.5618 526.253
214 0 43.1427 11.8212 510 66.6588 56.0686 527.074
215 0 44.1455 11.1903 494 68.67 55.3947 523.761
216 0 46.132 12.7894 590 66.3932 55.639 522.602
217 0 48.1666 13.8478 667 65.2804 55.4498 520.85
218 0 47.1172 10.8028 509 69.664 56.1041 523.872
219 0 51.0712 13.1385 671 65.7466 54.7466 520.571
220 0 51.1263 12.2051 624 67.1651 55.1667 521.059
221 0 54.1441 11.8757 643 67.9145 54.958 519.243
222 0 54.1066 11.6437 630 68.7841 54.4905 518.49
223 0 58.1646 12.138 706 67.5708 55.7762 518.249
224 0 56.1177 12.1352 681 68.9046 55.464 514.888
225 0 61.0609 12.7905 781 66.7029 55.6018 515.168
226 0 61.1446 11.8408 724 68.7417 55.5552 515.126
227 0 62.0826 11.984 744 69.3306 54.3306 513.095
228 0 63.0908 10.8415 684 70.9942 54.4576 511.037
229 0 67.108 12.3979 832 68.113 54.6983 509.321
230 1 34.0774 8.92086 304 69.4605 56.2007 526.507
231 0 34.1194 10.0236 342 69.7953 55.307 522.921
232 0 37.137 11.2556 418 67.6986 55.9306 524.005
233 0 38.3393 10.6418 408 68.1054 56.652 524.078
234 0 37.1547 10.9811 408 69.1765 56.6642 523.218
235 0 41.1183 11.4061 469 67.6098 56.5608 522.431
236 0 43.292 11.9884 519 66.4856 56.4277 521.686
237 0 43.1882 11.994 518 66.805 56.305 520.006
238 0 42.041 11.132 468 69.2201 56.3953 519.139
239 0 45.2618 9.76541 442 70.4502 56.9593 521.421
240 0 45.0558 11.4747 517 69.0619 57.2282 518.279
241 0 49.1379 13.2281 650 65.2538 56.4277 517.331
242 0 49.1484 11.801 580 67.4707 56.1862 516.56
243 0 49.2224 12.1896 600 67.4817 56.49 514.427
244 0 52.2492 12.2107 638 66.5063 56.3997 516.491
245 0 54.2096 12.3041 667 66.066 56.2429 516.792
246 0 54.0588 13.2448 716 65.3436 56.7835 515.763
247 0 57.1292 13.3207 761 64.569 56.5506 514.859
248 0 58.1352 11.1808 650 67.4692 57.1262 514.809
249 0 58.1537 12.0887 703 66.7198 57.1707 514.462
250 0 60.1147 11.0455 664 68.3178 57.006 513.551
251 0 62.1109 11.7371 729 66.8738 56.262 512.959
252 0 64.2392 11.2548 723 67.5076 56.7925 512.075
253 0 67.1051 10.8934 731 67.7551 56.9603 510.614
254 0 67.1442 12.838 862 65.6114 57.1404 508.959
255 0 70.2091 13.5737 953 64.085 57.6453 509.809
256 0 71.21 11.9225 849 67.2756 57.0942 507.325
257 0 74.2287 12.2459 909 65.8361 57.0451 508.481
258 1 37.0857 9.68028 359 68.4986 57.6379 525.721
259 0 40.0717 10.8555 435 66.0575 57.3839 526.087
260 0 42.0827 10.4794 441 67.0544 57.297 524.292
261 0 45.131 11.0567 499 65.8116 56.6252 522.667
262 0 45.1968 10.6645 482 66.9378 57.1037 523.668
263 0 44.1584 8.96771 396 69.5278 56.8232 522.045
264 0 47.1972 11.7168 553 65.1013 57.0253 522.608
265 0 48.1303 10.3469 498 67.8896 57.2048 521.167
266 0 49.1299 10.7674 529 67.2609 57.1153 520.713
267 0 52.0742 11.8485 617 65.8914 56.765 519.475
268 0 53.0559 12.5151 664 65.1355 57.259 521.62
269 0 53.2044 11.2961 601 67.8918 56.6256 519.867
270 0 54.169 11.0395 598 69.4515 56.8194 519.172
271 0 55.039 10.865 598 69.4448 56.6522 519.935
272 0 60.1659 12.2162 735 66.5701 55.902 517.517
273 0 62.0448 12.0236 746 67.1139 56.0456 518.862
274 0 63.0457 11.8486 747 66.992 55.6975 517.1
275 0 64.0611 12.1915 781 67.032 55.8822 516.026
276 0 67.0521 11.767 789 67.4182 56.2345 515.897
277 0 66.2235 11.4461 758 69.0765 56.2084 513.276
278 0 71.0662 12.5376 891 66.5724 55.2593 509.844
279 0 73.1058 13.8156 1010 64.605 55.1644 511.666
280 1 37.0871 10.3001 382 68.9555 55.6178 527.77
281 0 41.0306 10.0413 412 67.3204 55.6893 528.442
282 0 42.0471 10.6072 446 67.5762 55.8565 528.235
283 0 41.0612 11.0323 453 67.4592 55.6115 527.183
284 0 43.1349 10.4788 452 68.531 55.25 526.675
285 0 45.1011 11.6183 524 66.2614 54.9256 525.198
286 0 44.1403 11.3728 502 68.0359 54.6056 524.986
287 0 47.0753 11.1311 524 68.0782 54.9179 523.49
288 0 48.0544 11.591 557 66.9336 54.7648 519.984
289 0 51.0755 11.5515 590 66.4661 54.078 520.873
290 0 51.1568 11.3768 582 67.043 54.2698 519.06
291 0 55.3017 13.0557 722 64.7188 54.5097 520.119
292 0 55.0463 12.5349 690 66.6232 53.987 517.729
293 0 57.0261 13.3798 763 64.8834 53.8991 518.236
294 0 59.4228 14.1865 843 63.9466 54.0807 515.375
295 0 62.058 12.9073 801 65.0462 54.1074 517.016
296 0 63.0878 13.5208 853 63.9308 53.2872 516.206
297 0 64.1143 12.3529 792 66.6288 54.1654 513.095
298 0 66.145 13.2285 875 65.4434 54.4011 512.24
299 0 69.1864 12.2567 848 66.6851 53.7417 512.219
300 0 71.0855 12.5201 890 65.9933 53.7719 510.331
301 0 70.0671 11.332 794 68.5542 53.5504 507.293
302 0 77.2004 13.7434 1061 64.1272 53.902 507.848
303 0 76.124 12.5979 959 66.4901 53.9354 504.539
304 0 81.1393 12.9407 1050 65.4314 53.6533 504.512
305 1 39.0498 9.11656 356 69.4747 54.2781 524.935
306 0 43.1618 11.2831 487 65.77 54.9507 523.799
307 0 43.1036 9.41916 406 69.2956 54.0296 524.076
308 0 47.2208 11.4145 539 66.0352 54.1725 522.994
309 0 46.0748 11.0039 507 67.8619 54.0789 521.471
310 0 48.0632 11.3184 544 67.3695 53.5588 521.632
311 0 49.1144 11.9517 587 67.23 53.0545 518.273
312 0 50.0748 12.022 602 67.8854 53.3887 518.166
313 0 52.0308 11.3202 589 67.3735 53.6333 519.496
314 0 57.0576 12.0755 689 65.6865 53.1698 517.493
315 0 56.0294 11.6368 652 67.7684 52.8742 516.753
316 0 58.1574 12.363 719 67.2893 53.6481 516.054
317 0 59.1564 12.5599 743 67.3028 52.8533 513.833
318 0 63.1382 13.3992 846 64.786 53.5166 514.009
319 0 64.065 12.6746 812 65.7697 54.053 512.541
320 0 64.0569 12.2547 785 67.4127 54.2076 511.713
321 0 65.0469 11.73 763 68.3761 54.5544 509.81
322 0 68.07 12.2374 833 66.7515 54.5318 508.976
323 0 70.1214 12.1504 852 67.2958 54.1338 507.907
324 0 71.0618 11.7363 834 67.5863 54.3285 508.343
325 0 77.1578 12.5068 965 65.9948 54.0715 507.081
326 0 78.0962 13.2017 1031 65.6702 53.5364 503.697
327 0 83.2057 13.689 1139 63.9772 53.6716 504.629
328 0 84.155 12.1086 1019 65.9853 53.1295 503.254
329 0 88.2826 12.6186 1114 65.3339 53.5305 501.738
330 1 45.046 10.3006 464 66.2888 54.6897 521.849
331 0 46.1158 11.8831 548 64.6296 54.9507 520.445
332 0 47.1048 11.1666 526 65.4582 55.0247 520.586
333 0 49.1729 10.2902 506 66.4842 54.5356 518.779
334 0 49.0806 9.69833 476 67.2206 53.6155 518.702
335 0 51.0919 10.7845 551 66.0417 54.2051 515.65
336 0 51.0401 7.69983 393 70.0458 54.1069 514.936
337 0 54.2417 11.0247 598 66.0635 53.6171 512.871
338 0 60.1297 11.2091 674 64.3635 54.6706 513.936
339 0 60.0844 11.3174 680 64.7324 54.6206 512.441
340 0 59.0773 10.9687 648 65.2469 54.0031 510.463
341 0 63.1404 11.3715 718 64.5557 54.312 510.018
342 0 66.0824 12.5298 828 63.2101 54.663 507.763
343 0 70.2321 11.5617 812 63.4581 53.3276 508.888
344 0 71.1956 11.3209 806 64.3288 54.2395 506.558
345 0 74.1266 12.2898 911 63.4994 53.4841 505.133
346 0 76.1386 11.4922 875 64.88 54.336 503.192
347 0 79.227 12.6093 999 64.1682 54.3013 501.612
348 0 80.1894 10.8119 867 66.1995 54.2572 502.328
349 0 84.2391 11.9303 1005 64.2468 53.8338 499.697
350 0 86.1651 11.7797 1015 65.1044 53.6808 496.431
351 1 50.0921 11.6985 586 62.8686 53.913 516.408
352 0 50.1142 10.8552 544 64.2868 54.5294 515.638
353 0 53.1095 11.9564 635 62.6898 54.5984 516.106
354 0 54.0846 10.8903 589 64.6129 53.9626 512.92
355 0 54.0621 11.5978 627 63.4306 54.303 511.53
356 0 55.1419 11.2618 621 64.6683 53.9968 512.652
357 0 58.0694 11.8307 687 63.885 54.0422 511.523
358 0 59.0721 11.2913 667 64.2219 54.4168 509.546
359 0 62.0867 11.1135 690 64.2493 54.0348 509.297
360 0 65.1348 10.9005 710 64.0563 54.8 511.868
361 0 66.0883 10.3498 684 65.6681 54.5058 508.674
362 0 69.1216 11.1109 768 65.4167 54.6393 505.323
363 0 72.0567 10.7415 774 65.6499 54.0052 506.373
364 0 74.1062 10.9303 810 65.2556 54.3963 503.938
365 0 75.1054 10.8514 815 64.8294 54.2 503.789
366 0 81.134 12.239 993 62.9688 53.9849 500.255
367 0 81.0985 9.97552 809 66.0779 53.686 501.784
368 0 85.1562 11.473 977 64.2395 53.6735 499.39
369 0 88.0784 12.6819 1117 63.0018 54.0761 500.189
370 1 45.0561 10.2317 461 64.2798 54.1844 518.427
371 0 47.1101 9.95541 469 64.0704 53.3966 518.795
372 0 49.0982 11.2224 551 62.4138 53.931 518.884
373 0 50.149 11.4858 576 62.9705 54.4531 516.307
374 0 50.1614 9.98776 501 65.1297 55.1896 517.279
375 0 52.0924 10.1934 531 63.3314 53.9134 516.554
376 0 54.0916 10.8335 586 62.0239 54.2577 517.009
377 0 57.1821 10.7201 613 62.1778 54.9608 514.222
378 0 56.1227 11.4749 644 62.1304 55.132 514.983
379 0 58.137 10.6817 621 62.9404 54.9195 513.977
380 0 60.2209 10.9098 657 62.1644 54.7032 513.126
381 0 62.0663 10.4888 651 62.9908 54.3548 513.103
382 0 63.1009 10.6021 669 62.7728 54.4245 510.795
383 0 68.1285 11.7572 801 60.3471 54.7803 511.242
384 0 68.1579 11.5761 789 60.8745 54.4043 510.603
385 0 70.1423 10.6355 746 61.6743 53.7802 510.958
386 0 74.0929 12.2684 909 59.6986 53.3069 507.957
387 0 75.1652 10.1111 760 61.554 53.5592 508.846
388 0 76.2854 10.8933 831 61.9699 53.9049 503.306
389 0 78.1828 12.1638 951 59.8454 54.4069 499.763
390 0 83.2676 11.349 945 60.3228 53.6159 502.637
391 0 85.1986 11.972 1020 59.1324 53.4676 499.991
392 1 45.068 9.51895 429 58.7156 53.9907 521.788
393 0 47.0328 9.67409 455 58.5143 54.0506 519.07
394 0 49.0434 11.2757 553 56.6926 54.8137 517.434
395 0 51.0689 11.2789 576 56.5208 54.9826 516.63
396 0 50.0533 9.88946 495 58.099 54.9879 516.416
397 0 55.0867 10.9464 603 56.3051 54.6434 515.698
398 0 54.0843 10.6685 577 57.2669 53.74 514.525
399 0 54.0912 9.87222 534 58.9026 53.8745 513.412
400 0 57.0686 10.6363 607 57.1417 53.8369 513.959
401 0 60.0606 9.67357 581 58.0224 54.2169 513.652
402 0 59.0342 10.3161 609 57.4368 54.6617 513.586
403 0 63.2493 12.0159 760 55.7145 54.3382 512.616
404 0 66.1777 11.8016 781 56.3905 54.1472 509.785
405 0 66.0541 8.76554 579 59.8687 53.8273 508.036
406 0 68.3012 10.9808 750 57.7427 54.1453 507.667
407 0 71.1577 11.2426 800 57.3712 53.98 507.665
408 0 75.1907 12.3819 931 56.7615 53.42 502.006
409 0 76.1359 9.68006 737 60.5278 53.5387 501.468
410 0 80.2513 11.302 907 58.3738 54.1918 502.214
411 0 82.1602 10.6378 874 60.2162 54.1773 501.467
412 0 85.2676 11.3994 972 59.1914 53.82 501.262
413 0 85.2282 11.9327 1017 59.5467 53.9636 501.718
414 0 87.2398 10.5456 920 61.6739 54.2424 498.021
415 0 91.1782 10.4301 951 61.755 54.4343 500.209
416 1 51.1813 9.35889 479 60.6493 53.8643 520.729
417 0 52.1179 10.3036 537 60.8864 52.8436 519.117
418 0 53.1016 11.0166 585 60.7863 52.7299 515.954
419 0 55.0858 9.71212 535 62.1589 53.3439 515.951
420 0 56.0882 11.3393 636 61.2044 53.2264 514.783
421 0 57.0469 12.3057 702 60.2778 53.4758 515.306
422 0 59.0814 12.0512 712 61.2781 53.177 512.43
423 0 62.1322 10.9927 683 62.5476 53.5564 512.026
424 0 63.0747 10.8443 684 64.2266 54.2412 511.073
425 0 65.1418 10.623 692 64.9393 54.1243 510.54
426 0 69.2574 12.2586 849 62.8681 54.2591 509.047
427 0 71.1625 11.537 821 63.5225 53.8404 507.732
428 0 72.1149 10.7467 775 64.0619 54.311 507.741
429 0 75.1143 11.7554 883 62.932 53.7248 505.234
430 0 75.1202 11.222 843 64.2681 53.7722 506.217
431 0 79.0837 12.2655 970 63.067 53.8567 504.272
432 0 81.0748 12.0876 980 63.6765 53.9949 499.678
433 0 84.1512 10.5881 891 65.1762 53.2492 500.419
434 1 44.1072 11.2 494 62.4393 53.915 520.856
435 0 44.243 9.60605 425 63.88 53.3835 523.104
436 0 43.0145 11.066 476 63.8235 53.2227 519.985
437 0 47.0548 9.69083 456 65.5987 53.9825 521.675
438 0 47.1313 10.9481 516 65.5504 53.9651 516.76
439 0 52.175 11.4231 596 63.3826 54.495 518.143
440 0 51.0515 12.5364 640 63.7531 53.9938 517.348
441 0 50.0579 10.4879 525 67.4 53.941 517.377
442 0 54.1282 11.639 630 64.7714 53.1651 518.371
443 0 56.0464 12.454 698 64.0086 53.1748 515.559
444 0 56.0918 14.8863 835 52.0635 53.0252 516.292
445 0 59.1029 12.8251 758 63.7704 52.8826 515.181
446 0 60.0511 12.0231 722 65.4557 53.4252 513.841
447 0 61.0474 12.8425 784 64.8546 53.8622 511.761
448 0 64.067 12.1279 777 65.2831 54.0129 510.745
449 0 66.0961 11.7859 779 65.6393 54.059 509.657
450 0 68.0653 12.4145 845 64.8036 54.103 510.392
451 0 68.0989 12.056 821 64.9647 53.7466 509.605
452 0 71.1492 12.1154 862 64.8051 53.9756 508.206
453 0 74.12 12.7226 943 63.6734 53.9608 507.14
454 0 75.075 12.0546 905 64.7934 53.8586 505.406
455 0 78.0417 10.7763 841 66.3912 53.7087 500.182
456 0 79.11 11.5282 912 65.579 53.6656 502.422
457 0 82.126 11.3971 936 65.7425 53.8921 500.577
458 0 86.0742 11.1067 956 65.4801 53.6224 500.122
459 1 43.1124 10.3914 448 64.183 54.0848 522.583
460 0 43.0506 12.3111 530 63.0377 54.1774 518.719
461 0 43.0614 10.8914 469 64.9893 54.3945 520.416
462 0 45.1123 10.5958 478 65.4958 53.5063 517.9
463 0 45.0804 9.60506 433 66.1917 53.4272 520.48
464 0 47.0491 11.0735 521 65.0384 53.7198 517.19
465 0 48.0314 10.8679 522 65.6398 53.5766 516.452
466 0 49.1015 10.8551 533 65.2908 53.7204 516.31
467 0 52.0214 9.30386 484 67.2314 54.1694 514.578
468 0 53.0362 10.3703 550 66.0018 52.9709 514.351
469 0 55.0526 10.5172 579 65.5872 53.1831 510.534
470 0 57.053 10.8671 620 64.8532 53.4726 511.308
471 0 59.0629 11.0052 650 64.6646 53.4292 509.582
472 0 59.0727 9.71684 574 66.2666 52.7962 508.913
473 0 63.1268 10.5502 666 65.1186 53.4535 506.754
474 0 64.0497 11.335 726 64.854 53.0413 507.112
475 0 65.1043 9.99935 651 66.3733 52.8618 502.763
476 0 69.0737 10.8001 746 65.6099 53.3928 504.458
477 0 72.1565 10.3248 745 65.8765 53.3383 504.796
478 0 74.068 10.7064 793 65.884 52.9773 502.604
479 0 81.1395 12.3737 1004 62.8376 53.5608 505.562
480 1 45.0157 10.7296 483 63.8716 53.5507 522.282
481 0 44.0241 10.7214 472 65.7203 53.7564 518.907
482 0 48.0441 10.5736 508 64.9528 54.0177 522.071
483 0 47.0559 11.5395 543 65.4402 53.3186 519.497
484 0 51.056 11.6343 594 64.5842 54.0152 520.039
485 0 51.2128 11.5987 594 64.8771 54.5404 517.293
486 0 53.0548 11.5918 615 65.1073 53.8943 516.587
487 0 51.1486 10.4011 532 68.2049 54.3045 515.154
488 0 56.1208 11.9742 672 65.7589 54.4732 515.244
489 0 60.1208 11.6599 701 64.7418 54.0043 515.785
490 0 59.0676 10.5472 623 67.1734 53.2825 516.194
491 0 63.1334 12.2439 773 64.1242 53.4994 514.233
492 0 65.1758 9.95768 649 66.3559 54.3282 516.202
493 0 66.0719 12.7286 841 64.2259 53.9941 511.238
494 0 66.0904 11.7415 776 65.3119 53.7294 513.106
495 0 69.1827 12.4887 864 64.9965 53.6933 506.826
496 0 71.1414 11.3717 809 65.5538 53.974 508.372
497 0 75.1532 11.3368 852 65.8592 53.7923 506.582
498 0 77.2129 12.1094 935 64.7294 54.4417 506.079
499 0 78.2421 9.93071 777 67.7194 54.2149 505.049
500 1 40.0311 10.3919 416 63.9543 53.8798 523.82
501 0 40.0535 11.21 449 63.6481 53.6192 523.717
502 0 42.0647 12.0529 507 61.6193 54.1894 524.314
503 0 41.0547 10.7174 440 63.6659 53.2295 519.673
504 0 45.0108 12.2637 552 60.7826 53.8514 522.688
505 0 45.1084 11.5943 523 63.0057 53.3231 521.157
506 0 47.0344 9.3336 439 65.5945 52.9294 518.863
507 0 51.0724 11.3173 578 61.9325 52.4602 518.735
508 0 51.065 10.5356 538 63.2658 52.3959 517.31
509 0 52.0689 11.7537 612 61.8039 52.3774 515.185
510 0 54.0772 10.5405 570 63.2035 52.1842 516.423
511 0 58.0812 11.7938 685 60.8744 51.7781 515.223
512 0 60.2843 10.3012 621 62.6328 51.7005 513.013
513 0 59.0863 11.8471 700 61.3857 52.7186 514.013
514 0 61.0197 11.0784 676 61.9186 52.2988 514.555
515 0 64.065 11.3166 725 61.6593 52.9352 510.63
516 0 65.178 12.3048 802 60.717 52.9214 510.289
517 0 68.0444 11.2721 767 61.9818 53.1356 508.253
518 0 70.085 11.7144 821 62.1681 53.0061 509.895
519 0 73.1506 12.4674 912 61.761 53.0186 506.921
520 0 72.2156 10.6764 771 64.3359 52.2244 505.24
521 0 78.1193 11.9945 937 61.5229 51.9797 509.837
522 1 41.1465 10.256 422 63.5213 51.8365 521.197
523 0 44.0985 10.1364 447 62.5593 51.9485 522.492
524 0 46.0412 11.5331 531 60.9586 52.6893 521.407
525 0 45.081 10.8693 490 61.9367 52.5735 521.902
526 0 48.0307 12.1381 583 60.3448 52.2487 520.098
527 0 49.0593 10.2733 504 61.5595 52.121 522.611
528 0 52.1159 11.7239 611 60.7594 52.0998 518.936
529 0 52.1324 11.9887 625 61.6928 51.9536 516.285
530 0 52.0709 11.6572 607 62.682 52.2817 516.932
531 0 54.0699 11.1337 602 63.196 52.9336 516.267
532 0 57.0691 12.2658 700 61.9886 52.6771 515.04
533 0 60.0476 11.5075 691 62.5977 52.3864 515.577
534 0 61.0644 11.9055 727 61.9161 52.2889 514.215
535 0 68.0332 10.4508 711 62.7876 51.7651 515.146
536 0 66.1578 13.1353 869 60.5938 52.5696 511.361
537 0 68.1656 12.6457 862 61.2401 52.1497 510.494
538 0 68.0553 11.2115 763 65.1651 51.8965 507.802
539 0 73.0655 12.4135 907 62.7608 52.0154 508.948
540 0 74.126 11.7368 870 64.3218 52.3023 507.638
541 0 75.0434 11.3934 855 63.9146 52.2 508.937
542 0 78.0897 11.5124 899 64.0311 52.861 507.714
543 1 40.0537 10.3361 414 65.6836 52.57 523.222
544 0 44.093 11.1809 493 63.432 52.355 522.686
545 0 45.0179 12.706 572 61.049 52.8829 522.019
546 0 46.0733 12.1762 561 62.1996 52.7237 522.226
547 0 47.0524 11.8804 559 62.2039 53.6351 523.208
548 0 45.0691 11.5822 522 63.3314 52.9176 520.868
549 0 50.0829 12.8787 645 60.8713 52.4372 520.087
550 0 51.0807 12.7641 652 60.7377 52.431 519.112
551 0 50.0421 12.0099 601 62.386 52.614 520.408
552 0 52.065 11.8506 617 62.5867 52.2869 520.191
553 0 53.1309 11.4434 608 63.574 51.9474 517.923
554 0 55.0226 11.1227 612 64.0147 52.8431 518.636
555 0 57.1432 13.4224 767 61.9478 52.5515 513.89
556 0 62.0656 13.3568 829 60.8094 52.655 515.07
557 0 64.0734 11.5961 743 63.14 52.7981 514.56
558 0 67.2637 13.4694 906 60.2693 52.3355 513.895
559 0 68.0623 12.4004 844 61.9882 52.4384 511.748
560 0 70.0898 11.3711 797 63.2509 52.2447 512.132
561 0 71.0582 12.2716 872 62.3934 52.2741 512.287
562 0 74.0691 12.0833 895 62.4592 52.1732 508.991
563 1 39.0287 10.8894 425 63.9082 52.7906 526.071
564 0 40.072 11.1549 447 63.2707 52.7226 526.649
565 0 43.0739 10.6329 458 63.7467 52.8472 526.057
566 0 43.0704 13.2574 571 61.5709 53.0158 525.081
567 0 45.0179 12.595 567 62.0705 53.1164 524.797
568 0 46.0738 12.48 575 62.8591 52.5235 522.642
569 0 46.0385 10.8605 500 65.494 52.362 520.148
570 0 50.0265 12.5733 629 62.6852 52.9825 521.506
571 0 49.0562 12.0678 592 64.3294 52.9392 520.895
572 0 53.053 11.4791 609 64.9984 52.7438 519.44
573 0 53.025 12.0132 637 64.7614 53.3171 520.184
574 0 57.1251 12.884 736 63.5652 52.8152 518.295
575 0 59.089 13.1497 777 63.619 53.3565 517.668
576 0 59.0909 14.0969 833 62.8391 52.8704 516.228
577 0 60.0839 12.9153 776 64.5941 52.8544 517.387
578 0 60.0692 11.6366 699 66.8913 53.7239 516.432
579 0 64.0955 13.9635 895 63.9553 53.3263 515.174
580 0 67.0857 12.4766 837 65.509 53.6762 515.768
581 0 69.2446 12.7375 882 65.3594 53.754 513.518
582 0 70.1006 12.8957 904 65.0785 53.4945 511.999
583 0 70.1197 12.4359 872 66.5562 53.5642 508.919
584 0 73.1266 12.663 926 66.2473 54.3564 507.715
585 0 76.1051 12.8901 981 65.9439 53.3986 509.274
586 0 79.0455 13.0811 1034 65.8037 53.854 506.017
587 0 83.0711 14.4695 1202 63.9318 52.7471 505.283
588 0 86.1362 13.0839 1127 65.2813 53.299 506.476
589 1 43.0757 11.2128 483 68.4928 53.9006 525.472
590 0 44.1525 12.3889 547 68.0018 53.3839 523.32
591 0 47.0597 13.8547 652 66.046 53.2807 523.029
592 0 48.0697 12.9188 621 67.4283 53.3237 523.013
593 0 49.0767 12.674 622 68.209 52.7508 522.064
594 0 52.047 13.9873 728 65.3832 53.2019 521.18
595 0 52.0725 13.3468 695 67.1079 53.3986 520.429
596 0 53.0789 12.6604 672 67.7783 52.4881 520.381
597 0 56.1266 13.6655 767 66.5632 53.6063 517.784
598 0 55.1732 11.2192 619 70.8094 53.5105 517.465
599 0 59.045 14.0571 830 65.8651 54.1771 517.219
600 0 57.0945 12.0502 688 69.7645 54.0799 514.517
601 0 63.0751 12.7943 807 67.8649 53.5874 513.525
602 0 66.1187 13.506 893 65.9406 53.682 514.209
603 0 68.089 13.7761 938 66.097 53.9563 510.899
604 0 70.0363 14.3211 1003 65.0638 53.329 507.144
605 0 74.1159 13.7892 1022 65.4061 53.8258 507.225
606 0 76.0394 14.19 1079 65.0204 53.6033 507.535
607 0 76.1882 12.4691 950 68.0053 53.9316 507.133
608 0 81.0655 12.5701 1019 67.3572 54.1335 505.447
609 0 82.0489 13.6138 1117 66.6598 54.1137 501.795
610 0 84.1253 12.3625 1040 68.2029 54.2788 502.299
611 0 88.1299 13.3666 1178 65.9431 53.4448 503.136
612 0 91.1192 14.3987 1312 65.811 53.7919 497.667
613 0 93.1375 11.5099 1072 68.8853 53.7267 501.037
614 1 52.0687 12.1762 634 67.9338 54.4653 518.317
615 0 52.0781 12.078 629 69.841 54.1717 515.963
616 0 56.0621 13.0748 733 67.311 54.0423 515.832
617 0 59.0894 12.5911 744 67.2245 53.6747 516.567
618 0 60.1357 13.719 825 66.0291 52.7042 512.625
619 0 62.1162 13.2172 821 67.1547 53.525 511.776
620 0 63.0974 12.0132 758 68.6095 53.5132 512.565
621 0 67.0607 12.854 862 66.1102 52.8446 512.929
622 0 69.1074 13.7467 950 65.4716 52.8621 510.745
623 0 71.1515 13.6891 974 65.2105 52.8121 508.198
624 0 72.0613 12.1563 876 68.2203 53.9121 506.62
625 0 77.0572 14.1453 1090 64.6835 54.1807 505.677
626 0 75.0832 11.707 879 69.1911 53.76 502.876
627 0 82.0813 13.4866 1107 66.14 53.9178 500.865
628 0 84.0932 13.8656 1166 65.2479 53.2196 500.251
629 0 87.1355 12.4519 1085 66.3982 53.5945 501.853
630 0 90.102 13.9952 1261 64.732 53.6003 497.27
631 0 94.0996 13.3901 1260 65.2056 52.9595 496.892
632 0 98.1487 13.8565 1360 64.9838 53.2779 496.324
633 0 101.07 12.9019 1304 66.8558 53.194 493.428
634 0 102.148 13.3434 1363 66.4255 52.9472 492.792
635 1 53.0453 14.4593 767 63.1877 53.9074 516.695
636 0 51.1309 11.2848 577 68.3016 53.4298 515.444
637 0 53.0812 12.7729 678 66.0295 53.4882 515.267
638 0 56.1111 11.3525 637 67.8713 53.2198 514.463
639 0 58.1273 13.522 786 64.7456 53.715 513.763
640 0 58.0886 12.5498 729 66.716 53.2647 509.597
641 0 62.0859 11.8707 737 67.0461 53.4885 511.028
642 0 65.0838 12.8296 835 65.4838 53.5964 510.309
643 0 65.108 10.3827 676 68.9112 54.037 507.902
644 0 68.0977 12.7611 869 65.2186 53.9666 508.664
645 0 71.1699 12.4069 883 65.2888 53.3647 505.374
646 0 74.1034 13.4947 1000 64.18 52.322 502.446
647 0 76.0628 13.502 1027 64.1519 53.0146 501.375
648 0 77.0998 13.7484 1060 63.9066 52.8368 501.237
649 0 78.2146 12.1716 952 65.5672 52.4527 501.559
650 0 84.1889 11.9493 1006 65.3728 53.4901 499.957
651 0 85.1182 12.0891 1029 65.5811 53.553 497.503
652 0 88.0708 12.9895 1144 64.3042 53.2448 496.441
653 0 93.1538 11.583 1079 66.0148 53.5598 495.606
654 0 92.1212 11.5066 1060 66.5491 52.9019 494.036
655 0 96.1268 12.3899 1191 65.3434 52.5197 490.02
656 0 99.1764 11.0409 1095 66.9306 53.2612 493.427
657 0 104.223 12.7611 1330 65.0511 52.812 489.466
658 1 55.0499 10.9719 604 63.7947 53.8378 512.526
659 0 55.0412 11.1734 615 63.1854 53.9187 513.606
660 0 59.1634 12.457 737 61.4274 53.1588 512.689
661 0 63.0398 12.8332 809 61 52.932 510.451
662 0 65.158 12.6615 825 60.6691 53.16 509.525
663 0 64.0933 11.0776 710 63.6268 53.238 508.749
664 0 67.1124 12.5014 839 61.1466 52.6973 507.305
665 0 71.1127 12.445 885 61.1107 53.174 508.434
666 0 73.0426 11.8561 866 61.9873 53.3811 507.394
667 0 75.0573 11.378 854 62.9403 52.918 505.684
668 0 78.1586 11.8221 924 62.9318 53.25 500.891
669 0 81.0825 12.4564 1010 62.0426 53.4881 501.668
670 0 82.2417 11.4176 939 63.7796 53.1981 499.354
671 0 85.1906 10.4119 887 64.3642 54.4532 500.288
672 0 88.3114 12.6824 1120 61.8938 54.4643 494.709
673 0 91.155 13.2412 1207 61.3065 54.2187 495.547
674 0 94.3294 11.6507 1099 63.1884 53.2702 494.108
675 0 96.3318 11.4604 1104 63.6024 53.7817 493.571
676 1 52.1423 11.8138 616 59.5698 53.7143 516.886
677 0 51.1106 11.4262 584 61.0719 53.0753 515.656
678 0 52.1138 10.976 572 61.9545 53.2045 513.762
679 0 54.134 13.2818 719 59.089 53.815 513.48
680 0 57.1399 12.2681 701 60.0984 53.7532 512.672
681 0 57.0627 12.092 690 61.1797 53.9971 512.668
682 0 61.0976 12.521 765 60.9647 54.3438 511.238
683 0 62.1321 13.423 834 60.3513 54.066 508.347
684 0 63.2249 10.5496 667 63.9865 54.7346 508.87
685 0 66.0884 11.6965 773 62.7128 53.7697 506.797
686 0 70.4972 12.5537 885 61.2622 53.487 505.815
687 0 71.0661 11.6933 831 62.5162 53.148 506.787
688 0 72.1048 11.5942 836 63.555 53.3194 505.029
689 0 74.5279 11.7272 874 63.04 53.4794 504.974
690 0 79.0813 12.1268 959 62.048 53.4411 504.344
691 0 80.0739 12.0139 962 62.4189 53.9064 501.533
692 0 82.2881 12.3104 1013 62.6979 53.8578 500.781
693 0 85.0869 11.118 946 64.1501 53.9503 495.619
694 0 90.1871 11.3764 1026 63.9854 54.3236 494.53
695 1 45.1217 12.0341 543 61.3481 54.0976 518.547
696 0 47.122 11.9901 565 63.6938 54.0673 515.466
697 0 47.1346 10.8201 510 64.7686 53.8667 518.078
698 0 50.0497 11.6284 582 64.5808 54.2302 514.172
699 0 54.1225 11.3816 616 64.1088 54.2922 514.063
700 0 55.1304 11.1372 614 64.2036 53.9479 514.467
701 0 57.1112 10.4008 594 65.1566 54.7155 513.192
702 0 58.1269 13.4189 780 61.7987 54.1064 511.938
703 0 59.0934 11.1857 661 64.4811 54.3918 509.369
704 0 61.1916 12.4527 762 62.7822 54.0604 508.591
705 0 63.114 11.6139 733 64.3834 54.3684 508.722
706 0 64.1666 10.7377 689 65.6459 53.5007 504.968
707 0 69.0877 12.7664 882 62.7506 54.0488 506.213
708 0 70.1155 12.1229 850 62.8718 54.6494 506.061
709 0 71.0985 11.1676 794 64.2481 54.6448 504.844
710 0 73.072 11.0028 804 65.5037 54.5137 502.178
711 0 78.1319 12.2357 956 63.4592 54.2699 501.869
712 0 78.0599 10.0948 788 66.9657 54.1371 500.53
713 0 84.1714 11.8449 997 64.3079 54.0592 499.624
714 0 83.1023 12.4545 1035 64.6676 53.5391 496.869
715 0 88.2504 12.4645 1100 64.6045 53.3864 495.243
716 0 92.1216 10.9963 1013 66.1352 53.8243 494.897
717 0 94.0531 11.3234 1065 66.2761 53.2714 495.884
718 1 48.1011 9.00188 433 68.4873 53.2956 515.074
719 0 46.042 9.31758 429 68.9417 52.6177 515.361
720 0 49.1168 11.829 581 65.4527 53.6868 515.339
721 0 53.0282 13.2759 704 64.2869 52.9957 511.334
722 0 55.093 11.0359 608 66.9128 54.1891 511.666
723 0 55.0781 11.8559 653 66.6769 52.539 509.378
724 0 55.0377 10.3384 569 68.5764 53.1986 510.306
725 0 58.1063 11.1692 649 67.9954 52.5038 509.302
726 0 61.032 13.239 808 65.4295 52.4814 506.97
727 0 61.0809 11.2637 688 68.2529 53.3779 508.545
728 0 62.0872 11.0812 688 68.9956 53.452 506.52
729 0 64.0783 12.2818 787 67.7954 53.6976 503.825
730 0 68.1201 13.8138 941 65.4973 52.9926 501.42
731 0 70.0963 13.8809 973 64.9239 53.2056 505.432
732 0 71.1165 12.9506 921 67.5548 53.1032 503.047
733 0 72.0513 12.2413 882 68.4195 53.7596 504.374
734 0 76.1768 12.1953 929 68.5371 54.014 500.885
735 0 79.1185 13.5493 1072 66.0037 52.9412 501.172
736 0 80.0875 12.9983 1041 67.2853 52.585 498.228
737 0 83.1135 12.2243 1016 68.0098 52.6614 500.696
738 0 85.0808 11.6595 992 69.2117 53.248 496.558
739 0 85.1489 11.6149 989 70.271 53.1345 495.906
740 1 46.1407 11.79 544 67.2849 53.3989 517.555
741 0 48.0749 11.8773 571 67.6515 53.2697 514.82
742 0 50.1194 11.8717 595 67.9395 52.8286 514.773
743 0 51.0866 11.275 576 69.2604 53.0069 515.686
744 0 52.0203 11.3994 593 68.7976 53.2057 516.798
745 0 53.0716 12.436 660 68.5455 53.7348 512.826
746 0 55.1835 11.054 610 70.3967 53.2377 513.062
747 0 56.1155 11.9218 669 69.3767 53.0942 513.16
748 0 60.0993 13.4943 811 67.0432 52.9026 509.927
749 0 60.0723 12.3518 742 69.031 53.0404 510.869
750 0 60.0383 11.7925 708 70.3079 52.8686 509.942
751 0 63.0595 11.4495 722 70.1662 51.8656 509.436
752 0 66.0691 12.5475 829 69.4753 52.5368 506.682
753 0 67.1078 12.994 872 69.1089 52.9576 506.847
754 0 69.1233 12.5139 865 70.0451 52.5618 508.753
755 0 72.0726 13.084 943 69.0329 53.5779 507.313
756 0 78.0939 14.0856 1100 66.8482 52.8282 506.078
757 0 78.1396 13.9622 1091 67.835 53.0257 505.222
758 0 80.0451 14.3919 1152 67.4132 52.8906 503.609
759 0 82.1059 13.6166 1118 68.9696 52.9267 499.541
760 0 85.1935 12.9235 1101 69.9528 52.9973 500.81
761 1 44.0407 12.4657 549 70.388 53.6484 518.792
762 0 47.0671 13.3214 627 68.823 53.2089 517.994
763 0 49.07 12.309 604 69.558 53.5828 519.679
764 0 49.0385 14.5396 713 67.129 53.6115 517.05
765 0 48.0114 11.6847 561 72.3191 53.5722 517.64
766 0 52.0249 11.8597 617 70.7407 52.9854 517.524
767 0 53.0572 11.2332 596 71.4346 53.005 517.414
768 0 55.117 12.7547 703 69.0484 53.0128 516.306
769 0 58.0683 14.2935 830 66.5 52.7747 514.055
770 0 57.1223 11.7292 670 70.7985 52.8597 512.973
771 0 62.074 13.8705 861 66.2334 53.453 515.597
772 0 61.0272 12.3715 755 69.7894 53.1298 511.056
773 0 65.0287 13.2864 864 68.0243 53.625 510.451
774 0 67.0492 11.499 771 70.1595 53.2698 510.546
775 0 69.1059 11.9671 827 69.2092 52.4099 510.103
776 0 70.0706 13.5292 948 66.9662 52.539 508.165
777 0 73.0657 14.138 1033 66.1984 52.5818 507.837
778 0 75.077 12.5871 945 68.0032 52.8974 505.386
779 0 77.1208 13.0834 1009 67.8404 52.8404 502.602
780 1 39.0835 12.3326 482 67.9461 53.1556 523.156
781 0 39.0275 12.6577 494 67.5729 52.6822 523.425
782 0 40.0199 11.5443 462 69.8745 52.4351 523.143
783 0 41.0414 12.4508 511 68.6106 53.3875 521.72
784 0 43.0205 11.8781 511 68.3953 52.8865 522.955
785 0 46.073 12.6538 583 65.434 52.8336 523.611
786 0 46.0689 11.8518 546 68.0513 52.9817 520.163
787 0 47.0923 12.6985 598 67.6622 53.097 517.294
788 0 51.087 12.9779 663 65.7964 52.9819 517.519
789 0 50.1767 12.6752 636 67.2704 52.7453 515.165
790 0 50.1151 12.2319 613 68.3768 52.664 514.114
791 0 56.091 12.6045 707 66.686 52.7058 514.427
792 0 55.0215 12.6496 696 67.4986 52.3922 511.56
793 0 58.0615 13.4857 783 65.5556 52.2542 512.239
794 0 57.0957 12.2601 700 67.6886 52.4971 509.593
795 0 62.0715 11.8895 738 67.3659 52.4892 509.412
796 0 65.0491 14.1124 918 64.5664 52.6013 509.485
797 0 65.2309 11.191 730 68.126 52.5877 510.912
798 0 67.2124 12.7358 856 66.7547 53.7605 506.554
799 0 71.0508 14.2996 1016 63.9459 53.5453 507.893
800 0 74.1251 12.1281 899 66.2581 52.6885 505.249
801 0 76.2049 13.0569 995 65.0472 53.0925 506.996
802 0 83.0758 13.8187 1148 63.628 52.6333 502.927
803 0 81.1204 12.5369 1017 66.0649 52.7886 503.79
804 0 82.174 12.3397 1014 67.4438 53.1065 499.17
805 0 88.0927 12.2258 1077 66.5311 53.507 500.697
806 1 48.0806 11.6679 561 65.7219 53.9162 519.474
807 0 46.161 12.4347 574 66.5209 52.9878 517.537
808 0 49.0546 11.9663 587 66.8944 52.8313 516.218
809 0 51.0414 11.9119 608 67.0362 52.6875 516.456
810 0 53.1333 13.4756 716 64.4162 52.7235 518.025
811 0 53.0605 12.6082 669 66.6054 53.7175 516.952
812 0 56.0709 12.5555 704 66.4048 53.946 516.21
813 0 58.0374 14.2667 828 64.5737 53.9589 512.69
814 0 56.0499 11.9358 669 68.8386 53.5501 512.269
815 0 59.04 11.7886 696 68.5977 53.4181 513.71
816 0 64.0849 12.6863 813 67.5326 52.663 510.395
817 0 64.0852 13.919 892 65.6782 53.3251 513.015
818 0 69.0984 13.9366 963 64.9699 53.2513 511.762
819 0 70.1495 12.5019 877 67.7172 52.504 509.319
820 0 71.1101 13.1908 938 67.2889 53.2196 508.74
821 0 75.0578 13.9226 1045 65.8373 53.7675 506.666
822 0 78.1233 12.9027 1008 67.0327 53.0218 505.376
823 0 77.0589 12.7305 981 68.3904 52.6891 503.346
824 0 81.1364 15.1966 1233 64.4809 52.7737 503.049
825 0 85.1733 12.9266 1101 66.9618 51.7239 502.194
826 1 45.0408 10.7014 482 68.3008 52.1224 520.849
827 0 48.0775 13.3742 643 63.7729 51.7232 522.331
828 0 50.0174 12.2957 615 66.1154 52.7398 521.213
829 0 47.0354 11.8847 559 69.5456 52.6601 518.095
830 0 50.0256 12.7135 636 67.2704 53.0912 519.366
831 0 52.0163 13.0536 679 67.0736 53.271 518.853
832 0 55.0547 12.4603 686 67.4111 53.0423 517.223
833 0 56.0401 12.1342 680 68.5853 52.85 517.229
834 0 56.0448 11.8655 665 68.2872 53.388 518.541
835 0 59.1032 14.1786 838 65.7804 52.7924 513.234
836 0 60.0913 12.481 750 68.2693 52.8827 514.815
837 0 60.1424 13.7008 824 67.6893 52.909 511.324
838 0 63.185 12.0756 763 68.7064 52.6527 513.342
839 0 67.0219 12.9361 867 67.5086 52.8558 512.754
840 0 67.0616 14.1064 946 66.3626 52.2833 509.421
841 0 70.0547 12.0905 847 68.9398 52.098 509.281
842 0 74.0519 12.6533 937 67.0896 52.825 510.334
843 0 75.1253 13.5507 1018 66.89 53.0727 506.734
844 0 76.0985 12.221 930 68.8656 53.1667 505.861
845 1 41.2528 10.4235 430 67.6698 52.8512 525.219
846 0 42.0748 13.2383 557 65.9767 53.0036 522.115
847 0 44.1238 12.5329 553 66.6582 53.4159 521.34
848 0 46.1013 11.3012 521 68.0729 52.5816 520.944
849 0 47.0813 13.105 617 65.5802 52.5186 521.073
850 0 49.0429 13.0906 642 64.933 52.933 521.69
851 0 49.0643 11.6786 573 68.2164 53.1658 518.553
852 0 52.1817 12.8206 669 65.6966 53.009 518.604
853 0 53.1695 14.5572 774 64.0943 53.3695 517.211
854 0 52.0405 11.7409 611 68.2717 52.5646 516.795
855 0 55.1332 12.5696 693 65.9452 52.9091 517.175
856 0 57.1426 11.6201 664 67.6837 51.7319 514.741
857 0 57.0257 13.1695 751 66.486 51.739 512.278
858 0 59.0512 12.7178 751 67.0133 52.3076 513.583
859 0 63.0836 11.9048 751 67.0959 52.4794 514.478
860 0 65.1364 12.0516 785 68.0713 52.4127 510.414
861 0 66.0554 12.8831 851 68.53 53 512.888
862 0 70.054 13.1184 919 68.3558 53.0141 510.753
863 0 72.1213 13.0891 944 68.4311 52.7574 507.447
864 0 75.2816 12.7255 958 68.7119 52.9791 509.099
865 0 77.0719 12.8062 987 68.7021 52.4093 507.979
866 0 80.0954 12.4352 996 69.3042 52.9839 506.174
867 0 82.145 12.4779 1025 68.8956 52.5395 505.737
868 0 83.0735 12.3987 1030 70.0087 52.765 503.833
869 0 86.2177 13.118 1131 68.0345 52.5367 506.069
870 0 90.1428 13.4786 1215 68.6848 53.2123 499.456
871 1 48.0852 10.9805 528 72.2595 52.6212 518.909
872 0 49.0688 12.3704 607 69.9308 52.145 519.526
873 0 52.1472 12.6757 661 69.0938 52.3843 519.79
874 0 53.0783 13.3953 711 68.3488 52.7271 519.283
875 0 54.0745 11.5396 624 70.7901 52.2404 517.886
876 0 56.081 10.8949 611 71.8478 52.7889 516.98
877 0 57.0351 10.2919 587 72.8756 52.4583 514.06
878 0 60.2277 12.2701 739 69.5913 53.0216 514.927
879 0 63.1093 12.7398 804 68.7836 52.3968 513.331
880 0 64.0446 12.2415 784 69.8571 52.7959 511.466
881 0 67.1202 11.755 789 69.8517 51.9518 511.928
882 0 69.1779 12.9955 899 68.2047 52.3704 509.902
883 0 72.1912 13.298 960 67.6594 52.4896 509.125
884 0 75.1403 12.3635 929 68.4586 52.4682 509.624
885 0 75.0915 12.3183 925 69.7914 52.9762 506.874
886 0 79.0555 12.9656 1025 68.0302 52.6244 507.651
887 0 82.0757 12.72 1044 68.0153 52.6284 507.942
888 0 86.1236 12.0989 1042 69.1843 52.2514 500.608
889 0 88.1748 11.5793 1021 69.8355 52.5073 502.041
890 0 89.1245 11.4334 1019 70.3278 52.37 500.659
891 0 93.1057 12.8456 1196 68.5385 52.5518 496.02
892 0 98.0854 13.2843 1303 67.2041 53.0384 497.681
893 0 101.174 13.0864 1324 67.6088 52.5385 495.026
894 1 53.0628 8.5182 452 71.9867 52.5863 520.192
895 0 56.1157 11.6188 652 68.408 52.8926 517.727
896 0 58.1139 11.684 679 68.5935 52.2533 514.573
897 0 62.1268 12.6193 784 66.8903 51.9911 514.085
898 0 64.2279 12.7982 822 66.7652 52.4513 513.282
899 0 65.122 11.2558 733 68.5607 52.3492 513.175
900 0 62.0553 11.667 724 69.1575 52.6464 508.941
901 0 70.1319 13.7883 967 64.8625 52.7136 506.906
902 0 75.1942 13.7112 1031 63.5567 52.7245 510.852
903 0 75.1057 12.0896 908 66.3678 53.5099 506.15
904 0 77.1706 13.3082 1027 64.8909 51.9766 505.363
905 0 80.1945 11.31 907 66.0375 52.2591 507.31
906 0 84.1175 12.7084 1069 64.492 52.8298 505.094
907 0 87.2014 12.9929 1133 64.4837 52.9859 500.642
908 0 90.2259 12.0475 1087 65.1886 53.4986 499.207
909 0 91.1246 11.83 1078 66.1976 53.8905 496.199
910 0 96.1501 13.4061 1289 63.5283 54.1187 499.818
911 0 97.1276 12.8388 1247 65.0481 53.1572 495.49
912 1 50.0595 10.2079 511 65.7084 54.7084 521.575
913 0 54.1693 11.501 623 64.9711 54.297 517.639
914 0 54.1399 11.9505 647 64.9954 53.7156 517.55
915 0 58.0638 12.004 697 64.4275 54.0674 517.06
916 0 59.1362 12.9531 766 62.9178 52.6266 515.406
917 0 62.2047 12.2177 760 63.5947 53.0671 515.084
918 0 64.077 10.94 701 64.8973 53.1227 515.275
919 0 65.0674 11.8493 771 64.2931 53.454 511.935
920 0 67.0841 12.2384 821 62.6285 53.525 515.456
921 0 71.1177 12.1489 864 62.8773 53.5035 513.33
922 0 75.21 14.2268 1070 60.2664 52.8271 509.858
923 0 76.1344 12.872 980 61.8847 52.5316 509.385
924 0 79.1588 12.9234 1023 61.5787 52.782 509.904
925 0 82.2162 13.2942 1093 61.2983 52.1857 506.386
926 0 84.2108 14.7843 1245 59.8916 52.7422 505.141
927 0 88.1847 12.0316 1061 63.2045 52.5589 502.097
928 0 88.11 12.9384 1140 62.3798 52.5456 504.518
929 0 93.2087 13.3357 1243 62.1794 51.848 499.794
930 0 97.1411 14.7311 1431 60.1684 51.3739 497.912
931 0 97.2576 12.6982 1235 63.3296 51.6964 497.905
932 0 102.106 13.8973 1419 62.3354 51.8675 493.709
933 1 53.0964 12.0724 641 63.7941 52.234 518
934 0 56.0951 11.7479 659 64.6146 52.3369 518.546
935 0 55.1212 11.5563 637 65.9215 52.102 517.196
936 0 58.0483 13.7644 799 62.0113 52.3179 518.104
937 0 58.125 11.5785 673 66.5528 52.9198 514.689
938 0 63.1469 11.5762 731 65.6252 52.933 514.985
939 0 64.1926 12.1665 781 65.1805 52.9449 512.05
940 0 65.1761 12.4279 810 64.7716 52.5123 512.807
941 0 69.1779 14.0796 974 62.1632 52.1366 512.977
942 0 71.2067 14.0717 1002 62.3343 52.5419 512.146
943 0 71.0931 12.5469 892 65.0684 52.4361 507.538
944 0 74.1259 13.4366 996 63.6556 52.7179 506.096
945 0 76.1126 13.3881 1019 63.6467 53.3562 505.901
946 0 80.0462 13.5047 1081 63.8955 52.5513 503.832
947 0 82.0929 14.8003 1215 62.4255 52.7926 499.981
948 0 86.1216 12.8888 1110 64.6324 52.8378 500.909
949 0 86.2002 12.1926 1051 65.3863 53.2588 500.088
950 0 91.1131 13.346 1216 64.4416 52.6743 497.104
951 0 95.1088 15.2247 1448 62.1975 52.7638 496.129
952 0 98.16 12.989 1275 64.8196 53.9404 495.676
953 1 53.0387 12.4626 661 63.5794 53.4433 517.903
954 0 53.2017 12.0485 641 64.7707 53.2496 516.967
955 0 54.2435 11.7802 639 66.1346 52.9421 515.197
956 0 58.1476 12.1415 706 64.898 53.4377 516.144
957 0 57.0591 11.0412 630 66.9032 52.9714 513.449
958 0 61.2424 13.5364 829 63.2099 52.9554 514.577
959 0 63.2332 12.7781 808 64.5272 52.5198 512.12
960 0 65.1598 13.183 859 63.5355 53.0116 511.764
961 0 68.0764 14.3515 977 61.8598 52.4821 511.585
962 0 68.1019 12.8043 872 64.4794 52.5562 510.693
963 0 71.2001 12.7809 910 64.7967 53.2528 506.478
964 0 74.124 14.894 1104 61.3116 53.4158 507.677
965 0 74.0905 13.2136 979 64.1297 53.0153 504.861
966 0 78.2419 12.3847 969 64.5274 53.2054 504.366
967 0 81.1028 13.2425 1074 63.7402 53.5 503.109
968 0 85.1934 11.2215 956 65.4038 53.4843 504.021
969 0 87.1101 14.0397 1223 62.9689 53.3949 498.352
970 0 91.141 13.3968 1221 63.1523 53.0532 497.956
971 0 91.1383 13.5947 1239 63.2163 53.8684 497.341
972 0 94.1457 11.1742 1052 66.0722 53.885 494.19
973 1 57.1414 11.9878 685 62.9723 53.9737 516.482
974 0 57.061 11.0583 631 64.4311 53.7718 514.656
975 0 57.1347 12.7593 729 62.6598 53.4787 513.897
976 0 61.1613 13.7832 843 61.5931 53.3369 511.839
977 0 62.1371 11.362 706 64.2564 53.3385 512.406
978 0 65.1621 13.4281 875 61.6457 53.4697 511.137
979 0 68.2251 13.2649 905 61.7425 53.9492 510.973
980 0 71.1491 12.8322 913 61.0887 53.9792 511.265
981 0 73.0617 12.6742 926 61.8844 52.9914 508.235
982 0 75.1625 12.0539 906 62.6313 53.6214 506.792
983 0 79.2895 14.3399 1137 59.7159 53.8742 505.643
984 0 81.1657 13.0967 1063 61.142 54.1289 504.541
985 0 82.1733 12.9482 1064 62.2397 53.2735 500.072
986 0 87.275 13.658 1192 60.6174 53.8943 501.609
987 0 91.0802 12.9007 1175 62.0723 53.6638 500.012
988 1 48.1202 12.0739 581 62.1566 54.1394 518.845
989 0 51.089 10.3349 528 64.4318 53.858 517.35
990 0 49.1117 12.665 622 62.0707 53.7942 519.084
991 0 54.0799 12.0562 652 62.6549 53.7975 518.761
992 0 56.0974 12.1931 684 62.3187 53.367 518.575
993 0 56.2003 12.2953 691 63.2084 53.78 515.831
994 0 56.119 12.42 697 63.1779 53.7202 515.815
995 0 61.089 13.1939 806 61.8859 53.3449 514.751
996 0 64.1452 13.4539 863 61.2016 53.5771 511.382
997 0 65.2043 13.2047 861 62.2962 53.77 509.747
998 0 67.0985 12.042 808 63.4814 53.2463 510.334
999 0 67.1803 13.9029 934 61.6852 53.0846 509.579
1000 0 70.1247 12.4635 874 62.8455 52.5114 509.204
1001 0 73.1942 12.7606 934 62.3576 53.3469 507.611
1002 0 76.3371 13.9644 1066 60.9644 53.3959 507.401
1003 0 75.252 11.8402 891 63.862 53.2222 505.037
1004 0 79.1437 12.5594 994 63.1127 53.5463 504.854
1005 0 82.1274 13.3329 1095 62.1342 52.9936 502.011
1006 0 87.2884 13.6215 1189 61.1026 52.8696 504.303
1007 0 88.1071 13.7446 1211 61.327 52.7936 501.569
1008 0 91.1567 14.7987 1349 60.4099 52.467 499.66
1009 0 94.2329 12.6813 1195 63.4218 52.7858 496.937
1010 0 96.3589 14.145 1363 61.4974 52.4916 496.874
1011 1 49.1762 12.6077 620 62.3242 53.05 520.782
1012 0 52.0967 12.0737 629 62.7854 53.6677 519.219
1013 0 50.1348 11.2497 564 65.4149 53.3103 516.252
1014 0 56.095 11.9975 673 63.3076 52.2897 516.756
1015 0 57.1849 12.888 737 62.118 52.8901 517.085
1016 0 57.1166 12.8509 734 62.6403 53.3202 516.988
1017 0 59.117 12.8559 760 62.6066 53.3158 515.089
1018 0 60.0888 13.3802 804 62.6418 53.403 514.626
1019 0 63.1122 13.3255 841 62.1688 53.522 512.373
1020 0 64.1065 11.5277 739 64.7537 53.3816 508.963
1021 0 68.4793 12.8214 878 62.5228 53.0068 511.322
1022 0 71.101 13.8957 988 61.7824 52.6731 510.502
1023 0 71.1341 14.0158 997 61.8877 52.998 509.453
1024 0 75.1342 13.0699 982 62.1853 53.2138 510.02
1025 0 78.0882 14.0482 1097 61.4066 52.8368 506.799
1026 0 77.2659 12.7094 982 63.8289 52.9033 507.45
1027 0 82.2224 13.6581 1123 62.5494 52.618 503.741
1028 0 83.139 11.8597 986 65.003 52.1886 503.814
1029 0 87.146 14.011 1221 61.9197 52.3227 506.097
1030 0 91.0958 13.2827 1210 62.9934 52.5488 502.842
1031 0 92.1904 12.5067 1153 64.5898 52.0312 500.002
1032 0 97.1118 13.7367 1334 62.5337 52.3058 500.494
1033 0 100.109 14.6541 1467 61.5971 52.1063 498.014
1034 1 55.0914 12.7062 700 62.5871 51.5586 519.653
1035 0 57.0771 12.4393 710 63.5803 52.0197 517.875
1036 0 54.1049 11.0711 599 66.7195 51.823 516.414
1037 0 59.0999 13.3672 790 62.2342 52.1051 516.991
1038 0 60.1653 11.8008 710 64.8169 52.2606 516.401
1039 0 64.1834 12.8694 826 63.0218 51.2736 514.685
1040 0 65.1037 13.2558 863 62.9896 51.0394 513.606
1041 0 67.1654 13.236 889 62.9786 51.0191 512.683
1042 0 70.1289 13.5322 949 62.705 51.2771 513.783
1043 0 72.1469 14.914 1076 61.4991 50.9219 509.259
1044 0 78.1825 13.6859 1070 62.1392 50.4822 508.741
1045 0 77.2307 13.9323 1076 62.776 51.2323 507.929
1046 0 81.1276 14.8408 1204 61.7924 51.1163 503.975
1047 0 82.2509 14.7476 1213 62.2226 51.2523 504.213
1048 0 85.2027 14.0489 1197 63.1537 51.5831 501.409
1049 0 89.1385 14.1017 1257 62.9356 51.3938 501.392
1050 0 89.1789 12.402 1106 65.793 51.1772 498.86
1051 0 93.2085 11.3509 1058 66.6295 51.4216 500.647
1052 0 96.2201 13.2405 1274 64.6947 51.3226 498.803
1053 0 100.128 13.9022 1392 64.1085 51.1049 497.177
1054 0 105.242 14.1578 1490 63.7463 50.8094 492.59
1055 0 108.211 13.3073 1440 65.1681 50.9951 492.456
1056 0 113.183 13.2528 1500 65.0753 50.9973 490.665
1057 1 62.1122 12.4613 774 65.2351 51.2662 514.65
1058 0 63.1903 13.1191 829 63.9747 50.6852 515.135
1059 0 64.1455 14.701 943 63.3107 51.1538 513.142
1060 0 67.2953 12.72 856 65.3657 51.1063 514.356
1061 0 70.2607 14.1616 995 63.5588 50.4482 512.125
1062 0 71.1942 13.4983 961 65.2019 50.6056 511.805
1063 0 76.2216 13.5657 1034 64.6016 51.1277 511.085
1064 0 76.2713 13.7404 1048 65.0344 51.4466 509.653
1065 0 77.2235 13.1825 1018 67.1375 51.5236 508.862
1066 0 82.1471 15.3748 1263 63.4442 51.958 508.925
1067 0 83.0896 12.7934 1063 66.8467 51.445 506.476
1068 0 87.1057 13.3631 1164 66.2354 52.0567 505.832
1069 0 91.1532 15.7866 1439 63.6088 52.0966 503.675
1070 0 95.1395 14.1582 1347 65.4254 51.8055 503.361
1071 0 97.2225 14.8628 1445 65.3696 50.564 498.296
1072 0 100.159 13.7981 1382 66.3915 51.1657 498.731
1073 0 99.1191 13.1256 1301 68.3843 51.6457 495.672
1074 1 52.084 9.94547 518 70.8514 51.8591 520.224
1075 0 56.0883 12.1416 681 67.3656 51.649 521.185
1076 0 58.1935 14.005 815 65.6675 52.6074 520.304
1077 0 60.1655 11.8008 710 68.5141 52.7437 519.742
1078 0 65.1194 14.5425 947 64.1098 52.3527 516.813
1079 0 64.049 13.2399 848 67.1804 51.8432 516.064
1080 0 66.1859 13.447 890 67.1393 52.0303 516.562
1081 0 65.2374 12.0023 783 68.9132 51.9885 514.999
1082 0 70.1 12.2396 858 68.4895 52.3695 514.99
1083 0 73.0341 13.3225 973 67.2672 52.8921 513.943
1084 0 73.0754 12.2066 892 69.676 52.8509 511.628
1085 0 75.2523 12.3319 928 69.8922 53.0011 510.573
1086 0 78.1805 13.4305 1050 67.4086 52.999 509.631
1087 0 81.1601 12.5185 1016 68.8091 52.2992 506.126
1088 0 81.112 12.0697 979 69.8642 52.7058 506.146
1089 0 85.1214 11.7832 1003 70.32 52.8325 503.568
1090 0 90.1564 13.7317 1238 67.3877 52.3748 502.616
1091 0 94.2031 13.4178 1264 68.2239 52.5443 501.297
1092 0 93.1984 13.1869 1229 69.2563 52.4809 497.227
1093 0 98.1864 13.2299 1299 68.9515 52.5227 497.49
1094 1 54.0969 10.703 579 70.9154 52.7876 520.566
1095 0 55.3051 12.3858 685 68.089 52.9781 518.799
1096 0 57.0897 12.1213 692 69.5275 52.5621 515.027
1097 0 61.1661 13.5042 826 66.4976 52.4806 517.084
1098 0 62.1659 11.0672 688 70.1715 52.6744 515.144
1099 0 63.1067 11.5519 729 69.3155 52.3786 513.606
1100 0 63.1599 11.3046 714 70.0434 51.9132 510.186
1101 0 67.1574 13.0887 879 67.3379 52.0728 511.387
1102 0 71.2442 13.545 965 66.2083 52.6332 509.264
1103 0 70.1894 11.8964 835 69.2683 52.7629 508.956
1104 0 74.3102 13.2552 985 67.6751 53.133 508.822
1105 0 77.0623 12.185 939 68.3493 52.9286 508.574
1106 0 78.226 11.6202 909 69.4708 52.3278 505.589
1107 0 81.0666 11.1143 901 69.8713 52.0755 503.778
1108 0 87.2065 14.2191 1240 65.7976 52.4613 503.006
1109 0 90.1408 13.723 1237 66.5287 53.0606 499.829
1110 1 48.21 10.1431 489 69.3068 52.9448 520.757
1111 0 52.1328 12.7942 667 65.4513 52.8201 521.235
1112 0 49.0851 11.205 550 70.2164 52.4327 516.118
1113 0 54.1988 12.4911 677 66.8685 53.1344 518.452
1114 0 55.2052 11.1946 618 69.3608 52.7589 514.005
1115 0 55.1493 11.5867 639 67.8247 52.5493 518.222
1116 0 58.1491 12.3304 717 67.5174 52.1269 516.319
1117 0 58.155 12.6214 734 66.9741 52.0845 515.804
1118 0 63.1698 11.9202 753 67.4595 52.4834 517.173
1119 0 63.1048 12.2178 771 68.4695 52.8677 512.77
1120 0 66.1771 11.3786 753 69.3958 53.17 513.048
1121 0 68.2292 13.1615 898 67.0523 52.7472 513.834
1122 0 71.1312 14.0726 1001 65.4256 52.3946 514.591
1123 0 68.1027 11.5561 787 71.2249 53.1372 513.529
1124 0 71.2135 13.1014 933 68.418 53.4684 512.111
1125 0 76.2464 13.1022 999 67.1201 53.7958 511.147
1126 0 76.2066 11.9412 910 70.3846 53.7253 506.42
1127 0 78.0738 13.167 1028 68.7374 53.1138 506.388
1128 0 83.2681 13.6427 1136 67.9622 52.9023 505.99
1129 0 85.2141 13.0964 1116 69.0529 53.664 505.638
1130 0 85.165 11.5188 981 71.684 53.422 504.178
1131 0 89.2214 13.842 1235 68.7506 52.8907 502.04
1132 0 90.3083 12.7674 1153 71.327 52.7147 498.761
1133 1 49.14 11.4571 563 70.5222 52.8597 520.245
1134 0 50.0984 11.5772 580 70.6655 53.0862 519.474
1135 0 52.1646 11.6554 608 70.2286 52.2944 520.224
1136 0 55.1431 12.4222 685 69.6058 53.2584 518.01
1137 0 56.075 12.6973 712 69.9747 53.243 514.147
1138 0 56.1616 12.2682 689 71.0871 53.6546 514.511
1139 0 58.074 11.7436 682 70.8563 53.4106 514.55
1140 0 61.2096 12.1386 743 70.8493 53.2571 513.4
1141 0 63.1293 12.0388 760 70.4934 52.9053 511.912
1142 0 67.2448 12.9973 874 68.7654 52.5275 511.581
1143 0 68.2148 13.5161 922 68.1616 51.7364 507.751
1144 0 70.1354 13.7448 964 68.2386 52.5736 508.323
1145 0 72.1623 11.876 857 71.1715 53.4061 508.068
1146 0 76.0801 14.1824 1079 67.2002 53.1687 507.433
1147 0 77.1762 13.2036 1019 68.4288 53.2316 505.903
1148 0 79.1305 13.1049 1037 68.4802 53.0704 504.447
1149 0 83.1534 13.9862 1163 67.8048 52.2184 502.542
1150 0 86.1761 13.7509 1185 67.9747 52.4295 502.511
1151 0 90.0979 13.2523 1194 68.8643 52.5436 499.895
1152 0 93.2278 12.4748 1163 69.742 52.276 498.308
1153 1 50.1178 11.5927 581 70.7642 51.883 518.725
1154 0 52.1065 11.8028 615 68.1106 52.6179 520.672
1155 0 51.0729 10.2207 522 71.1782 52.887 519.653
1156 0 56.1643 12.8195 720 67.7486 52.8833 516.347
1157 0 57.1235 13.7772 787 66.6633 52.5146 516.455
1158 0 60.068 11.5702 695 69.0101 52.9511 513.665
1159 0 62.0873 13.8837 862 65.3271 52.6427 515.654
1160 0 63.1101 13.627 860 66.0942 52.5744 512.063
1161 0 64.0744 13.1098 840 66.8619 53.1607 511.411
1162 0 65.1398 12.9721 845 66.5882 52.9136 510.729
1163 0 68.1732 13.1283 895 65.8302 53.3866 510.931
1164 0 73.3816 14.8811 1092 62.826 52.1264 507.4
1165 0 75.0926 11.9453 897 66.7135 52.2074 507.459
1166 0 76.2022 12.9524 987 65.1216 52.4002 507.019
1167 0 79.2476 13.8427 1097 64.0966 52.5333 504.6
1168 0 82.2764 13.6127 1120 63.4848 52.6545 507.143
1169 0 84.1112 13.4108 1128 63.5266 53.1259 505.581
1170 0 86.3587 13.2239 1142 64 52.9072 499.427
1171 0 89.2927 12.8902 1151 64.5665 53.0139 497.406
1172 0 95.2626 14.6962 1400 61.2057 52.4479 496.551
1173 0 97.1983 12.243 1190 64.2319 52.8807 497.19
1174 0 96.2831 11.9959 1155 65.1411 53.1905 495.369
1175 0 100.223 12.1329 1216 63.8849 52.9367 496.733
1176 0 106.174 13.3084 1413 62.4664 52.6157 492.677
1177 1 58.3558 13.2121 771 62.083 52.8353 514.029
1178 0 60.1319 10.4437 628 65.6592 52.6146 515.205
1179 0 61.2316 11.8566 726 64.2534 52.5358 512.61
1180 0 64.1856 11.9497 767 64.1252 53.0613 513.245
1181 0 68.3081 13.0878 894 62.1946 52.3602 511.577
1182 0 68.371 13.3244 911 62.6904 52.8485 511.013
1183 0 70.0906 14.895 1044 61.2117 53.5785 508.788
1184 0 73.2703 14.6171 1071 60.7395 53.2101 510.931
1185 0 76.1144 13.125 999 62.2332 52.8599 507.496
1186 0 80.2548 13.7562 1104 61.702 52.8741 504.346
1187 0 84.1597 14.2943 1203 60.7074 53.7249 503.837
1188 0 86.2261 14.0329 1210 61.0471 53.5264 504.083
1189 0 88.1798 15.2302 1343 59.8704 52.5108 504.293
1190 0 90.3723 12.8579 1162 63.3279 53.0232 499.256
1191 0 94.2178 13.5855 1280 62.0758 52.6438 500.169
1192 0 97.1749 15.0553 1463 60.5851 52.9344 493.799
1193 0 102.219 12.5026 1278 63.3889 52.4335 495.622
1194 0 105.276 13.5643 1428 62.2892 52.6534 491.293
1195 0 106.415 13.0338 1387 63.8666 52.3403 490.006
1196 1 57.1866 11.8909 680 64.3853 52.4618 516.157
1197 0 60.1945 12.8417 773 62.8215 52.3959 516.035
1198 0 60.0353 13.9085 835 62.3772 52.5748 511.52
1199 0 64.1454 12.2534 786 63.9771 52.4987 509.547
1200 0 67.1583 13.8479 930 61.5215 52.3925 509.551
1201 0 68.1882 13.2428 903 62.3942 53.2436 509.442
1202 0 69.0751 12.1896 842 63.9002 53.1069 506.001
1203 0 73.1938 13.758 1007 61.5829 53.1807 505.45
1204 0 78.1403 12.388 968 62.1756 52.9876 505.768
1205 0 80.1855 11.5233 924 63.3452 52.6851 506.028
1206 0 82.1378 14.013 1151 61.0904 52.8375 502.388
1207 0 85.301 12.6845 1082 62.5055 52.6774 501.363
1208 0 88.3415 11.9649 1057 63.1022 52.9981 499.061
1209 1 45.1635 11.9566 540 61.7611 53.2259 521.678
1210 0 46.0905 11.1954 516 63.3333 53.3295 518.973
1211 0 49.0555 10.5595 518 63.8803 52.6255 518.878
1212 0 50.0831 12.639 633 61.6682 53.128 518.687
1213 0 53.0504 14.1941 753 60.1116 52.927 516.513
1214 0 55.129 11.8449 653 62.5008 53.3139 516.859
1215 0 56.1179 14.1131 792 60.0833 53.3573 513.455
1216 0 56.1042 12.958 727 61.2889 52.989 515.765
1217 0 60.1674 14.7422 887 59.177 53.5547 513.147
1218 0 64.2513 14.3032 919 58.7378 53.766 513.565
1219 0 65.2524 12.7965 835 61.0311 53.5976 511.777
1220 0 66.0464 13.9447 921 60.329 52.6211 509.028
1221 0 68.1501 12.4284 847 62.026 53.1795 507.4
1222 0 71.2074 13.8188 984 60.0996 53.0589 508.883
1223 0 73.1126 13.3082 973 61.1675 52.926 504.357
1224 0 77.1574 12.157 938 62.323 52.967 503.816
1225 0 80.1517 14.2854 1145 60.6026 53.1127 501.491
1226 0 82.3591 13.1376 1082 61.9538 53.3373 503.958
1227 0 85.0447 12.8756 1095 62.7964 52.6502 499.542
1228 0 88.2151 12.6962 1120 62.8786 53.208 499.554
1229 0 87.159 12.5747 1096 63.635 53.0912 498.094
1230 1 45.0446 12.3211 555 63.4739 53.5514 519.344
1231 0 47.0717 11.3656 535 64.015 53.957 520.905
1232 0 49.0536 11.4365 561 65.0588 53.7344 516.875
1233 0 51.3538 12.5989 647 63.6492 53.6414 516.124
1234 0 53.1111 11.8808 631 64.2694 54.0745 516.139
1235 0 53.0666 12.1734 646 64.7121 53.3003 513.881
1236 0 55.0622 12.7129 700 63.6829 53.0057 514.03
1237 0 57.1011 12.1189 692 64.3988 53.4263 512.308
1238 0 61.0932 13.1766 805 62.5578 54.0261 511.981
1239 0 62.1546 12.5333 779 63.1065 53.7754 509.343
1240 0 65.2667 13.4831 880 62.0375 53.5807 509.378
1241 0 66.1316 13.4883 892 62.5639 53.0863 508.679
1242 0 72.2046 13.5587 979 61.8233 53.5577 508.422
1243 0 71.1398 14.4364 1027 61.9221 53.3155 504.109
1244 0 74.0548 13.571 1005 63.0796 54.4468 504.485
1245 0 76.1408 14.3025 1089 61.5473 54.0018 502.384
1246 0 78.1063 12.1373 948 63.5844 54.0886 503.624
1247 0 82.0822 13.3768 1098 62.5392 53.9599 502.06
1248 0 84.2271 11.3384 955 64.5665 53.9675 500.621
1249 1 43.0496 9.98848 430 66.1349 54.3698 518.146
1250 0 48.3993 12.7068 615 60.9512 54.1789 521.876
1251 0 48.2572 12.6406 610 62.1475 53.8918 519.656
1252 0 50.0492 13.6865 685 61.4482 54.0964 518.349
1253 0 51.0753 12.648 646 63.0975 54.0325 517.224
1254 0 53.1317 14.1159 750 60.624 53.4213 516.984
1255 0 53.0507 13.5719 720 62.6167 53.825 514.454
1256 0 56.1505 13.1076 736 61.9239 53.712 515.879
1257 0 60.1461 15.3127 921 58.9381 53.6482 514.036
1258 0 61.1847 13.3694 818 61.5147 54.1675 512.704
1259 0 63.2307 12.573 795 62.5547 54.0579 509.538
1260 0 66.1784 14.5062 960 60.0688 54.0396 509.989
1261 0 69.3456 12.3728 858 61.0513 53.014 512.063
1262 0 71.2271 14.0958 1004 59.743 53.1633 508.024
1263 0 73.147 14.8331 1085 59.0756 52.0664 506.802
1264 0 75.3859 12.9998 980 60.7429 52.9847 508.463
1265 0 77.2795 12.293 950 62.0832 53.439 504.296
1266 0 82.2539 12.5587 1033 61.3427 53.3756 503.664
1267 0 84.3666 15.3615 1296 58.3079 54.2755 500.812
1268 0 87.328 13.4092 1171 60.3074 54.4834 502.396
1269 0 88.2922 11.6545 1029 62.5734 54.033 502.906
1270 0 92.3744 14.8418 1371 59.744 53.4602 495.63
1271 0 95.1199 13.2464 1260 60.9175 52.7222 497.262
1272 1 49.2477 10.4574 515 63.7515 53.2233 519.025
1273 0 53.3132 11.4043 608 62.4342 53.2253 516.816
1274 0 56.1915 13.365 751 60.4767 53.3129 518.949
1275 0 57.3475 13.7234 787 60.9949 53.7497 515.934
1276 0 59.3798 14.062 835 60.7353 53.6802 514.019
1277 0 60.2286 13.1001 789 61.0507 53.1407 514.421
1278 0 62.0944 14.1398 878 60.0604 53.4954 515.894
1279 0 63.3095 13.2524 839 61.1895 53.5673 514.719
1280 0 66.1703 14.5534 963 59.784 52.892 512.522
1281 0 67.1438 11.5126 773 63.3144 52.7529 510.564
1282 0 69.1157 12.1246 838 62.8222 53.3246 507.377
1283 0 72.0728 13.8471 998 60.7224 52.9629 505.001
1284 0 77.2372 13.6592 1055 60.5848 53.0749 504.784
1285 0 76.1474 12.7647 972 62.2953 53.4732 507.465
1286 0 80.0922 14.5707 1167 59.9109 54.1842 506.601
1287 0 83.185 12.6465 1052 62.4667 53.9325 503.744
1288 0 85.2451 11.813 1007 63.3833 52.0775 502.297
1289 0 88.143 13.4327 1184 62.2458 52.603 502.048
1290 0 90.1951 13.6704 1233 62.0973 51.9781 496.62
1291 0 95.4657 13.2927 1269 62.5682 52.6194 499.868
1292 0 97.1916 12.0689 1173 64.1995 52.2055 498.276
1293 0 104.376 13.7483 1435 62.2202 52.6829 497.295
1294 1 58.4074 11.6595 681 64.1718 52.7063 517.598
1295 0 61.3001 12.8385 787 62.6023 52.9479 518.454
1296 0 61.3718 12.8887 791 63.5638 52.713 517.726
1297 0 64.2297 13.7942 886 62.9616 52.754 515.682
1298 0 66.3274 14.4586 959 62.0959 53.0907 514.678
1299 0 66.2404 14.553 964 62.7542 53.6878 513.439
1300 0 69.2775 14.4203 999 63.0611 53.5726 511.59
1301 0 70.1393 14.6565 1028 63.0778 53.0389 509.888
1302 0 75.2198 12.9753 976 64.2684 53.4385 511.444
1303 0 78.6465 14.4062 1133 62.2657 53.5402 509.803
1304 0 80.2292 13.0127 1044 63.7787 52.8056 509.056
1305 0 84.3343 14.6204 1233 62.4582 52.9943 505.15
1306 0 85.2899 15.5001 1322 61.9327 53.0091 504.412
1307 0 87.2015 12.97 1131 65.2776 54.0946 503.243
1308 0 91.6774 13.2966 1219 63.9598 53.5464 502.017
1309 0 94.359 14.36 1355 63.048 53.6561 501.993
1310 0 98.2621 15.2449 1498 61.8725 53.0521 495.58
1311 0 103.258 15.5726 1608 61.301 53.4478 498.351
1312 0 105.48 13.6139 1436 64.055 53.5676 496.923
1313 0 109.451 13.787 1509 63.9649 53.4135 492.425
1314 1 52.3802 13.0775 685 63.7898 53.7416 521.274
1315 0 53.3318 12.2441 653 65.5329 53.8545 518.046
1316 0 56.3589 14.0173 790 63.5696 52.5899 517.449
1317 0 57.2908 14.3828 824 63.1032 52.7075 516.733
1318 0 56.1554 11.7531 660 66.3485 52.9515 514.086
1319 0 61.2572 15.1492 928 61.8459 53.0442 515.281
1320 0 62.4063 14.2293 888 63.1137 52.9955 513.474
1321 0 65.3675 15.5276 1015 61.1961 53.3241 511.362
1322 0 69.2813 12.9328 896 63.7612 52.7344 510.099
1323 0 71.3381 14.4944 1034 62.0019 53.295 509.037
1324 0 71.4031 13.7949 985 63.398 53.4173 510.343
1325 0 73.1336 13.3318 975 63.9374 52.6923 506.466
1326 0 76.125 16.289 1240 60.4186 53.0758 506.537
1327 0 82.6009 15.6657 1294 59.8014 53.357 509.505
1328 0 82.0867 14.5821 1197 61.8062 53.1529 503.931
1329 0 88.3156 16.3052 1440 59.4111 53.7014 502.599
1330 0 87.3262 14.6233 1277 61.9201 53.5497 502.411
1331 0 92.3743 13.3912 1237 62.848 53.135 503.117
1332 0 94.2565 14.8637 1401 61.626 52.9293 496.662
1333 0 98.2309 14.7306 1447 61.4299 52.5812 502.254
1334 0 99.3008 13.6253 1353 63.6489 52.7975 497.915
1335 0 104.237 15.1193 1576 62.1726 52.8477 496.784
1336 0 108.345 14.0292 1520 63.3237 53.6145 490.941
1337 0 111.406 14.326 1596 63.3471 53.7049 490.043
1338 0 116.448 14.178 1651 63.516 53.5106 488.502
1339 0 118.272 13.3252 1576 65.0349 53.0266 486.706
1340 0 122.178 15.0518 1839 63.0571 52.7281 487.776
1341 1 49.3266 14.333 707 63.4767 53.6662 517.849
1342 0 52.3106 15.2359 797 61.3915 53.5006 520.858
1343 0 54.0953 13.3653 723 63.917 53.4108 518.993
1344 0 59.3265 14.6815 871 61.6556 53.4535 516.422
1345 0 59.2737 12.4507 738 64.8808 53.3455 516.453
1346 0 60.4341 16.6462 1006 60.8648 53.505 513.711
1347 0 61.1928 14.1193 864 63.6852 53.662 514.411
1348 0 64.0897 13.8868 890 63.8483 53.5809 514.572
1349 0 70.5318 15.6809 1106 60.8617 53.9295 514.266
1350 0 71.168 16.4681 1172 60.3933 54.1357 512.413
1351 0 73.6148 13.8016 1016 64.1299 54.2126 510.712
1352 0 75.1894 15.9597 1200 61.4833 53.835 509.497
1353 0 77.4177 14.8157 1147 62.7646 53.0009 509.63
1354 0 78.2624 14.1958 1111 64.2016 53.0477 506.218
1355 0 81.366 13.5069 1099 64.5541 53.2611 505.274
1356 0 85.4188 15.3128 1308 62.5451 52.9534 505.294
1357 0 90.3953 14.3481 1297 63.889 52.7564 503.254
1358 0 89.3428 13.4986 1206 65.1509 53.2745 502.872
1359 0 94.3837 14.5258 1371 63.8855 53.3982 499.466
1360 0 98.5704 15.3291 1511 62.8127 52.5328 499.367
1361 0 100.465 13.2484 1331 65.7949 52.4395 497.636
1362 1 52.4591 12.7909 671 66.2459 52.1297 520.496
1363 0 50.1789 12.8739 646 67.9257 52.3406 518.183
1364 0 56.2409 14.4557 813 64.877 52.6359 519.544
1365 0 56.5338 14.1862 802 65.6596 53.3105 518.549
1366 0 59.3902 14.4973 861 65.4332 52.8513 515.292
1367 0 59.1758 13.0797 774 67.2571 52.6589 515.625
1368 0 63.4725 13.7067 870 66.0379 51.9529 513.532
1369 0 64.5127 13.5942 877 66.4504 52.1323 516.086
1370 0 66.2229 14.27 945 66.4762 52.6667 512.084
1371 0 69.5181 14.8594 1033 64.7812 52.6854 509.483
1372 0 72.6679 14.1328 1027 65.3827 52.5521 508.62
1373 0 75.443 13.6262 1028 65.6469 52.9455 510.487
1374 0 76.4031 13.4288 1026 66.5283 53.1852 509.334
1375 0 77.6053 14.7284 1143 65.2004 52.6063 507.076
1376 0 81.4659 14.9633 1219 64.4233 52.2002 506.839
1377 0 84.4094 15.2945 1291 64.3888 52.7932 500.659
1378 0 88.5917 13.4211 1189 66.6224 52.762 502.389
1379 0 92.3297 15.7587 1455 64.0694 53.143 498.722
1380 0 90.2549 12.8192 1157 68.2446 52.6258 498.111
1381 0 97.3437 14.0019 1363 66.5026 52.7256 498.317
1382 0 101.466 14.1131 1432 65.9714 52.111 496.484
1383 0 104.256 13.8218 1441 66.2713 51.0784 493.577
1384 0 109.537 14.5704 1596 65.0464 51.3233 491.13
1385 0 112.569 15.164 1707 64.0955 52.5507 491.091
1386 0 116.248 14.1594 1646 65.2485 51.932 489.041
1387 1 61.4295 13.3486 820 65.3829 51.9317 517.07
1388 0 62.2197 13.9827 870 65.0322 52.9529 515.912
1389 0 66.3828 14.2808 948 64.4979 52.8365 513.861
1390 0 65.0721 12.9241 841 66.9489 52.4982 511.587
1391 0 69.4059 14.336 995 64.604 51.8724 512.45
1392 0 68.244 13.3492 911 66.4446 51.8968 511.522
1393 0 73.3675 12.7713 937 65.8346 52.1633 511.827
1394 0 74.4069 12.9558 964 66.4927 52.0664 510.705
1395 0 77.2728 14.2871 1104 65.3976 52.461 505.508
1396 0 79.1785 11.9856 949 67.45 52.2266 508.287
1397 0 82.2173 12.8562 1057 66.0085 51.6244 505.776
1398 0 88.6545 14.2125 1260 63.7897 51.5135 505.181
1399 0 90.6913 14.2572 1293 64.1872 52.3063 502.029
1400 0 93.4544 13.4718 1259 64.5361 52.6386 503.778
1401 0 96.2475 13.6315 1312 64.5846 52.5831 500.893
1402 0 98.207 12.5449 1232 65.961 52.3019 497.646
1403 0 104.366 13.6252 1422 64.2883 52.256 497.76
1404 0 106.121 13.3998 1422 64.3179 51.9198 496.052
1405 1 50.2152 12.4863 627 65.4625 53.1212 523.077
1406 0 52.1206 14.1211 736 63.2541 52.7935 521.526
1407 0 55.4478 13.905 771 64.1336 52.559 519.581
1408 0 57.2129 15.3811 880 61.95 52.4102 521.103
1409 0 60.6719 12.856 780 64.6449 52.4936 518.422
1410 0 62.2517 15.2928 952 62.1796 52.3971 518.79
1411 0 64.6195 15.7073 1015 61.2768 52.6335 518.317
1412 0 63.1693 14.105 891 64.5623 52.9181 514.294
1413 0 69.2625 16.1415 1118 61.9052 52.3417 513.422
1414 0 71.5808 16.2613 1164 61.8385 53.0086 511.15
1415 0 75.4709 15.7279 1187 61.6891 52.0219 512.468
1416 0 76.6464 15.9172 1220 62.4123 52.2369 508.527
1417 0 80.5319 13.4357 1082 64.9464 52.183 508.972
1418 0 83.5341 15.8857 1327 62.5177 52.4047 507.506
1419 0 83.4121 13.4153 1119 66.336 52.9678 504.285
1420 0 87.3928 14.5092 1268 64.4858 53.2508 505.661
1421 0 91.4579 14.739 1348 64.6358 53.0438 502.361
1422 0 94.543 14.1946 1342 64.9747 52.6542 502.481
1423 0 99.3336 13.7315 1364 65.5652 52.9194 500.307
1424 0 102.586 14.6512 1503 64.5123 52.9554 501.333
1425 1 51.2617 14.3967 738 64.1043 53.023 524.283
1426 0 53.4287 12.7647 682 69.0264 53.1393 520.176
1427 0 58.4819 13.4914 789 66.7947 53.5513 522.43
1428 0 59.4255 14.1858 843 67.0178 53.3618 519.119
1429 0 59.2337 13.3877 793 68.5952 53.1904 518.479
1430 0 62.3139 14.3788 896 67.1049 52.9855 517.955
1431 0 62.1525 16.4273 1021 65.4574 52.6846 518.023
1432 0 66.3131 14.5823 967 67.971 53.06 515.543
1433 0 68.4005 15.6724 1072 66.4897 53.1959 515.279
1434 0 69.6162 15.0396 1047 68.2932 52.9169 513.267
1435 0 70.0455 14.9617 1048 68.9208 52.8712 510.614
1436 0 73.194 13.1978 966 70.8861 53.4855 509.871
1437 0 75.4442 15.1105 1140 67.8693 52.564 510.379
1438 0 79.3439 14.6955 1166 68.0961 53.0532 508.037
1439 0 81.4094 15.4773 1260 67.1159 53.1214 508.829
1440 0 84.2841 14.2257 1199 68.5988 52.241 506.719
1441 0 87.1382 16.273 1418 66.4436 52.622 504.697
1442 0 89.4307 15.4869 1385 67.4058 52.6968 503.398
1443 0 90.2932 13.4451 1214 70.4465 52.654 498.568
1444 0 95.0805 13.3992 1274 69.7378 52.7896 497.624
1445 0 98.2072 13.3188 1308 69.4174 53.2424 500.552
1446 0 101.631 14.1787 1441 68.7842 52.6808 494.987
1447 1 49.1984 11.9516 588 71.8826 53.2721 520.818
1448 0 52.3772 15.102 791 67.7522 53.1441 520.454
1449 0 55.4628 15.0912 837 67.6679 52.098 519.314
1450 0 57.3321 15.105 866 67.0854 52.9018 520.404
1451 0 55.1114 12.8104 706 71.9363 52.738 515.853
1452 0 59.1061 15.0577 890 68.0157 52.8011 517.382
1453 0 62.2902 14.4324 899 68.6808 52.7475 515.265
1454 0 64.043 13.9125 891 69.468 52.5556 514.52
1455 0 67.2762 15.0722 1014 68.0917 53.7278 514
1456 0 70.3941 14.3904 1013 68.0128 53.3376 513.773
1457 0 70.297 14.3534 1009 69.2755 53.7284 509.745
1458 0 70.1173 12.7643 895 72.0905 53.781 510.493
1459 0 76.1084 14.8998 1134 68.8113 53.3545 509.04
1460 0 79.2531 14.5862 1156 69.1168 53.2232 506.908
1461 0 81.5684 14.4786 1181 69.7561 53.0737 504.532
1462 0 84.4974 14.1306 1194 70.1516 53.1608 505.734
1463 0 86.2064 14.8365 1279 69.5184 52.8053 504.039
1464 0 89.3363 14.9659 1337 69.264 52.7195 502.839
1465 0 91.335 14.4961 1324 70.1035 53.0461 501.379
1466 0 94.3123 14.5368 1371 69.1284 52.6506 500.998
1467 0 98.1199 14.7065 1443 68.6133 51.9529 498.566
1468 0 105.407 15.8718 1673 66.303 52.15 498.307
1469 0 108.586 15.665 1701 66.8683 52.3327 495.315
1470 0 111.301 15.0134 1671 67.6487 52.7421 492.835
1471 0 116.272 15.5154 1804 66.9191 52.0576 491.647
1472 0 116.323 15.8696 1846 66.7746 52.8944 493.153
1473 1 62.4446 13.6441 852 68.6761 52.7277 518.391
1474 0 66.5396 14.4876 964 67.7676 52.2344 517.151
1475 0 66.0584 13.8211 913 70.0252 52.276 513.611
1476 0 68.2551 14.7535 1007 68.565 52.573 515.524
1477 0 70.7038 14.1011 997 69.5657 52.6449 510.16
1478 0 73.2341 14.3512 1051 69.2379 52.6394 510.837
1479 0 73.3231 15.1657 1112 69.3408 52.964 507.658
1480 0 78.3584 16.0289 1256 67.5104 52.9817 508.424
1481 0 79.3874 14.6623 1164 69.4734 52.7139 506.122
1482 0 83.2992 15.9185 1326 67.3597 52.2843 506.538
1483 0 86.4409 16.3464 1413 66.9851 52.2151 505.147
1484 0 86.2607 14.0736 1214 70.2751 52.589 505.452
1485 0 92.7192 13.7728 1277 69.993 51.6758 503.197
1486 0 93.3213 14.8626 1387 68.6698 52.9092 502.398
1487 0 97.2603 15.6179 1519 67.7663 52.9605 498.831
1488 0 102.301 14.6137 1495 69.2582 52.1344 495.383
1489 0 104.479 14.9695 1564 69.1829 51.7832 494.063
1490 0 108.187 16.4529 1780 67.0657 52.0371 493.507
1491 1 55.4804 12.9235 717 71.4826 52.5272 519.633
1492 0 56.2512 13.0131 732 72.5273 52.9454 518.4
1493 0 58.3735 14.51 847 70.8784 53.2609 517.684
1494 0 57.2999 14.4852 830 72.2 53.0819 516.742
1495 0 61.0601 14.2155 868 71.9194 53.1348 515.999
1496 0 64.2648 15.2183 978 70.0184 52.2863 514.59
1497 0 62.2277 14.5434 905 72.3713 51.7171 514.082
1498 0 68.4007 15.9648 1092 69.0595 52.3251 513.347
1499 0 70.1398 14.5424 1020 71.1726 51.7578 512.49
1500 0 70.0878 15.0383 1054 71.2011 52.7068 509.119
1501 0 71.0875 14.1516 1006 72.7823 52.2545 507.036
1502 0 74.172 14.8978 1105 71.7946 52.61 504.981
1503 0 78.0658 14.8465 1159 70.7662 53.3365 508.351
1504 0 83.5011 16.4908 1377 67.9397 52.2295 504.394
1505 0 84.5178 14.5413 1229 71.0041 52.3816 504.775
1506 0 88.2226 16.413 1448 68.5407 51.9441 501.552
1507 0 90.0502 15.025 1353 70.6378 52.0118 499.726
1508 0 93.1599 15.511 1445 69.7412 52.4817 499.767
1509 0 95.5612 15.906 1520 68.9947 52.7632 497.964
1510 0 99.1854 15.597 1547 69.6774 52.4189 495.593
1511 0 102.278 14.6072 1494 70.7108 52.1928 493.801
1512 0 102.245 13.9957 1431 71.8344 51.9126 491.411
1513 0 110.172 15.8571 1747 68.3434 51.6892 492.867
1514 0 112.295 14.8805 1671 70.2334 51.7175 489.828
1515 0 118.389 16.184 1916 68.4139 51.9666 488.251
1516 0 119.122 15.0351 1791 70.8526 52.407 484.945
1517 0 123.312 14.0457 1732 71.8915 52.6767 485.144
1518 0 127.378 15.6463 1993 70.4019 52.4496 484.345
1519 0 130.098 16.3185 2123 69.7942 51.7155 481.299
1520 0 136.977 16.0903 2204 69.8621 52.093 477.76
1521 0 141.711 13.4287 1903 73.2007 51.7966 477.124
1522 0 144.213 15.1096 2179 71.9165 51.9945 474.015
1523 0 152.315 14.2468 2170 72.5843 52.0452 473.642
1524 1 62.0822 13.4821 837 74.399 52.6308 513.693
1525 0 65.1738 14.0547 916 73.7445 52.9072 511.835
1526 0 70.4881 15.265 1076 71.2519 52.2537 511.813
1527 0 70.0699 13.6721 958 74.2432 52.6169 510.061
1528 0 72.7446 14.544 1058 72.2013 52.0974 510.985
1529 0 73.356 15.7588 1156 71.0761 52.1946 509.937
1530 0 76.2789 14.5781 1112 72.5935 52.4263 508.528
1531 0 79.276 15.5028 1229 71.5598 52.1912 506.066
1532 0 80.1446 16.0959 1290 70.6426 51.6829 506.264
1533 0 81.0734 14.3574 1164 73.3419 51.7698 503.004
1534 0 85.5114 14.4074 1232 72.4984 52.3068 505.256
1535 0 89.4243 14.202 1270 72.8378 52.2803 502.416
1536 0 92.2323 15.6778 1446 70.5118 52.2932 503.153
1537 0 92.2806 16.2873 1503 71.2901 52.348 499.148
1538 0 97.4215 16.0026 1559 71.0013 52.696 499.707
1539 0 99.6182 14.2745 1422 73.9909 52.4184 497.824
1540 1 41.6959 12.2314 510 73.7961 51.9569 524.306
1541 0 40.2621 14.4801 583 73.566 51.8593 525.388
1542 0 43.0797 14.7865 637 74.1366 51.8414 522.447
1543 0 46.2906 14.3226 663 74.0845 51.7119 522.822
1544 0 45.542 12.8014 583 77.2864 51.6638 523.686
1545 0 49.7834 14.5229 723 73.6252 52.3043 523.396
1546 0 48.468 14.5251 704 74.7997 52.0469 521.392
1547 0 50.1099 13.9294 698 75.9957 52.1032 520.735
1548 0 52.4765 13.4536 706 76.1062 51.7847 520.229
1549 0 51.214 14.5663 746 75.6461 51.8566 519.304
1550 0 59.2973 14.655 869 72.6364 51.5903 520.731
1551 0 57.3054 13.367 766 76.1619 51.9922 516.907
1552 0 60.6201 16.0508 973 71.7133 52.2292 517.074
1553 0 59.3073 15.3101 908 74.2577 52.5551 515.424
1554 0 61.4291 15.8557 974 72.078 52.5791 516.353
1555 0 62.4161 14.3072 893 74.3606 52.6674 515.955
1556 0 65.1972 15.0773 983 73.414 53.2645 515.126
1557 0 68.3102 15.7663 1077 71.4772 52.0975 514.028
1558 0 70.4508 15.2589 1075 71.5507 51.8344 511.917
1559 0 72.1697 15.4636 1116 71.4892 51.7554 511.025
1560 0 75.4667 16.9876 1282 68.6084 52.2395 510.872
1561 0 76.5128 16.1934 1239 70.318 52.8991 509.127
1562 0 78.1951 13.4919 1055 74.436 52.9981 503.565
1563 0 81.5039 15.2385 1242 71.5185 52.6562 505.291
1564 0 85.3037 16.5995 1416 69.8821 52.6709 502.402
1565 0 89.3781 15.261 1364 70.5345 52.4817 504.718
1566 0 88.2851 14.793 1306 72.4096 51.8844 500.334
1567 0 92.3688 14.4529 1335 72.4127 51.806 499.587
1568 0 96.57 14.5594 1406 71.6593 52.1017 499.859
1569 0 97.0614 14.496 1407 72.4023 52.2225 497.097
1570 0 101.065 14.179 1433 72.6992 51.3489 493.251
1571 0 106.248 14.5133 1542 71.2814 51.5901 493.608
1572 0 107.209 14.2152 1524 71.6352 51.5932 492.327
1573 0 112.262 15.6865 1761 69.5934 51.5815 490.1
1574 0 116.523 15.2331 1775 69.6884 51.431 486.981
1575 0 117.143 15.5878 1826 70.6424 52.253 483.422
1576 0 120.128 14.393 1729 71.2626 51.5095 487.602
1577 0 125.695 14.7818 1858 70.6469 51.0242 483.358
1578 0 129.307 15.8846 2054 69.5847 50.8228 479.206
1579 0 133.255 13.7405 1831 72.603 52.2703 479.541
1580 0 136.142 14.1396 1925 72.3408 51.9886 474.073
1581 0 141.184 14.9946 2117 71.5975 52.3883 472.478
1582 0 146.258 14.3514 2099 72.2501 51.3297 469.583
1583 0 152.489 14.624 2230 71.4946 51.7767 469
1584 0 154.143 14.3957 2219 72.6377 51.7603 461.74
1585 1 83.2469 13.3819 1114 71.3447 52.956 506.337
1586 0 86.1509 12.2576 1056 73.3693 52.4697 502.53
1587 0 87.2283 14.4907 1264 70.9929 52.1305 502.962
1588 0 89.1511 14.5035 1293 71.4733 51.7479 501.014
1589 0 92.293 13.9664 1289 71.9519 51.8588 500.365
1590 0 95.1265 13.6029 1294 73.2597 51.01 495.937
1591 0 99.3707 13.0924 1301 73.7517 51.4866 493.068
1592 0 104.319 15.5677 1624 69.9643 51.6496 492.137
1593 0 105.108 13.5765 1427 73.5648 51.2256 490.495
1594 0 107.192 13.2379 1419 74.3066 51.4989 490.932
1595 0 111.12 13.9938 1555 72.7981 52.1788 490.271
1596 0 116.286 14.7224 1712 71.9369 51.274 486.108
1597 1 57.0612 11.9521 682 75.2463 51.6965 514.293
1598 0 60.1982 13.0735 787 73.7853 51.9212 513.197
1599 0 61.1166 13.2861 812 74.0566 51.686 510.979
1600 0 64.0705 12.7048 814 74.4816 52.0971 510.313
1601 0 66.1042 14.5528 962 71.2152 51.7287 511.061
1602 0 69.0713 13.7539 950 72.7284 51.24 506.106
1603 0 74.1872 14.3017 1061 70.3139 51.23 507.991
1604 0 75.4649 13.397 1011 72.2868 51.2898 504.909
1605 0 79.291 15.6638 1242 69.2721 51.6731 505.048
1606 0 81.0889 13.701 1111 72.2844 52.3429 503.217
1607 0 86.156 15.6809 1351 69.0163 52.188 503.995
1608 0 87.122 15.8972 1385 69.1603 52.1935 502.022
1609 0 93.4548 16.8745 1577 66.305 52.7184 501.349
1610 0 94.2498 14.1963 1338 70.5979 51.787 496.011
1611 0 98.221 13.8463 1360 70.2132 51.814 498.473
1612 0 101.257 14.3398 1452 69.7789 51.5041 494.486
1613 1 52.197 14.1962 741 69.247 52.6977 518.462
1614 0 50.0454 12.5086 626 72.2891 52.1518 516.543
1615 0 56.1129 14.6134 820 68.5598 51.3122 514.728
1616 0 58.1355 14.8274 862 68.036 51.8445 515.704
1617 0 63.0628 15.3181 966 65.9306 52.4441 515.66
1618 0 63.4324 13.274 842 69.6128 52.6758 513.059
1619 0 64.1725 14.1649 909 68.6062 52.5831 512.524
1620 0 66.0671 14.5609 962 68.1965 53.1092 512.049
1621 0 69.5298 12.4119 863 70.0464 52.3986 511.32
1622 0 72.3172 15.8469 1146 66.0908 52.0445 509.052
1623 0 73.1394 15.0398 1100 67.5527 51.6627 505.852
1624 0 75.1206 14.3103 1075 68.4828 52.3079 505.761
1625 0 79.1243 14.5467 1151 68.2989 52.106 505.704
1626 0 80.0641 14.4259 1155 68.2442 51.6199 504.48
1627 0 83.151 15.2975 1272 67.2107 52.4741 503.347
1628 0 88.3076 15.2648 1348 67.0312 52.405 504.263
1629 0 89.4091 13.9024 1243 69.2832 51.9694 500.728
1630 0 92.1642 14.6695 1352 68.1065 51.2751 498.849
1631 0 98.1842 15.2468 1497 66.4309 50.859 498.259
1632 0 100.398 16.2952 1636 64.9908 51.3612 496.927
1633 0 102.169 13.7126 1401 68.9208 51.8508 494.877
1634 0 107.343 14.1602 1520 67.9526 51.8296 491.488
1635 1 59.14 12.648 748 69.8957 51.8476 516.159
1636 0 62.1536 14.3516 892 68.0863 51.5639 513.802
1637 0 66.3836 14.8531 986 66.7951 51.5051 512.559
1638 0 68.2588 15.4412 1054 67.2068 51.6214 509.031
1639 0 67.2956 14.2951 962 69.4356 52.211 510.165
1640 0 71.1852 14.4553 1029 68.9281 52.481 510.243
1641 0 76.6947 14.5903 1119 67.6202 51.7971 506.652
1642 0 78.2753 15.5605 1218 66.2619 52.2085 506.129
1643 0 82.6401 15.5009 1281 66.2576 52.3622 504.301
1644 0 85.2826 14.6806 1252 67.1693 51.635 500.798
1645 0 86.2926 14.9028 1286 67.0871 51.6532 502.474
1646 0 87.2582 13.7638 1201 68.9334 51.4846 499.437
1647 0 92.1268 15.0879 1390 67.2648 51.9295 497.9
1648 0 96.1612 14.5901 1403 67.4334 52.1055 497.034
1649 0 100.183 14.0843 1411 67.7626 51.7959 496.209
1650 0 104.293 14.1236 1473 67.6904 51.9735 493.412
1651 1 52.4657 12.694 666 68.8739 51.8694 518.544
1652 0 53.1756 13.2956 707 69.1853 51.9066 516.771
1653 0 55.074 12.6012 694 69.572 52.3098 515.043
1654 0 57.1347 13.687 782 68.367 52.6228 514.872
1655 0 59.136 14.5428 860 67.5686 51.5767 512.995
1656 0 63.2369 15.2601 965 66.3513 52.4622 511.479
1657 0 65.1122 14.5595 948 67.2827 52.4504 510.522
1658 0 65.0866 13.2593 863 68.54 52.1796 509.173
1659 0 68.2717 15.0721 1029 66.7337 51.8105 507.567
1660 0 69.1183 12.9922 898 69.3719 51.5512 507.028
1661 0 74.1533 14.3352 1063 66.4657 51.4036 507.211
1662 0 79.4388 14.6024 1160 65.9707 51.8293 504.987
1663 0 79.1557 15.3748 1217 66.0887 51.9326 503.265
1664 0 82.438 15.0901 1244 66.1093 52.2814 503.44
1665 0 84.1769 15.3011 1288 65.8773 52.434 504.145
1666 0 89.2591 17.1523 1531 63.3103 52.7466 502.272
1667 0 92.1341 15.51 1429 65.8761 52.8278 496.023
1668 0 96.2382 13.4042 1290 67.8783 52.8798 498.649
1669 0 100.197 16.2081 1624 64.0893 52.2783 496.353
1670 0 100.243 14.9238 1496 66.3543 52.1872 494.765
1671 0 108.558 13.4398 1459 67.1227 52.0041 496.278
1672 0 109.211 15.4563 1688 64.6558 52.0361 490.662
1673 1 57.248 13.328 763 67.4889 52.46 514.342
1674 0 62.4497 12.8583 803 67.1233 52.6252 512.521
1675 0 61.12 13.0563 798 67.4662 52.9787 511.91
1676 0 64.1 14.2122 911 65.7519 52.5851 510.93
1677 0 67.0841 15.7712 1058 63.9669 52.7665 508.444
1678 0 70.0498 14.9893 1050 63.5238 52.561 508.618
1679 0 72.2459 13.2464 957 65.7032 51.8286 506.199
1680 0 75.2771 14.2673 1074 64.2514 52.1369 502.849
1681 0 78.4515 14.4038 1130 63.2699 51.8912 502.226
1682 0 81.1831 15.6929 1274 61.7151 51.4239 500.814
1683 0 85.1551 14.9844 1276 61.8472 52.1685 500.55
1684 0 84.1473 12.2642 1032 64.9826 52.5126 500.067
1685 0 91.3434 14.0897 1287 61.8267 52.4639 498.744
1686 0 90.1674 12.9869 1171 63.7284 52.6857 496.267
1687 0 96.1928 14.5125 1396 61.2987 52.1741 496.38
1688 0 98.0909 13.9055 1364 61.1576 52.1232 497.306
1689 1 50.0349 13.2308 662 62.6329 52.5725 514.536
1690 0 53.2967 13.5656 723 61.5477 52.2324 515.71
1691 0 55.1285 11.2283 619 63.517 52.4798 514.556
1692 0 54.147 10.8778 589 64.7759 52.5891 512.267
1693 0 57.1661 13.2421 757 62.2417 52.1215 510.444
1694 0 62.2715 12.7988 797 63.0816 52.5056 509.118
1695 0 64.1699 13.9785 897 61.1695 51.9509 508.588
1696 0 65.244 14.5761 951 60.3028 51.5289 505.174
1697 0 66.0817 12.6207 834 63.0072 52.1355 503.916
1698 0 70.1077 16.4746 1155 58.4563 52.2935 502.382
1699 0 72.0907 14.3708 1036 60.0473 51.6544 503.78
1700 0 78.1768 13.252 1036 61.0251 51.501 500.102
1701 0 77.14 11.5115 888 62.9403 51.9471 499.898
1702 0 82.1775 12.8989 1060 61.1453 52.0198 496.959
1703 0 83.221 13.6744 1138 60.7786 51.7469 494.925
1704 0 92.1161 14.6988 1354 58.2696 52.4527 495.7
1705 0 94.2676 14.5331 1370 58.781 52.2693 496.754
1706 0 95.2994 13.5048 1287 59.9316 52.7343 494.957
1707 0 98.263 14.4815 1423 58.981 52.4427 489.782
1708 0 100.383 13.2094 1326 60.1561 52.1855 488.381
1709 0 104.25 16.4796 1718 56.7148 52.025 488.948
1710 0 106.173 14.9285 1585 58.3041 52.1199 486.377
1711 0 111.201 14.3074 1591 58.704 51.039 482.66
1712 0 115.158 14.6234 1684 58.4976 51.9525 482.833
1713 0 118.207 13.9163 1645 59.1617 51.4675 480.126
1714 0 125.121 15.7128 1966 57.1867 52.1485 480.356
1715 0 129.198 15.1937 1963 57.917 52.404 477.484
1716 0 133.231 16.0473 2138 57.1614 52.7077 477.507
1717 1 72.2036 13.1849 952 60.8802 52.3382 505.525
1718 0 75.2979 13.1743 992 61.0635 51.8548 500.509
1719 0 79.4538 13.4418 1068 60.2734 51.721 503.477
1720 0 77.5309 12.7949 992 62.2127 52.3821 499.718
1721 0 85.3402 15.2917 1305 58.2728 52.1586 502.48
1722 0 84.2132 14.3327 1207 60.763 52.2204 498.701
1723 0 87.273 12.6958 1108 62.278 52.7464 496.927
1724 0 92.2474 15.1766 1400 59.7636 52.0693 498.168
1725 0 90.2235 14.0207 1265 62.151 51.5447 495.785
1726 0 96.2545 14.8876 1433 60.8276 51.1347 493.294
1727 0 98.3241 15.0319 1478 61.0839 50.9871 494.053
1728 0 100.155 12.4607 1248 64.5369 52.27 487.927
1729 0 108.166 16.2066 1753 59.862 52.6543 486.431
1730 0 110.269 14.9271 1646 61.5006 52.8153 483.923
1731 0 114.135 14.1937 1620 62.4611 52.6907 485.056
1732 0 120.389 15.0844 1816 61.3188 52.8513 483.802
1733 0 119.191 13.2141 1575 64.2756 52.5124 481.723
1734 0 125.105 14.4439 1807 62.7714 51.9745 475.706
1735 0 131.248 13.9279 1828 63.2768 52.2473 478.22
1736 1 49.0156 14.2608 699 62.4478 52.6481 514.591
1737 0 50.2624 14.5039 729 61.4856 52.6502 516.394
1738 0 53.101 14.9338 793 62.1412 52.2636 514.987
1739 0 54.0817 14.2562 771 62.6887 52.3061 515.239
1740 0 57.0595 14.0555 802 63.8267 52.091 513.983
1741 0 57.1498 13.4034 766 64.983 52.5144 512.858
1742 0 59.3145 12.7793 758 66.2137 52.5422 509.499
1743 0 61.2658 14.6574 898 63.9087 52.0468 511.787
1744 0 61.0701 14.819 905 65.0685 52.1912 509.825
1745 0 67.0532 15.5548 1043 63.1985 52.5254 509.237
1746 0 68.0811 14.8499 1011 64.1197 52.4273 509.595
1747 0 66.0509 12.7629 843 69.0332 52.1079 507.885
1748 0 70.0946 14.9512 1048 65.8998 51.6813 508.875
1749 0 69.0697 13.7253 948 68.211 51.5148 507.925
1750 0 73.1237 15.0567 1101 66.9528 52.02 506.88
1751 0 72.0951 15.9512 1150 66.587 51.8548 507.11
1752 0 71.198 14.7757 1052 67.9002 51.827 506.076
1753 0 74.105 16.679 1236 66.0655 52.5049 504.584
1754 0 73.1894 14.7562 1080 70.3454 52.525 505.806
1755 0 78.2464 14.3393 1122 69.9964 52.6337 507.293
1756 0 73.1192 15.0166 1098 71.0373 51.1831 504.658
1757 0 76.3242 14.8053 1130 70.9009 51.4442 505.758
1758 0 75.6458 14.3696 1087 72.4857 51.6412 504.803
1759 0 75.0696 14.1469 1062 73.4652 51.6215 503.3
1760 0 77.0532 15.0805 1162 71.4905 52.099 505.226
1761 0 77.2348 13.6726 1056 74.036 52.9811 504.031
1762 0 81.1204 16.0009 1298 70.3783 52.0362 502.467
1763 0 80.1093 16.103 1290 70.5093 51.7062 504.015
1764 0 78.4982 14.8156 1163 74.2726 52.1195 502.745
1765 0 79.0533 13.8008 1091 75.0477 51.5628 504.659
1766 0 80.1706 14.4442 1158 73.5717 51.8877 504.136
1767 0 80.1086 13.9186 1115 74.7022 52.2126 499.664
1768 0 82.2805 13.7943 1135 74.5436 52.0652 501.813
1769 0 80.06 14.5766 1167 74.8021 51.9597 499.865
1770 0 80.2231 13.8863 1114 75.4641 52.8519 503.777
1771 0 84.1425 14.2021 1195 74.2795 51.6628 500.291
1772 0 81.2218 12.5828 1022 78.5577 52.1673 497.168
1773 0 83.1108 12.7661 1061 76.6635 51.328 500.747
1774 0 86.1046 13.321 1147 75.7986 51.782 499.64
1775 0 86.1614 13.9506 1202 75.5682 52.5516 499.106
1776 0 84.1866 13.2206 1113 76.6586 51.7898 496.617
1777 0 85.0524 13.1096 1115 77.0798 52.4664 498.785
1778 0 84.1327 12.8131 1078 77.3275 52.5417 499.468
1779 0 86.0655 14.7911 1273 74.718 52.7274 495.984
1780 0 89.1248 14.8331 1322 73.525 52.4864 497.701
1781 0 88.096 14.0075 1234 74.9814 52.3436 496.476
1782 0 89.1526 13.8527 1235 74.8923 52.6745 498.903
1783 0 88.1146 13.5619 1195 75.4987 52.395 498.823
1784 0 89.2108 13.7988 1231 75.788 52.6076 497.33
1785 0 90.102 14.5391 1310 74.3069 52.2191 498.084
1786 0 89.1359 12.868 1147 78.0846 52.3915 495.01
1787 0 92.1141 13.8524 1276 75.2649 51.9812 494.937
1788 0 91.0711 13.3961 1220 76.1467 51.5279 493.82
1789 0 92.3025 14.2358 1314 74.6918 51.2329 497.437
1790 0 95.3687 15.0259 1433 73.4689 50.5311 493.366
1791 0 96.2005 15.3014 1472 73.2867 51.4837 495.897
1792 0 96.3928 15.1256 1458 73.0213 51.3656 493.2
1793 0 97.3064 16.5559 1611 70.221 50.5549 497.061
1794 0 99.2563 15.2534 1514 72.675 51.8058 495.992
1795 0 96.3502 13.1603 1268 76.3375 51.6017 494.21
1796 0 98.1176 14.9107 1463 72.2987 51.6213 493.336
1797 0 97.5258 13.4734 1314 75.331 51.0898 492.789
1798 0 99.1178 14.2255 1410 73.7886 50.6113 494.871
1799 0 98.2247 13.4589 1322 75.7874 51.295 495.23
1800 0 99.1445 14.0805 1396 74.0924 51.9456 496.209
1801 0 99.1223 14.6688 1454 74.2875 52.2304 494.443
1802 0 100.041 14.664 1467 73.8609 51.8534 495.928
1803 0 100.091 14.347 1436 73.1421 51.7312 492.387
1804 0 100.111 16.0522 1607 70.9141 52.2707 492.239
1805 0 103.367 13.7761 1424 74.3827 51.7142 492.465
