time division length width area intensity CMx CMy
0 0 53.133 9.84323 523 63.2524 662.317 477.82
1 0 53.0469 8.21914 436 64.2362 661.867 476.333
2 0 56.0812 10.7344 602 61.2841 660.953 475.842
3 0 60.1049 9.56661 575 61.5948 660.937 480.694
4 0 61.1181 10.1934 623 61.0353 660.714 476.746
5 0 61.1624 10.3004 630 61.3365 660.803 474.305
6 0 66.1385 10.4327 690 60.6565 660.216 474.486
7 0 68.1048 9.51474 648 61.2654 659.773 472.563
8 0 69.1084 9.52127 658 61.3161 659.312 471.378
9 0 69.0789 9.72801 672 60.9494 659.463 475.071
10 1 138.34 9.8381 1361 63.5092 659.431 442.036
11 1 76.1427 8.14261 620 62.579 659.742 468.974
12 0 77.1207 7.71518 595 63.1412 660.119 466.071
13 0 81.1499 9.05732 735 61.1837 659.731 470.185
14 0 84.0562 9.70779 816 61.0784 658.917 467.485
15 0 86.1143 9.85898 849 60.8386 659.048 468.08
16 0 89.1144 11.3899 1015 59.2305 658.31 457.429
17 0 93.1359 10.78 1004 59.9074 658.526 464.912
18 1 47.0244 11.2495 529 59.6919 658.274 481.851
19 0 52.1483 11.0838 578 59.0952 658.351 482.787
20 0 52.0799 9.79264 510 60.898 658.814 481.373
21 0 56.1009 11.408 640 58.6312 658.252 479.328
22 0 59.067 10.5643 624 59.2804 658.484 477.571
23 0 59.0876 12.6253 746 57.7493 658.87 469.891
24 0 62.0454 10.7985 670 59.403 659.197 471.23
25 0 65.1229 11.962 779 58.1926 658.711 469.184
26 0 68.0775 13.8519 943 55.8187 659.072 465.531
27 0 67.1364 12.3778 831 58.4645 658.6 465.665
28 0 68.0639 10.9456 745 60.2953 658.487 465.972
29 0 71.1438 10.2609 730 61.2041 658.801 464.685
30 0 73.0845 11.2883 825 60.1903 658.873 462.114
31 0 75.1544 10.6581 801 60.6442 658.863 460.387
32 0 80.2651 13.281 1066 57.1979 659.038 461.522
33 0 81.2275 11.6217 944 59.3591 658.872 462.162
34 0 83.2411 11.725 976 59.1332 659.041 461.305
35 0 88.2425 12.7376 1124 57.7135 658.027 460.956
36 0 89.172 12.9413 1154 57.6482 658.17 456.033
37 0 91.1846 12.3705 1128 58.2695 657.21 450.838
38 1 45.0959 10.0231 452 59.9491 657.808 480.184
39 0 49.058 11.4762 563 57.8455 658.071 479.544
40 0 50.062 11.2261 562 58.4057 657.906 479.333
41 0 54.086 12.1843 659 57.6813 658.138 476.32
42 0 56.0525 11.5249 646 58.7337 656.972 473.088
43 0 56.118 12.0995 679 58.2239 657.498 474.545
44 0 58.1182 11.3046 657 58.9178 658.492 474.773
45 0 60.1544 13.2492 797 57.6161 659.161 470.654
46 0 60.0687 11.62 698 59.6819 658.189 469.678
47 0 65.0812 11.4933 748 58.5414 658.409 471.729
48 0 66.0638 12.1095 800 58.5688 658.189 469.17
49 0 67.0723 11.2714 756 59.8796 658.735 464.132
50 0 70.0709 13.3294 934 57.2548 658.452 468.029
51 0 72.1569 13.1796 951 57.9338 658.227 463.692
52 0 75.0388 12.2737 921 58.2302 657.531 463.673
53 0 75.1591 13.1188 986 57.6237 656.731 462.509
54 0 78.087 12.0891 944 58.6557 657.012 462.953
55 0 82.1788 11.8644 975 58.5744 657.588 461.29
56 0 83.0598 11.2329 933 59.7428 657.612 459.616
57 0 85.093 11.3053 962 59.2859 657.792 460.593
58 0 89.0921 11.7968 1051 58.7954 657.888 459.503
59 1 49.0415 11.9491 586 58.1741 658.184 478.044
60 0 49.0623 11.4345 561 59.4011 657.74 477.765
61 0 50.0968 12.2563 614 58.2313 658.236 479.432
62 0 52.1302 12.0084 626 58.8786 658.061 475.954
63 0 56.0454 12.5969 706 57.9348 658.391 476.085
64 0 55.079 10.3851 572 60.8934 658.358 475.094
65 0 56.057 12.4873 700 58.8114 657.97 475.446
66 0 59.103 13.3327 788 57.7056 657.784 473.867
67 0 60.0527 14.1542 850 57.0388 658.28 474.728
68 0 62.0633 13.4057 832 58.369 658.325 471.633
69 0 65.0661 12.4796 812 58.8325 657.648 473.567
70 0 68.0509 13.3723 910 57.6484 657.786 471.975
71 0 69.0725 12.6968 877 58.7149 657.989 471.254
72 0 70.0929 14.8232 1039 56.4764 658.157 470.236
73 0 73.099 12.0385 880 58.8432 657.849 471.258
74 0 74.1057 12.1043 897 59.3846 657.954 466.724
75 0 77.092 11.4668 884 59.388 658.029 471.167
76 0 78.1202 11.7895 921 59.2302 657.354 469.885
77 0 81.0903 10.9631 889 60.1969 657.812 466.441
78 0 84.0575 11.4089 959 59.0167 657.619 469.194
79 1 43.0191 6.95039 299 62.3545 658.06 482.896
80 0 47.0259 9.27148 436 59.8417 657.45 484.681
81 0 47.0864 10.8312 510 59.0784 656.304 482.555
82 0 52.0402 11.126 579 58.1675 658.58 482.534
83 0 52.0996 11.8619 618 58.2654 657.972 479.031
84 0 55.2577 10.7496 594 58.9815 657.697 480.946
85 0 54.0586 10.8031 584 59.4897 657.339 480.164
86 0 57.1092 11.2241 641 59.2371 656.858 477.162
87 0 57.1768 11.6131 664 58.8599 657.384 479.892
88 0 60.0491 12.9561 778 57.7198 657.625 474.054
89 0 61.0491 10.1066 617 60.5008 658.588 476.966
90 0 64.1019 13.3537 856 57.7488 657.951 474.852
91 0 69.1322 13.3368 922 56.9664 657.601 474.272
92 0 69.0601 12.4674 861 58.1893 657.668 472.101
93 0 70.1699 11.0019 772 59.9883 657.411 471.495
94 0 74.2366 11.5442 857 59.797 657.481 471.477
95 0 75.1184 12.8464 965 58.4342 656.719 470.155
96 0 79.2611 11.6703 925 59.8454 656.976 467.223
97 0 81.1099 12.8221 1040 58.7981 657.018 468.334
98 0 84.112 12.0672 1015 59.8778 657.719 466.415
99 0 87.1006 11.2284 978 60.6094 656.801 465.895
100 0 89.104 10.9647 977 61.0962 657.349 465.422
101 0 92.1822 12.8224 1182 59.7961 657.562 462.252
102 1 47.0788 11.3427 534 59.3689 658.039 487.157
103 0 51.1156 9.99694 511 61.0998 657.947 484.031
104 0 51.1182 11.0528 565 60.685 657.658 483.904
105 0 54.1179 11.7891 638 59.9389 658.259 482.481
106 0 54.1225 11.6033 628 60.5303 658.799 481.608
107 0 56.0592 10.5781 593 61.8094 658.86 478.872
108 0 60.1008 12.0132 722 60.446 658.493 480.253
109 0 61.0459 10.8115 660 62.1076 658.694 476.259
110 0 63.156 12.6196 797 60.345 658.338 475.852
111 0 64.0853 11.8124 757 61.0872 658.062 478.119
112 0 68.1195 12.5221 853 60.3634 657.055 475.701
113 0 70.0818 15.0681 1056 58.1316 658.1 473.839
114 0 70.1143 10.9393 767 62.8005 658.738 473.836
115 0 71.1109 11.1516 793 62.7654 657.893 472.267
116 0 76.2814 10.8808 830 63.2301 658.106 469.481
117 0 79.3726 9.90266 786 64.0903 657.779 465.575
118 0 81.1124 12.1313 984 61.9106 657.868 468.732
119 0 83.0949 13.5869 1129 60.8671 658.3 467.498
120 0 87.209 11.0424 963 63.8442 658.211 465.211
121 1 46.1168 10.777 497 62.3199 658.6 487.042
122 0 48.1987 13.7556 663 59.8869 658.814 486.068
123 0 48.0537 11.8825 571 62.3625 658.926 485.256
124 0 50.1655 11.6016 582 63.2113 659.127 483.545
125 0 50.2886 10.3204 519 65.079 659.329 483.264
126 0 52.0384 10.3577 539 65.0427 659.028 484.206
127 0 56.033 12.1 678 64.0236 658.618 482.117
128 0 56.0516 11.8462 664 64.6401 658.58 481.655
129 0 57.0425 10.0977 576 66.8125 658.457 480.46
130 0 59.0474 11.8041 697 65.1463 658.32 478.648
131 0 61.1778 13.093 801 64.0974 658.032 477.532
132 0 62.1144 10.1265 629 67.0461 657.548 477.404
133 0 63.1271 10.6294 671 67.2206 657.693 474.355
134 0 69.1677 11.7251 811 65.7176 657.444 475.799
135 0 70.1207 11.2378 788 66.7563 658.562 471.954
136 0 72.1638 10.9473 790 67.3494 658.248 474.066
137 0 76.0543 12.5042 951 65.8507 658.805 471.802
138 0 76.2549 11.9206 909 67.2607 658.278 471.327
139 0 80.2473 13.2964 1067 65.6739 658.383 469.882
140 1 40.0276 9.11871 365 68.1452 658.334 491.726
141 0 41.1063 9.70653 399 67.3609 657.18 491.571
142 0 44.0691 9.89355 436 67.9312 658.245 489.791
143 0 45.0705 11.5597 521 66.6583 657.856 489.393
144 0 46.069 10.9618 505 67.7327 658.216 488.311
145 0 46.086 10.9795 506 68.3577 658.33 487.615
146 0 49.0801 11.145 547 67.3729 657.872 488.38
147 0 54.1376 12.7823 692 65.7182 658.389 487.098
148 0 51.0579 11.7122 598 68.6522 658.259 485.866
149 0 55.0732 12.2564 675 66.8281 658.56 486.178
150 0 56.1125 12.3858 695 67.9511 658.609 483.568
151 0 57.0366 11.0105 628 68.9363 657.562 485.225
152 0 60.0497 12.8227 770 66.9649 657.242 480.958
153 0 61.1031 11.4888 702 68.5228 658.283 482.09
154 0 63.1325 11.3254 715 68.772 658.794 479.973
155 0 66.088 12.3926 819 67.3956 659.313 479.563
156 0 66.0621 10.475 692 69.6792 658.448 478.324
157 0 70.0687 12.5734 881 66.9353 659.064 475.221
158 0 73.0709 12.9326 945 66.1217 659.145 474.984
159 1 34.019 8.70103 296 69.6486 659.26 495.318
160 0 36.0179 9.93949 358 68.0894 659.02 494.145
161 0 37.0708 10.979 407 66.9656 659.354 493.224
162 0 37.1524 9.79748 364 69.5742 658.799 491.679
163 0 38.0643 11.2178 427 67.9883 658.536 492.159
164 0 42.0184 11.138 468 67.4594 658.269 490.344
165 0 44.0616 10.9619 483 67.1387 658.555 492.135
166 0 43.0511 10.6385 458 69.0328 658.71 490.681
167 0 48.0725 12.0027 577 66.7192 658.827 490.026
168 0 49.0526 12.4356 610 65.859 658.687 489.821
169 0 49.0804 10.2689 504 69.2718 657.712 489.188
170 0 51.0346 12.952 661 65.6914 657.962 488.204
171 0 50.0131 10.8771 544 69.6029 658.101 487.206
172 0 53.0716 12.1911 647 66.9907 658.796 487.116
173 0 55.1452 11.9684 660 67.9939 658.918 483.33
174 0 56.0934 11.0173 618 68.9353 659.118 485.867
175 0 59.0696 10.8855 643 67.7667 657.939 486.443
176 0 60.0326 10.7941 648 69.0278 658.264 483.421
177 0 61.0442 11.2869 689 68.6343 658.73 482.682
178 0 66.0481 9.9473 657 70.1857 658.875 480.174
179 0 64.1926 10.7333 689 69.9521 659.013 479.753
180 0 67.1278 11.0535 742 70.1819 659.124 476.96
181 1 33.0218 10.9625 362 66.9558 658.566 497.025
182 0 35.1394 9.76113 343 67.9417 658.845 495.102
183 0 34.0076 10.086 343 68.484 658.936 495.303
184 0 35.0729 9.89367 347 68.4697 658.602 494.622
185 0 38.0545 10.5375 401 66.7257 657.863 494.192
186 0 37.0524 9.93188 368 68.4674 658.462 492.647
187 0 38.0497 9.43504 359 68.9554 658.599 491.866
188 0 42.027 11.6592 490 64.6245 658.363 492.896
189 0 42.0845 12.0234 506 65.2016 658.445 489.542
190 0 44.0544 10.5778 466 66.8734 658.292 487.182
191 0 44.0365 8.99255 396 68.9596 657.682 486.146
192 0 47.1232 10.5044 495 65.8182 657.279 487.218
193 0 48.1049 11.4126 549 65.5355 657.719 485.503
194 0 50.071 11.8632 594 65.0707 658.236 483.333
195 0 52.0649 10.8902 567 65.5944 657.767 484.504
196 0 53.0218 12.1837 646 64.3978 658.628 483.011
197 0 56.1726 10.9128 613 65.646 659.02 483.17
198 0 59.0678 10.9027 644 65.2267 658.427 483.348
199 0 60.1521 11.0886 667 65.5217 658.165 481.757
200 0 61.1001 12.2749 750 64.3107 657.949 479.459
201 0 66.1057 11.2093 741 64.1957 658.378 481.03
202 0 66.1028 9.4701 626 67.3578 658.503 479.633
203 0 66.0552 8.52318 563 68.6838 658.524 478.329
204 0 70.0616 10.0055 701 66.6262 657.986 479.09
205 1 35.0378 9.58963 336 65.4315 657.932 493.872
206 0 35.0264 9.47857 332 65.5151 658.358 494.837
207 0 38.0091 11.3657 432 61.9144 658.113 492.301
208 0 38.0293 9.96599 379 63.3615 657.42 493.475
209 0 40.0434 9.83932 394 62.4492 657.579 494.997
210 0 41.0363 8.60214 353 64.847 657.782 491.598
211 0 43.0576 9.52214 410 63.6927 658.285 490.205
212 0 42.0457 8.51455 358 64.9246 657.732 488.02
213 0 45.073 9.11855 411 62.9757 657.691 491.394
214 0 47.0739 9.36825 441 63.4195 657.959 485.921
215 0 48.019 10.3084 495 62.2586 656.596 486.451
216 0 49.0863 8.45449 415 63.759 656.311 487.937
217 0 51.0567 8.53953 436 63.3188 656.651 487.259
218 0 52.0435 9.76107 508 63.0295 657.043 482.793
219 0 54.0991 9.79684 530 62.8283 657.375 483.157
220 0 56.0861 11.001 617 60.9773 657.178 481.044
221 0 60.1121 11.046 664 60.7545 657.97 479.084
222 0 60.0756 9.77103 587 62.0221 657.722 480.153
223 0 64.0773 11.9387 765 59.434 658.388 479.158
224 0 64.0824 10.705 686 61.2624 657.64 476.569
225 0 68.0682 9.40234 640 62.0094 657.759 474.392
226 0 69.0787 9.82936 679 61.6274 658.286 473.128
227 0 72.2027 11.3154 817 59.6304 658.355 475.513
228 1 37.1269 8.83456 328 60.1951 658.034 494.171
229 0 36.1402 10.0996 365 60.0849 657.962 490.685
230 0 37.0215 10.6965 396 60.3813 658.51 488.139
231 0 39.0967 10.5891 414 60.0845 658.08 486.302
232 0 41.1111 11.7973 485 58.5691 658.649 486.375
233 0 40.0993 9.80066 393 60.6718 658.326 481.517
234 0 43.0305 10.3415 445 60.0472 658.571 481.049
235 0 45.0725 7.98713 360 62 658.264 480.919
236 0 48.0591 11.7564 565 57.9274 657.66 478.216
237 0 50.1039 11.6558 584 58.0377 657.663 474.818
238 0 50.1234 11.8907 596 58.1007 658.391 474.678
239 0 52.0894 10.4244 543 59.5138 658.33 474.599
240 0 55.0579 10.6615 587 59.0426 658.416 473.315
241 0 54.0625 12.3376 667 57.6492 658.241 471.727
242 0 55.2092 10.9945 607 59.0824 658.102 473.768
243 0 58.1489 11.1094 646 58.8328 657.828 469.526
244 0 59.2047 12.2119 723 57.9378 657.96 469.775
245 0 60.0798 9.92014 596 60.3876 657.879 470.034
246 0 62.051 10.6042 658 59.9483 657.775 469.188
247 0 66.092 10.9393 723 59.3347 657.43 470.375
248 0 67.1146 11.309 759 59.1752 657.585 465.976
249 0 68.0312 11.5535 786 59.2125 656.983 465.004
250 0 70.08 10.4595 733 60.4297 657.434 465.977
251 0 72.0586 9.7837 705 61.1206 657.502 464.162
252 0 76.1271 11.0604 842 59.5439 658.075 464.728
253 0 77.2326 11.2388 868 59.8652 657.212 463.632
254 0 78.0491 12.0821 943 59.0318 657.472 460.331
255 1 38.1799 11.5506 441 60.2766 657.603 480.823
256 0 40.0318 12.2902 492 60.5569 658.252 482.1
257 0 43.0288 12.0384 518 60.3475 658.639 482.166
258 0 45.1651 12.4211 561 58.9358 658.285 482.303
259 0 46.0563 13.071 602 58.4435 657.997 480.658
260 0 48.0359 12.4907 600 58.8117 657.69 480.515
261 0 50.2382 12.0426 605 58.8017 657.874 478.775
262 0 51.1955 13.0871 670 57.7448 657.949 478.128
263 0 50.0347 10.8924 545 60.6771 658.198 477.554
264 0 54.096 13.0693 707 57.8161 657.658 475.941
265 0 54.0897 13.1633 712 57.9157 657.593 475.271
266 0 56.0643 14.2158 797 56.389 657.887 474.918
267 0 56.1715 12.177 684 58.6243 657.766 476.101
268 0 61.09 12.899 788 57.2957 657.508 473.509
269 0 61.1469 11.4315 699 58.9928 657.996 472.714
270 0 62.0585 11.5536 717 58.9651 657.47 471.484
271 0 63.128 12.641 798 57.7895 656.94 472.044
272 0 67.0706 14.0151 940 55.9447 657.462 471.107
273 0 69.0338 12.4142 857 57.5158 657.718 468.204
274 0 71.0462 12.7382 905 56.8818 657.652 467.343
275 0 72.1208 13.2694 957 56.6437 657.397 465.933
276 0 77.087 12.9983 1002 56.4152 657.577 467.359
277 0 78.1115 12.495 976 57.335 657.905 465.097
278 0 80.1333 12.4792 1000 57.213 657.351 463.267
279 1 38.0624 10.2726 391 59.3504 657.376 484.575
280 0 40.0287 10.2926 412 58.335 656.891 486.422
281 0 41.3155 12.4167 513 56.9025 657.096 484.234
282 0 42.1743 10.7174 452 58.5243 657.126 484.695
283 0 44.152 13.227 584 57.0188 657.265 483.414
284 0 45.0519 10.4102 469 59.7036 657.284 482.484
285 0 47.1225 13.1572 620 57.1532 657.719 483.005
286 0 44.0548 10.9636 483 60.2754 656.549 481.145
287 0 50.0503 12.3476 618 58.4482 656.898 481.623
288 0 52.0722 12.1178 631 58.4216 657.081 481.997
289 0 55.1702 12.7786 705 57.7901 657.302 480.391
290 0 54.0257 13.0679 706 58.4773 656.595 478.367
291 0 58.0764 14.6187 849 56.3404 657.054 478.926
292 0 58.1418 14.3958 837 57.4719 656.419 477.695
293 0 60.0992 13.9103 836 57.8744 656.774 479.184
294 0 62.0419 12.7656 792 59.3333 656.962 476.552
295 0 63.1155 14.0061 884 58.3213 657.239 475.586
296 0 66.0543 11.6873 772 60.2267 656.584 471.934
297 0 68.085 12.0731 822 60.2482 657.428 475.085
298 0 70.0994 12.6535 887 59.5998 657.467 472.71
299 0 72.0648 12.1973 879 59.6678 656.746 475.588
300 0 77.0559 13.3799 1031 58.4694 656.562 474.06
301 1 38.0223 11.5985 441 59.0952 656.46 491.995
302 0 36.0787 10.8651 392 60.9413 656.416 490.977
303 0 38.083 12.1051 461 60.0499 656.82 489.816
304 0 40.0448 12.0615 483 59.9337 657.019 490.031
305 0 42.0603 12.4821 525 59.48 657.36 489.295
306 0 41.0136 11.5328 473 61.2791 657.008 488.461
307 0 41.0337 11.5759 475 61.3558 657.291 488.813
308 0 46.0701 13.4795 621 58.7697 656.741 487.517
309 0 47.0416 13.9239 655 58.8733 657.383 485.815
310 0 49.0916 13.6887 672 58.8408 657.445 486.21
311 0 49.0513 11.6205 570 61.5754 656.965 483.923
312 0 53.15 13.4713 716 59.1704 656.649 484.289
313 0 52.0701 10.7739 561 63.0766 656.462 483.777
314 0 54.0429 13.6003 735 59.9973 657.306 486.533
315 0 55.1581 13.1259 724 60.9378 657.769 484.919
316 0 58.0622 13.3994 778 61.0257 658.024 482.378
317 0 60.0661 13.3686 803 61.4134 657.519 478.999
318 0 60.1012 12.5122 752 62.6941 657.242 478.33
319 0 64.1081 11.8238 758 63.3575 656.846 480.307
320 0 65.1071 12.6714 825 62.9855 655.902 476.058
321 0 66.1644 13.0886 866 62.9988 656.277 477.167
322 0 71.0896 12.7867 909 63.2266 656.564 476.043
323 0 73.1052 12.9266 945 63.3228 656.527 478.186
324 0 74.2236 12.7049 943 64.3457 656.758 475.952
325 0 76.1823 11.8138 900 65.9611 656.466 474.502
326 1 41.0202 11.4578 470 64.5404 655.949 492.123
327 0 40.0528 11.2102 449 65.882 656.724 491.158
328 0 43.1309 13.8648 598 62.2174 656.883 492.54
329 0 44.0503 13.3938 590 63.1271 656.129 491.341
330 0 45.0219 14.1709 638 62.7633 655.724 488.759
331 0 46.0315 12.5132 576 64.6597 656.484 488.205
332 0 48.0724 12.7724 614 64.4739 657.031 488.137
333 0 49.0707 11.9623 587 65.7632 657.509 487.325
334 0 50.036 13.5502 678 63.9897 657.913 487.993
335 0 52.0501 12.9491 674 64.9421 657.763 484.834
336 0 54.0658 12.4663 674 65.7033 657.862 485.622
337 0 56.1363 13.1644 739 64.3221 657.263 484.756
338 0 57.039 13.9203 794 64.0844 656.958 483.843
339 0 61.0715 13.5251 826 63.6925 657.081 484.64
340 0 61.2441 12.6869 777 65.6384 657.206 482.776
341 0 64.0782 14.4043 923 63.7757 657.033 482.646
342 0 67.0681 11.958 802 66.9239 656.685 481.631
343 0 66.0972 12.9657 857 66.818 656.788 480.328
344 0 72.2042 13.171 951 66.2019 656.186 478.515
345 0 71.0924 13.9115 989 66.4884 656.734 478.814
346 1 38.041 10.5675 402 69.806 656.841 494.035
347 0 41.2754 12.4772 515 66.2214 656.299 494.981
348 0 39.0286 10.7614 420 71.1095 656.588 493.121
349 0 40.1313 12.3096 494 69.6599 656.617 492.342
350 0 43.0447 12.638 544 68.8493 656.726 492.002
351 0 45.0531 12.5851 567 68.5132 656.36 490.594
352 0 46.0296 11.9488 550 70.0764 656.313 489.089
353 0 45.1941 10.4881 474 72.5844 655.928 488.116
354 0 48.0961 12.8077 616 68.8653 656.339 488.315
355 0 49.0826 12.8355 630 68.881 655.629 488.048
356 0 51.0551 12.5746 642 69.0498 656.285 485.48
357 0 54.0901 12.8305 694 68.1628 656.001 485.31
358 0 54.0533 12.4507 673 69.1426 656.532 485.443
359 0 56.1123 9.89089 555 71.2613 656.867 486.155
360 0 60.1083 12.3777 744 67.0672 656.522 486.391
361 0 60.0396 11.5757 695 68.5842 656.724 485.237
362 0 63.1267 12.3403 779 68.2734 656.846 482.571
363 0 63.1604 12.5078 790 67.9582 656.846 482.823
364 0 67.0741 12.7769 857 67.0525 657.158 480.646
365 0 67.0728 12.5237 840 68.1988 657.59 479.47
366 1 34.0413 11.3685 387 66.7158 657.096 496.085
367 0 33.0464 10.3188 341 69.4487 656.886 494.815
368 0 37.0399 10.8532 402 67.7264 656.938 495.142
369 0 39.1719 12.1516 476 65.2479 656.702 494.616
370 0 37.0775 10.6803 396 69.798 656.583 491.747
371 0 39.0528 11.5485 451 68.337 656.794 490.339
372 0 39.044 11.9609 467 68.531 656.955 490.229
373 0 42.0621 11.9823 504 68.1766 656.688 490.498
374 0 39.049 9.93623 388 72.3222 656.441 488.874
375 0 44.035 11.7179 516 68.8682 657.068 490.475
376 0 46.03 11.4708 528 69.0795 657.358 487.777
377 0 46.0304 12.2093 562 68.879 656.899 486.315
378 0 49.0704 11.7179 575 69.1043 656.918 488.897
379 0 51.1255 13.3984 685 67.2978 657.615 485.737
380 0 52.0182 11.3422 590 70.5627 658.049 484.198
381 0 54.0575 12.3942 670 69.091 657.761 483.322
382 0 55.0358 10.7566 592 71.8564 657.203 482.804
383 0 58.1869 12.4942 727 68.9876 657.308 480.549
384 0 60.0527 12.3891 744 68.6976 656.883 480.397
385 0 62.3144 12.806 798 68.2957 656.461 479.135
386 0 62.1869 11.2564 700 70.75 656.906 477.934
387 0 66.0647 10.1718 672 72.4598 656.647 473.838
388 0 68.0401 11.7284 798 70.1178 656.719 475.347
389 0 72.0777 13.7074 988 67.2277 657.298 474.122
390 0 75.1105 12.6214 948 68.6857 656.752 473.102
391 1 38.0254 9.91444 377 71.3263 657.252 486.923
392 0 41.0108 11.2409 461 68.6486 657.692 491.529
393 0 41.055 10.9609 450 69.4489 657.478 487.66
394 0 44.0361 12.785 563 66.9165 656.661 486.583
395 0 45.0491 10.1445 457 70.2888 656.965 484.201
396 0 48.0411 12.2812 590 66.1627 656.82 485.812
397 0 49.0789 11.2268 551 68.3339 656.543 482.581
398 0 51.0443 11.97 611 66.3748 657.077 485.545
399 0 53.1811 10.5865 563 68.5169 657.204 481.663
400 0 58.0434 12.7835 742 64.0701 656.906 481.714
401 0 56.0415 12.7227 713 65.2216 656.942 478.781
402 0 55.1522 10.7883 595 67.5513 656.862 480.168
403 0 58.0508 10.6975 621 66.9452 656.923 477.654
404 0 63.1756 10.7478 679 65.9882 656.315 475.118
405 0 64.1082 11.9485 766 63.5379 656.885 477.116
406 0 66.0673 11.4731 758 65.1412 657.367 472.773
407 0 67.1568 12.9399 869 63.504 657.083 471.153
408 0 71.0541 11.8361 841 64.1795 656.968 471.558
409 0 72.1459 11.851 855 64.7708 657.799 467.787
410 0 75.1449 10.3134 775 65.5768 657.088 470.107
411 1 37.0299 12.0173 445 62.2854 656.721 484.775
412 0 37.0594 11.0093 408 63.8995 656.718 483.26
413 0 41.0922 12.6058 518 61.5695 656.809 482.301
414 0 42.0816 10.3133 434 64.1198 656.329 480.357
415 0 42.1388 10.323 435 64.2598 656.664 480.68
416 0 45.0423 10.0794 454 64.4692 656.901 479.714
417 0 45.0204 10.9728 494 64.3968 657.245 479.168
418 0 48.0571 11.9858 576 62.4219 657.217 479.946
419 0 49.0742 11.1464 547 63.3729 657.34 478.457
420 0 50.1356 13.2241 663 61.546 657.136 476.799
421 0 52.0419 11.4523 596 63.3473 656.785 475.428
422 0 52.0292 12.0317 626 63.0767 658.021 477.035
423 0 54.1049 10.8123 585 64.0718 657.957 476.174
424 0 56.1013 11.0693 621 63.5395 658.1 476.316
425 0 57.0684 12.266 700 62.3214 657.731 472.35
426 0 61.0446 12.6629 773 61.3829 657.277 472.542
427 0 62.0732 11.2931 701 62.893 657.738 473.917
428 0 63.0629 11.3537 716 62.8282 657.975 469.966
429 0 66.1602 13.0894 866 60.5774 657.867 468.202
430 0 68.066 10.7543 732 63.2309 658.116 468.082
431 0 70.0778 12.372 867 60.7428 658.028 469.633
432 0 74.0389 11.9937 888 60.8615 658.2 464.972
433 0 76.1032 13.232 1007 59.1698 658.227 466.448
434 0 80.2477 13.2465 1063 58.6021 658.291 463.011
435 0 82.0499 12.2608 1006 59.5596 657.438 463.891
436 0 84.1147 11.413 960 60.6042 656.935 460.864
437 1 40.0182 11.7946 472 59.072 657.629 485.78
438 0 43.0561 13.6566 588 56.8537 658.109 484.526
439 0 43.0204 11.6921 503 59.4215 657.845 483.702
440 0 45.078 13.2215 596 58.0319 657.883 483.832
441 0 46.1259 13.3981 618 57.1699 657.71 482.956
442 0 47.0679 13.1087 617 57.752 657.768 482.337
443 0 49.0819 13.0191 639 57.9155 657.599 481.704
444 0 50.0617 12.8042 641 58.5772 657.981 479.164
445 0 51.0245 12.053 615 58.8846 658.176 481.787
446 0 52.0652 11.428 595 60.1294 658.257 477.617
447 0 55.0575 13.3134 733 57.9973 658.181 477.131
448 0 57.1234 10.7136 612 60.4967 657.665 476.142
449 0 57.0488 11.2009 639 60.011 658.653 478.46
450 0 58.061 10.3856 603 61.539 658.37 475.526
451 0 64.0437 11.2892 723 59.8824 658.133 475.517
452 0 64.1638 11.7823 756 59.7474 658.368 476.62
453 0 67.0391 11.2472 754 60.1008 658.107 474.3
454 0 67.0359 10.5764 709 61.0381 658.378 472.667
455 0 72.2826 11.4135 825 59.9067 658.015 469.747
456 0 74.0865 10.9602 812 60.2155 657.388 470.749
457 0 77.1663 10.8337 836 60.7883 658.138 468.144
458 1 37.0428 11.9052 441 59.1701 657.871 487.823
459 0 38.0266 10.8345 412 60.4272 658.177 487.172
460 0 39.0324 11.9132 465 59.8172 658.054 486.677
461 0 39.0347 9.73493 380 62.4421 658.503 486.405
462 0 40.0133 11.7961 472 60.1843 658.246 485.617
463 0 45.0705 13.2015 595 58.5496 658.116 483.928
464 0 46.0291 11.3841 524 60.395 657.664 482.166
465 0 49.1804 8.92632 439 61.7722 657.683 486.718
466 0 49.0794 11.4916 564 60.766 657.589 481.418
467 0 51.1376 10.7553 550 61.4345 658.124 481.815
468 0 52.165 13.9749 729 58.1852 657.786 481.204
469 0 52.1653 11.5594 603 61.2968 657.857 481.572
470 0 53.1919 11.1671 594 62.2761 657.899 478.978
471 0 55.1056 12.7755 704 60.6562 658.533 478.018
472 0 57.0568 10.0251 572 63.3636 658.453 476.743
473 0 61.0415 10.5994 647 62.4451 658.382 476.019
474 0 64.1123 11.3395 727 61.238 658.513 476.201
475 0 66.0548 14.4728 956 58.1998 658.187 474.878
476 0 71.1062 11.6586 829 60.6152 658.229 475.112
477 0 71.0264 14.0793 1000 59.159 657.556 472.887
478 1 38.128 10.2287 390 62.1308 657.69 489.033
479 0 39.1011 11.5086 450 60.3978 657.52 489.889
480 0 40.0852 11.6502 467 60.3683 657.775 488.775
481 0 42.1457 10.179 429 62.4592 657.83 485.851
482 0 45.0561 12.4512 561 58.9875 657.216 488.478
483 0 43.0482 10.4069 448 62.9554 657.737 484.605
484 0 47.0558 11.582 545 61.1431 657.989 485.95
485 0 49.0776 12.7349 625 59.5552 658.725 485.774
486 0 51.0631 11.6131 593 60.8044 657.858 482.282
487 0 54.044 12.1753 658 60.3602 658.236 479.76
488 0 53.0974 10.6597 566 62.4435 658.193 480.097
489 0 58.0786 11.7599 683 60.8082 659.07 481.71
490 0 59.1114 12.2311 723 60.758 659.259 478.744
491 0 60.0861 11.6499 700 61.3614 658.906 477
492 0 62.1938 11.03 686 62.3047 659.28 478.007
493 0 64.1481 12.0502 773 61.3364 658.138 474.653
494 0 66.1334 10.7056 708 62.4393 658.492 475.826
495 1 32.0272 10.5848 339 61.351 658.811 491.906
496 0 36.0468 11.7902 425 59.7294 659.132 490.473
497 0 35.0293 10.4199 365 61.8055 658.945 489.299
498 0 35.0565 11.2961 396 61.7146 659.477 487.667
499 0 45.0609 13.049 588 56.767 659.022 489.939
500 0 38.0584 11.6926 445 61.2539 658.789 485.063
501 0 47.0666 11.2606 530 58.6509 659.145 489.442
502 0 44.1054 11.6993 516 59.9264 658.667 483.719
503 0 44.0574 10.509 463 61.6048 658.188 483.313
504 0 48.1146 12.5534 604 58.4487 658.346 484.184
505 0 49.1055 12.7481 626 58.5687 658.07 482.586
506 0 52.0663 11.1781 582 59.5893 658.103 481.259
507 0 49.0562 11.3951 559 60.6673 658.335 478.37
508 0 52.2024 11.9726 625 59.4416 658.358 479.858
509 0 57.0586 13.4774 769 57.433 658.272 477.137
510 0 60.059 11.2722 677 59.3634 658.105 477.554
511 0 61.1883 10.9661 671 59.4083 658.243 476.957
512 0 63.1391 12.8605 812 57.7167 658.522 474.365
513 0 66.0836 13.1349 868 57.1878 657.934 473.438
514 0 68.236 12.2663 837 58.19 658.626 473.473
515 0 71.3871 11.2345 802 58.9252 658.948 472.842
516 0 72.117 12.5491 905 59.2033 657.949 469.322
517 0 76.077 11.7644 895 60.4034 658.387 464.008
518 1 42.0672 7.32162 308 61.6071 658.471 488.052
519 0 47.179 8.35117 394 59.099 658.363 489.853
520 0 39.059 11.5722 452 58.6637 658.67 484.314
521 0 40.1571 10.2597 412 60.5631 658.563 483.398
522 0 42.1088 12.1115 510 58.2294 658.424 483.931
523 0 50.1389 8.19722 411 62.0341 658.022 482.297
524 0 53.2125 10.5802 563 58.1155 658.085 485.234
525 0 53.1366 7.94179 422 62.4123 658.173 481.168
526 0 47.0565 11.3055 532 59.2556 657.59 482.288
527 0 47.0638 11.58 545 59.9541 657.198 479.215
528 1 58.1937 10.4135 606 58.8779 657.47 478.616
529 1 48.0616 12.692 610 58.7492 657.949 478.367
530 0 47.0754 12.0445 567 59.7196 657.866 479.818
531 0 46.0743 11.4163 526 58.9373 657.171 482.011
532 1 15.0038 4.93207 74 48.2162 656.378 505.257
533 0 11.0127 3.72299 41 47.4878 656.073 502.439
534 0 10.0042 3.39856 34 49.1471 656.824 505.294
535 0 13.0782 5.27594 69 47.2754 656.696 504.551
536 0 12.0021 10.9148 131 45.1985 657.191 503.198
537 0 14.0631 4.90645 69 48.2174 657.174 504.275
538 0 12 1.5 18 52.2222 657.278 506.222
539 1 4 6.5 26 46.3462 657.346 498.615
540 0 11.0125 11.5323 127 44.6299 657.496 502.669
541 0 10.0302 6.38073 64 47.7969 656.844 503.656
542 0 14.0257 5.27603 74 48.5811 655.878 503.23
543 0 11.009 3.45172 38 51.1053 656.316 504.605
544 0 10.002 5.69886 57 48.6316 656.158 502.789
545 0 14.0684 8.52975 120 46.6667 656.375 502.658
546 0 13.0169 2.99611 39 50.2564 656.513 503.846
547 0 14.0603 7.75234 109 48.3945 657.101 502.789
548 0 16.0609 8.15645 131 47.8931 656.779 503.046
549 0 13.0016 3.23038 42 51.8333 656.095 505.548
550 0 16.0256 7.11363 114 48.9912 656.772 503.061
551 0 16.0227 4.24399 68 51.5588 657.221 505.382
552 0 16.0027 6.31145 101 49.0297 657.04 506.386
553 0 15.0347 5.91964 89 50.7865 657.034 505.236
554 0 17.0257 9.63252 164 47.75 657.043 503.317
555 0 15.006 4.86471 73 50.7671 656.808 504.986
556 0 18.0346 11.5889 209 45.9091 657.373 503.306
557 0 16.0029 7.6861 123 48.7154 656.821 503.488
558 0 19.0995 9.84318 188 46.867 657.176 501.989
559 0 17.0085 7.52566 128 48.4062 656.531 503.969
560 0 17.0339 7.04479 120 48.2833 656.858 505.125
561 0 17.1657 6.99067 120 47.3583 657.05 502.958
562 0 18.0438 8.03599 145 47.9241 656.972 505.607
563 0 14.0071 3.71241 52 51.2115 657.423 505.981
564 0 18.0352 6.59822 119 47.9748 657.21 505.454
565 0 17.013 9.99235 170 47.3412 657.753 505.547
566 0 19.015 7.83592 149 48.4631 657.497 504.926
567 0 16.0072 7.74652 124 49.5323 656.96 505.952
568 0 19.0156 7.09942 135 49.9407 656.563 504.904
569 0 17.0048 7.52727 128 48.8672 655.945 501.906
570 0 17.0283 8.10418 138 48.4493 656.312 502.442
571 0 16.0655 4.04594 65 52.2769 656.431 505.877
572 0 16.0187 3.68319 59 52.2881 657.424 505.576
573 0 18.079 6.5269 118 50 656.686 505.415
574 0 18.0256 7.8777 142 49.4155 656.901 506.387
575 0 18.0783 6.2506 113 50.5133 657.195 505.221
576 0 17.0215 5.22868 89 51.4494 657.539 505.64
577 0 19.008 8.25966 157 49.1656 657.382 503.261
578 0 20.0073 8.04705 161 48.6398 657.379 505.404
579 0 19.0087 10.5741 201 48.1244 656.672 504.179
580 0 19.0075 10.8905 207 48.029 656.792 504.454
581 0 17.0366 6.16319 105 51.0381 656.352 507.305
582 0 18.053 4.87453 88 51.875 656.216 506.057
583 0 19.0706 6.55459 125 51.128 655.736 503.584
584 0 21.0149 7.18539 151 49.9801 655.887 504.801
585 0 18.0189 7.65864 138 50.2899 655.819 504.348
586 0 19.0622 11.3838 217 47.1751 655.959 504.171
587 0 19.0423 5.56655 106 52.3396 656.792 504.66
588 0 21.0601 7.16996 151 50.4834 656.51 506.338
589 0 18.0502 8.03317 145 50.3517 656.462 506.09
590 0 19.1063 8.32185 159 50.5346 656.73 503.899
591 0 17.0056 4.82195 82 53.2317 656.537 504.817
592 0 18.0036 7.22076 130 51.5615 656.823 503.585
593 0 18.1167 4.8022 87 53.931 656.885 505.253
594 0 19.0152 9.30835 177 50.4237 656.915 503.746
595 0 17.0682 5.39014 92 53.2935 656.348 504.37
596 0 19.0355 6.04136 115 51.6522 657.026 504.913
597 0 21.045 4.9418 104 52.4904 656.269 507.269
598 0 19.0981 5.02668 96 52.9583 656.615 504.906
599 0 20.0577 7.12943 143 50.6783 656.566 504.657
600 0 18.11 6.07398 110 52.2636 656.8 506.427
601 0 19.0096 5.47091 104 53.5673 657.26 507.192
602 0 18.0011 3.61089 65 54.3077 656.415 507.938
603 0 20.0128 7.69509 154 51.5065 657.084 505.084
604 0 19.0605 9.07636 173 51.0809 656.52 504.821
605 0 20.0927 6.56954 132 52.4697 657.182 505.402
606 0 20.0396 7.98417 160 52.5125 657.162 502.981
607 0 21.1729 6.70669 142 53.6479 656.113 503.908
608 0 20.0274 6.99042 140 54.1071 657.136 503.057
609 0 19.0729 6.02949 115 54.1043 656.843 504.096
610 0 20.0511 6.83255 137 54.5109 656.628 503.161
611 0 22.0184 7.62997 168 53.3512 656.28 505.06
612 0 20.0573 7.92731 159 54.0566 655.956 503.082
613 0 20.0101 8.14589 163 52.908 656.147 505.503
614 0 20.0354 6.53844 131 55 655.947 505.832
615 0 21.1095 7.29531 154 54.2013 657.013 503.273
616 0 23.0054 7.7373 178 55.0506 656.191 503.854
617 0 21.0046 7.76019 163 55.454 656.65 504.681
618 0 23.0191 8.3409 192 55.1771 655.844 504.38
619 0 23.0207 7.25433 167 56.7485 655.701 503.156
620 0 22.0507 8.52581 188 55.9628 656.277 500.277
621 0 24.1062 6.47136 156 58.0962 656.596 505.635
622 0 21.1054 7.15456 151 59.6424 657.159 504.298
623 0 24.081 8.92819 215 57.6326 656.926 504.205
624 0 24.0169 8.07764 194 60.1804 656.928 504.763
625 0 25.026 10.0295 251 59.5259 656.92 505.821
626 0 26.1943 11.2238 294 60.7109 656.531 505.017
627 1 153.53 3.7973 583 61.8782 657.528 457.465
