time division length width area intensity CMx CMy
0 0 50.0811 12.3999 621 63.0419 717.779 490.391
1 0 53.0559 13.1371 697 63.802 717.197 488.492
2 0 55.088 13.4149 739 64.3816 718.142 487.943
3 0 57.08 13.1219 749 67.239 717.55 487.401
4 0 58.0791 12.7585 741 69.1687 718.35 486.286
5 0 58.0791 12.724 739 142.436 719.345 486.288
6 0 61.0718 13.3122 813 71.5904 718.445 484.188
7 0 62.0967 13.1086 814 73.9742 718.122 484.612
8 0 64.1059 12.9005 827 75.6421 718.164 483.958
9 0 67.0897 13.072 877 76.9236 718.519 482.942
10 0 69.1213 13.8452 957 77.302 717.901 482.13
11 0 71.0602 12.6935 902 79.5188 717.361 480.897
12 0 73.1264 12.6083 922 82.2527 718.1 478.844
13 0 75.0625 13.4555 1010 82.0416 717.241 476.88
14 0 79.0594 12.5349 991 85.3128 716.821 475.549
15 0 81.063 13.249 1074 84.0065 716.261 475.296
16 1 44.0266 11.8792 523 86.1683 717.231 494.434
17 0 46.0144 11.9528 550 86.9345 716.92 492.835
18 0 46.0185 12.3211 567 89.4374 716.721 492.36
19 0 48.0419 13.0927 629 87.5739 716.626 491.003
20 0 48.0234 11.7026 562 79.6281 715.116 488.518
21 0 48.105 12.4727 600 84.8667 715.708 491.258
22 0 52.1029 13.339 695 81.7424 714.921 491.092
23 0 54.0664 12.7066 687 82.786 715.801 489.499
24 0 57.092 13.3994 765 81.2575 715.725 490.098
25 0 57.1794 12.8193 733 84.8881 715.532 486.947
26 0 60.1322 12.3228 741 85.8637 715.821 485.81
27 0 61.2044 13.4141 821 85.7028 715.849 485.163
28 0 64.1019 13.6813 877 85.2497 715.694 485.057
29 0 65.0844 13.5516 882 87.4433 715.073 484.518
30 0 69.089 12.9977 898 88.6949 714.833 482.561
31 0 71.1082 13.163 936 89.1699 715.446 482.399
32 0 73.0847 14.2985 1045 88.3943 714.746 481.944
33 0 76.0757 14.341 1091 89.1302 714.26 480.438
34 0 79.0592 14.4069 1139 89.4688 714.437 479.894
35 0 83.0956 14.6458 1217 88.7313 715.059 479.045
36 0 86.1303 14.3852 1239 89.4592 715.249 476.341
37 0 88.0946 14.8363 1307 88.3604 714.597 474.426
38 0 89.1282 14.1706 1263 91.2724 714.677 474.18
39 0 93.1225 14.1212 1315 90.9916 714.405 472.19
40 0 98.0532 15.2978 1500 94.0673 714.394 469.127
41 0 101.255 14.1623 1434 95.0927 714.51 468.029
42 0 105.178 14.0429 1477 93.4076 714.502 467.703
43 1 54.0762 11.9276 645 90.8667 715.474 492.546
44 0 56.1098 12.2438 687 88.2999 715.191 491.354
45 0 59.0684 13.5775 802 85.8579 714.276 489.153
46 0 60.0858 13.1146 788 86.3388 715.09 487.896
47 0 60.1607 13.4972 812 89.2525 713.788 486.415
48 0 63.1198 13.4823 851 87.8308 714.342 485.719
49 0 65.0829 13.1678 857 88.2474 714.133 484.632
50 0 67.1388 13.7179 921 85.4039 714.038 483.737
51 0 70.1914 13.2495 930 87.4441 714.134 482.848
52 0 73.132 13.5645 992 84.8972 714.968 481.304
53 0 74.1292 13.5439 1004 86.0189 714.419 480.475
54 0 76.1993 12.861 980 88.1 714.976 478.617
55 0 80.238 13.0487 1047 86.4374 714.791 477.46
56 0 81.2261 13.2593 1077 88.1402 715.482 476.022
57 0 83.1643 12.7098 1057 89.4986 715.281 473.07
58 0 89.0885 13.6157 1213 87.1187 715.248 472.565
59 0 89.1606 13.0663 1165 88.3888 716.249 472.226
60 0 94.1565 14.221 1339 85.5258 715.42 470.243
61 0 97.1491 13.2786 1290 87.4612 715.302 470.785
62 0 100.176 13.127 1315 87.111 715.059 466.594
63 1 50.1441 11.5068 577 84.3362 716.075 493.118
64 0 52.1444 12.1202 632 84.6044 715.718 491.862
65 0 54.1281 12.7845 692 83.7442 716.072 490.773
66 0 56.0411 12.0804 677 83.3397 714.518 490.052
67 0 58.0835 12.878 748 81.7433 714.797 489.115
68 0 59.0953 12.4545 736 81.841 714.931 488.178
69 0 59.0801 12.5423 741 82.5047 715.045 487.312
70 0 62.1437 12.2136 759 81.0817 715.213 487.486
71 0 65.0678 12.4947 813 80.6863 715.037 484.643
72 0 68.0887 12.5425 854 80.0082 715.102 483.988
73 0 69.0735 12.9862 897 79.6912 715.283 482.696
74 0 73.095 12.7916 935 78.8674 715.661 482.092
75 0 74.1773 13.2386 982 78.3218 715.762 483.233
76 0 78.2263 13.1414 1028 77.9465 715.41 480.873
77 0 79.1592 12.6833 1004 79.5349 715.287 479.527
78 0 81.1637 13.2325 1074 78.6173 715.311 477.439
79 0 85.1601 13.3161 1134 78.3783 715.68 475.786
80 0 87.1826 13.0072 1134 78.6305 716.254 475.4
81 0 89.2226 12.5865 1123 79.8281 715.954 473.95
82 1 49.0729 11.6969 574 79.4425 716.746 494.446
83 0 51.0579 12.7894 653 76.3354 715.326 491.599
84 0 51.1121 11.8367 605 78.081 714.716 493.026
85 0 51.0665 12.2585 626 75.5224 714.212 493.062
86 0 50.067 12.0838 605 77.0479 715.783 492.922
87 0 52.0375 11.5686 602 77.6179 715.752 493.211
88 0 53.0984 11.4693 609 77.2151 715.967 492.273
89 0 55.023 11.8496 652 76.9831 714.844 489.6
90 0 57.0109 11.9275 680 76.7853 715.597 490.454
91 0 59.0211 11.9279 704 76.777 715.385 489.52
92 0 60.0526 11.8063 709 79.2313 714.807 488.339
93 0 63.0751 11.9064 751 77.6831 715.119 487.712
94 0 64.0878 12.3892 794 78.7922 714.768 485.442
95 0 67.1102 12.0846 811 80.3292 714.924 485.109
96 0 68.0617 11.8275 805 82.8795 714.583 481.53
97 0 70.0965 11.5983 813 81.155 714.502 483.22
98 0 74.0373 12.4397 921 79.7752 713.422 479.779
99 0 76.0804 11.8559 902 81.0898 714.154 479.971
100 0 78.0757 12.7697 997 81.8676 714.291 477.637
101 0 80.1221 12.0192 963 83.1018 715.046 476.85
102 0 83.0841 11.8675 986 83.1917 714.465 476.399
103 0 85.1031 11.915 1014 83.9122 714.681 475.259
104 0 89.1315 12.4984 1114 82.2199 714.94 472.873
105 0 92.0936 12.8999 1188 81.5126 715.323 469.564
106 0 95.0823 12.1263 1153 82.3426 715.183 467.916
107 0 100.049 13.1935 1320 80.5939 714.794 466.24
108 0 102.069 12.5406 1280 82.157 714.491 464.872
109 1 53.0362 10.8794 577 82.6499 715.891 491.281
110 0 54.0547 11.7659 636 82.9528 715.487 490.987
111 0 56.047 12.0435 675 83.5022 716.354 488.554
112 0 57.0887 11.2281 641 81.9204 715.153 489.619
113 0 58.0683 11.5898 673 81.37 714.881 488.681
114 0 59.1029 11.8268 699 82.5222 715.02 487.222
115 0 61.0809 11.8368 723 82.4122 714.694 485.165
116 0 62.0585 11.5536 717 85.1702 714.854 482.16
117 0 63.086 11.2386 709 84.7306 715.498 483.254
118 0 67.1761 11.6708 784 82.6441 715.605 484.037
119 0 69.1073 11.7933 815 82.508 715.863 483.152
120 0 70.1441 12.3603 867 82.1084 715.952 482.444
121 0 73.0876 12.1498 888 83.3682 714.566 481.365
122 0 76.072 12.383 942 82.4745 714.285 480.298
123 0 79.1502 12.9374 1024 80.0693 715.492 478.159
124 0 80.0543 12.4041 993 81.9144 716.02 475.446
125 0 81.0465 12.1042 981 82.3639 716.385 475.145
126 0 85.1065 12.3375 1050 81.4 715.709 475.09
127 0 86.0687 12.2693 1056 81.8305 716.099 475.121
128 0 90.0743 12.5008 1126 80.1226 715.901 474.694
129 0 93.2082 12.6598 1180 79.6059 716.392 472.462
130 0 93.1327 11.5856 1079 81.139 715.932 470.943
131 0 99.1749 12.4427 1234 78.1775 715.473 466.832
132 1 50.0258 10.2747 514 79.4553 716.21 492.623
133 0 52.0328 10.4742 545 79.055 716.642 491.899
134 0 55.1004 11.1615 615 78.7285 716.792 491.057
135 0 56.0632 11.5762 649 77.0185 715.202 490.536
136 0 58.0391 12.6811 736 73.9008 716.253 488.535
137 0 59.1569 12.1879 721 81.7448 715.671 488.035
138 0 57.1743 11.4037 652 78.2929 715.63 488.617
139 0 60.1129 12.1105 728 77.5014 715.201 489.907
140 0 62.1872 12.2855 764 77.1859 715.637 488.001
141 0 63.1282 11.5321 728 79.4011 714.816 489.765
142 0 64.1582 11.9392 766 80.9178 714.812 488.473
143 0 69.1558 12.6092 872 79.8727 715.313 487.029
144 0 70.1997 11.9944 842 81.0119 714.948 485.395
145 0 72.1734 12.3453 891 81.4523 715.037 486.231
146 0 76.2503 13.6262 1039 78.616 713.891 485.372
147 0 77.233 12.5464 969 81.1548 714.555 484.696
148 0 79.2475 12.3789 981 82.3721 713.931 481.902
149 0 83.2282 13.1926 1098 81.674 714.461 479.315
150 0 84.2111 13.0268 1097 82.8861 714.387 476.816
151 0 87.2395 12.5058 1091 83.6984 714.742 475.731
152 0 90.1888 12.8176 1156 83.0934 714.339 472.908
153 0 93.2215 12.5829 1173 82.0384 714.116 472.984
154 0 93.2111 11.7904 1099 87.2075 713.828 472.203
155 1 51.0521 11.5372 589 86.2445 714.61 493.52
156 0 52.0353 12.3378 642 84.296 714.905 492.721
157 0 54.0593 12.4493 673 83.6152 714.649 491.834
158 0 55.0702 12.1481 669 83.3572 714.735 490.904
159 0 57.132 12.1648 695 83.5626 714.767 490.458
160 0 58.0755 12.2943 714 84.5336 714.724 490.139
161 0 60.0423 11.8417 711 85.6667 715.257 487.294
162 0 62.0516 12.0061 745 84.3141 714.805 487.714
163 0 65.0863 11.7383 764 85.0013 714.712 485.903
164 0 67.042 12.2162 819 84.4921 714.175 483.678
165 0 68.036 12.17 828 84.5326 714.618 483.461
166 0 72.045 11.8953 857 84.1785 714.826 482.47
167 0 72.0469 12.5057 901 84.5938 715.219 481.572
168 0 76.0524 12.4782 949 84.2097 715.498 479.465
169 0 80.0822 13.4112 1074 81.9069 715.29 479.211
170 0 83.117 13.2825 1104 81.6196 714.664 478.076
171 1 43.0326 10.6663 459 80.5272 714.747 497.144
172 0 43.0292 10.9228 470 81.8723 714.949 495.062
173 0 46.051 11.0747 510 79.202 713.075 495.237
174 0 45.0157 11.9514 538 71.8773 713.552 495.171
175 0 47.0686 11.7488 553 72.0651 715.058 495.479
176 0 49.037 11.6851 573 71.3892 714.654 495.236
177 0 48.0141 11.8299 568 71.7077 715.364 494.727
178 0 53.0577 12.8351 681 69.8517 714.811 492.633
179 0 53.0417 12.1603 645 72.2636 714.975 492.229
180 0 53.0798 12.1704 646 72.2477 714.652 490.512
181 0 57.0331 12.3086 702 72.3932 714.567 490.664
182 0 58.1357 11.972 696 74.6106 713.927 489.339
183 0 58.0313 12.8724 747 75.9933 712.522 489.296
184 0 61.1148 12.8283 784 75.6735 712.939 488.351
185 0 62.0829 12.4672 774 76.9871 713.333 486.282
186 0 65.0759 13.1231 854 76.13 713.29 485.145
187 0 65.1931 13.3757 872 77.0092 713.233 486.567
188 0 69.0593 12.902 891 77.7789 713.348 484.733
189 0 71.0551 12.7084 903 79.5083 713.352 484.389
190 0 73.0647 13.0159 951 80.489 712.82 480.703
191 0 74.0887 12.62 935 81.7925 712.492 479.708
192 0 76.0345 12.8231 975 83.3795 711.961 479.196
193 0 79.0393 13.3858 1058 82.1701 712.175 478.538
194 0 80.0681 13.7508 1101 84.0327 711.773 476.865
195 0 83.0179 13.5513 1125 84.6373 711.996 476.64
196 0 88.0677 12.7516 1123 86.0481 712.685 476.319
197 0 86.0283 14.2976 1230 86.0886 711.545 473.594
198 0 89.065 13.2263 1178 87.938 712.001 472.848
199 0 91.0853 13.6685 1245 88.8932 712.291 471.811
200 0 94.058 13.6937 1288 88.3789 712.497 470.523
201 0 97.045 13.2207 1283 89.523 711.493 469.716
202 0 97.0252 13.244 1285 116.639 712.011 468.54
203 0 99.1428 12.8502 1274 114.197 712.513 467.289
204 0 105.127 13.4314 1412 112.68 712.03 465.598
205 0 107.115 12.8926 1381 109.949 712.419 464.28
206 0 112.195 13.0933 1469 110.02 712.647 462.609
207 0 112.185 12.5418 1407 111.662 712.562 458.989
208 0 116.11 12.8499 1492 105.983 712.538 458.812
209 0 118.12 12.7074 1501 106.694 712.993 456.73
210 0 123.23 13.2273 1630 106.339 712.645 455.133
211 0 124.177 13.5291 1680 106.341 712.572 454.095
212 0 129.12 13.7004 1769 109.429 712.68 451.267
213 0 133.188 13.2595 1766 110.025 712.01 448.851
214 0 135.21 13.2535 1792 109.707 711.915 445.95
215 0 142.163 14.1668 2014 104.545 711.66 440.88
216 0 151.34 14.1337 2139 101.709 712.568 436.03
217 0 153.404 13.6111 2088 103.991 712.003 433.477
218 0 159.53 14.1854 2263 101.612 711.421 434.205
219 0 163.454 13.8081 2257 103.307 712.061 433.268
220 0 166.418 13.5923 2262 103.756 711.612 430.831
221 0 172.458 13.9454 2405 103.252 711.375 427.126
222 0 177.612 13.8617 2462 104.223 711.839 424.968
223 0 181.437 13.6301 2473 104.928 711.684 421.365
224 0 189.483 14.2335 2697 103.954 712.148 418.618
225 0 194.486 13.5126 2628 105.49 712.169 413.325
226 0 201.608 14.2504 2873 106.955 712.002 411.908
227 0 207.608 14.1083 2929 110.436 711.35 411.9
228 0 212.582 13.8159 2937 112.1 711.423 409.462
229 0 218.592 14.2549 3116 112.069 711.544 404.86
230 0 226.539 14.4831 3281 112.072 711.576 402.697
231 0 234.475 14.2915 3351 112.178 711.38 398.984
232 0 240.787 14.4983 3491 112.255 710.867 395.139
233 0 249.617 14.0495 3507 114.796 711.546 388.195
234 0 257.597 14.1267 3639 115.74 711.307 382.522
235 0 329.712 10.8064 3563 121.623 711.399 373.422
236 1 309.692 10.2779 3183 121.317 711.4 385.278
237 0 303.425 10.3155 3130 119.828 710.655 368.957
238 1 84.1167 11.0442 929 95.9763 712.72 476.713
239 0 86.15 11.4452 986 91.4239 712.847 473.643
240 0 88.1222 11.0869 977 90.3562 712.971 474.949
241 0 92.1341 11.1794 1030 90.2126 712.597 473.045
242 0 95.1517 11.0665 1053 91.9782 713.098 471.618
243 0 98.2229 12.5531 1233 87.3593 712.526 469.65
244 0 102.078 11.9418 1219 89.3043 712.525 468.487
245 0 104.174 11.8359 1233 90.8564 711.867 465.325
246 0 108.131 11.9207 1289 98.3483 712.726 464.748
247 0 114.353 13.4321 1536 91.4167 712.618 457.396
248 0 113.276 12.3681 1401 100.857 712.198 458.108
249 0 111.19 11.215 1247 99.9302 712.568 459.943
250 0 116.234 11.7521 1366 100.411 712.222 459.29
251 0 127.377 12.5612 1600 100.602 712.682 452.933
252 0 129.312 11.8782 1536 101.786 712.757 449.329
253 0 132.306 11.9344 1579 103.877 712.414 447.685
254 0 137.289 12.1568 1669 102.431 712.169 446.346
255 0 139.273 12.0626 1680 102.513 712.218 445.714
256 0 144.361 12.7112 1835 103.333 711.942 441.068
257 0 148.187 12.383 1835 104.009 711.192 443.029
258 0 150.262 12.7244 1912 103.647 711.048 440.266
259 0 151.42 11.4846 1739 101.599 711.599 438.999
260 0 154.557 10.8374 1675 103.445 710.981 438.194
261 0 160.534 11.5614 1856 101.777 710.942 436.441
262 0 169.314 12.6983 2150 100.54 711.126 430.901
263 0 174.187 12.2742 2138 95.5388 710.159 429.458
264 0 179.224 12.4649 2234 97.5278 711.381 424.191
265 0 184.45 12.6538 2334 96.6971 712.422 422.064
266 0 191.319 11.8336 2264 96.9841 711.211 419.034
267 0 195.402 11.7552 2297 97.9404 711.915 414.411
268 1 156.489 10.7164 1677 96.684 711.371 436.605
269 0 159.467 11.0932 1769 97.1933 711.802 435.223
270 0 163.458 11.8318 1934 98.6375 711.746 430.331
271 0 166.415 11.6756 1943 100.328 711.753 428.625
272 0 169.425 11.5036 1949 101.29 711.46 425.706
273 0 176.448 12.1679 2147 100.857 710.973 424.397
274 0 181.505 12.0493 2187 100.801 711.678 423.834
275 0 187.475 12.1083 2270 100.785 712.192 421.237
276 0 192.443 12.1698 2342 99.5397 711.698 415.266
277 0 198.565 12.4644 2475 98.9471 711.679 415.048
278 0 203.521 12.4607 2536 99.1017 711.78 410.733
279 0 211.435 12.4199 2626 100.392 711.471 407.048
280 0 216.529 12.1277 2626 101.604 711.534 404.013
281 1 50.0951 9.32228 467 83.6702 714.968 490.128
282 0 53.0194 10.4679 555 82.4595 714.735 491.721
283 0 52.1022 10.94 570 74.3404 711.011 492.804
284 0 53.1079 10.1303 538 77.1673 711.115 493.413
285 0 52.0685 9.92923 517 79.0155 710.555 493.692
286 0 56.066 10.4876 588 77.3418 711.107 491.719
287 0 57.0403 10.0981 576 76.974 713.658 490.295
288 0 60.0386 10.36 622 76.291 713.479 489.822
289 0 58.0665 10.2124 593 77.9207 713.833 488.384
290 0 59.0288 8.91091 526 82.8308 713.177 488.245
291 0 60.0463 9.34278 561 81.3993 713.385 487.947
292 0 61.2317 8.7863 538 82.3699 711.639 488.158
293 0 64.0978 9.29829 596 81.7416 711.659 487.141
294 0 66.1159 8.28848 548 82.6442 710.812 486.79
295 0 69.0658 9.09278 628 80.1019 711.775 485.596
296 0 71.1701 8.89418 633 81.5245 712.897 482.562
297 0 71.1902 9.03215 643 113.006 711.888 482.386
298 1 40.0267 9.26882 371 76.1456 713.1 499.14
299 0 39.0194 9.58497 374 77.4064 713.294 498.572
300 0 40.0692 9.60838 385 77.5325 711.756 496.268
301 0 39.0446 8.65676 338 80.8225 710.192 498.213
302 0 39.0498 9.1934 359 81.7437 710.189 498.788
303 0 41.0343 8.74878 359 81.7827 710.412 499.298
304 0 42.0657 7.79733 328 82.4512 710.396 497.284
305 0 43.0431 9.31624 401 80.4264 709.409 495.367
306 0 43.0374 8.34159 359 82.7409 710.273 496.287
307 0 48.012 10.4141 500 80.802 709.51 494.822
308 0 51.0436 11.3824 581 78.4596 709.472 494.673
309 0 50.1 9.66068 484 82.812 709.395 494.647
310 0 52.0548 10.0279 522 82.3429 709.51 493.1
311 0 52.142 9.58919 500 81.34 710.48 492.956
312 0 53.0612 10.1392 538 82.9201 710.314 493.996
313 0 56.2167 9.53454 536 81.1567 710.412 493.739
314 0 59.0922 10.1198 598 80.097 710.329 492.96
315 0 59.0821 10.7308 634 85.5268 710.099 491.71
316 0 61.0464 10.7623 657 86.2344 709.464 491.265
317 0 62.1415 11.1037 690 84.3855 710.801 490.241
318 0 65.1445 11.2059 730 83.3863 709.689 489.547
319 0 66.1757 11.3032 748 83.0254 709.777 487.798
320 0 67.1563 10.8106 726 84.668 710.324 487.645
321 0 69.2305 10.8478 751 83.8336 710.342 486.126
322 0 73.1483 11.4699 839 82.8558 710.172 485.642
323 0 74.2302 11.8415 879 82.6906 709.582 485.25
324 0 76.17 11.2774 859 83.7846 710.043 484.661
325 0 78.2957 11.7376 919 85.6104 709.42 482.173
326 0 81.221 11.8073 959 86.0813 709.858 481.589
327 0 84.2043 11.5315 971 80.8373 710.248 480.812
328 0 84.1153 10.9968 925 83.5081 710.055 479.254
329 0 87.2125 11.2025 977 85.2671 710.473 479.423
330 0 92.1888 11.9863 1105 84.4977 709.797 477.265
331 0 92.1897 11.9536 1102 120.109 709.801 477.189
332 0 97.158 12.3819 1203 89.5503 709.883 472.913
333 0 101.104 12.4328 1257 87.8441 709.745 471.891
334 0 104.314 10.4013 1085 92.0138 710.638 469.463
335 0 110.292 11.3426 1251 89.45 710.285 469.178
336 0 110.207 12.1861 1343 93.7923 711.136 467.806
337 1 58.0216 11.0649 642 93.8832 712.269 493.481
338 0 59.0424 11.6357 687 92.8646 711.953 492.224
339 0 63.0555 11.5454 728 92.1731 712.004 491.625
340 0 64.0337 12.0561 772 90.5246 711.505 490.745
341 0 65.04 11.3315 737 92.2741 710.75 489.09
342 0 66.0362 11.6754 771 92.4838 710.707 489.064
343 0 67.073 12.0913 811 91.0358 711.043 487.206
344 0 68.0797 11.4865 782 93.6049 710.694 486.001
345 0 69.029 11.9515 825 92.0133 710.205 486.497
346 0 71.0391 12.5846 894 91.0996 710.32 483.465
347 0 72.0521 12.3799 892 91.0661 710.482 483.433
348 0 74.0611 12.4762 924 91.855 710.286 482.739
349 0 77.0891 12.6866 978 90.9294 709.642 480.379
350 0 77.1164 12.1894 940 88.4564 710.034 483.836
351 0 79.076 12.507 989 87.6764 709.841 482.913
352 0 82.1227 12.3108 1011 88.0504 709.527 481.971
353 0 83.0796 11.9644 994 87.8471 708.761 480.944
354 0 87.1457 11.7734 1026 85.6287 708.424 481.068
355 0 89.1001 11.4927 1024 85.6914 709.223 478.459
356 0 93.1267 12.3166 1147 84.1613 709.195 476.971
357 0 96.0846 11.2193 1078 84.8293 709.569 476.828
358 0 99.1461 11.3267 1123 85.0196 708.89 474.986
359 1 53.0524 11.1965 594 85.2559 709.503 495.374
360 0 54.0233 11.1433 602 84.907 709.188 495.204
361 0 56.0501 12.2926 689 90.1089 708.779 492.392
362 0 58.0887 11.4824 667 90.97 710.594 491.406
363 0 60.0271 11.5115 691 88.4834 710.392 492.391
364 0 61.1492 11.382 696 89.0934 710.77 490.638
365 0 64.1235 11.6338 746 87.1997 711.209 490.15
366 0 65.2367 12.217 797 86.3112 710.345 489.164
367 0 66.2923 11.4795 761 87.5112 709.796 487.641
368 0 70.2523 11.7576 826 86.7881 709.177 486.312
369 0 72.2514 11.9582 864 86.3322 709.443 488.171
370 0 72.285 11.6068 839 89.329 709.523 484.547
371 0 76.3096 11.8596 905 87.1713 709.067 482.814
372 0 79.2519 11.7095 928 87.0183 708.931 481.831
373 0 82.2171 12.1872 1002 86.512 709.876 482.163
374 0 83.1843 11.5527 961 89.0146 709.328 479.999
375 0 86.293 12.6546 1092 87.3342 710.332 477.985
376 1 44.073 10.823 477 81.6499 711.281 499.675
377 0 46.0123 10.9536 504 79.4464 711.544 499.151
378 0 47.0542 11.6249 547 77.9452 711.682 499.346
379 0 46.041 11.859 546 75.7729 711.28 499.604
380 0 47.0738 11.9175 561 77.4635 711.389 498.369
381 0 50.0684 12.7226 637 76.1413 710.758 497.418
382 0 51.1423 12.4946 639 82.2097 711.21 496.174
383 0 52.076 12.0977 630 89.2048 709.095 494.787
384 0 53.0599 12.3257 654 88.5245 709.229 493.546
385 0 54.0672 12.5584 679 89.6907 709.25 493.134
386 0 56.0871 13.4434 754 88.3183 709.737 491.483
387 0 58.1122 12.9233 751 88.5579 709.32 491.089
388 0 60.1297 13.1549 791 87.5664 709.784 490.703
389 0 61.1202 13.1708 805 88.0112 709.677 489.292
390 0 62.1837 13.042 811 89.4254 709.253 487.65
391 0 63.2003 12.6582 800 90.7138 709.182 486.372
392 0 62.1012 12.9144 802 91.8392 709.299 485.709
393 0 64.1112 13.1334 842 91.4774 709.276 484.529
394 0 67.1834 12.9496 870 91.8448 709.406 483.06
395 0 69.1819 13.3127 921 90.1531 709.86 482.95
396 0 70.1215 12.8919 904 93.1007 710.486 481.122
397 0 73.1734 13.2835 972 92.25 709.704 480.364
398 0 75.1288 13.0443 980 91.4622 710.006 481.689
399 0 75.1522 12.7075 955 92.9592 710.445 480.269
400 0 78.0899 12.5625 981 91.9837 710.153 477.55
401 0 81.1014 13.1071 1063 90.0367 709.716 472.268
402 0 85.0944 13.0443 1110 89.4324 709.656 472.808
403 0 88.2177 12.7072 1121 91.5941 709.401 470.351
404 0 91.1311 12.9923 1184 93.0617 709.72 469.665
405 0 95.0585 13.5706 1290 90.9845 709.519 470.923
406 1 47.0264 10.0582 473 87.4355 709.786 496.148
407 0 46.0352 10.5571 486 88.3477 712.743 495.7
408 0 49.0891 10.98 539 82.0538 711.714 496.265
409 0 49.0238 10.5663 518 80.7162 711.624 495.49
410 0 50.0032 10.6993 535 81.2505 711.624 493.325
411 0 50.03 11.0733 554 81.2834 711.486 492.691
412 0 52.0417 11.3947 593 81.0759 710.874 493.452
413 0 54.01 10.5906 572 81.4545 711.362 491.166
414 0 55.0219 10.2141 562 81.5605 710.907 491.427
415 0 56.0477 9.79522 549 81.9399 709.98 489.971
416 0 61.1161 10.8155 661 79.6566 711.927 487.737
417 0 63.027 10.6145 669 79.0942 709.8 487.481
418 0 64.0715 9.83277 630 81.3079 709.517 485.64
419 0 67.0688 10.4221 699 79.927 709.089 484.139
420 0 70.0406 11.065 775 80.1006 709.756 481.862
421 0 72.0797 10.6965 771 85.1971 708.536 480.064
422 0 75.0653 10.9238 820 85.0915 709.221 479.459
423 0 77.1245 10.5803 816 85.8125 710.583 477.392
424 0 79.1384 10.1973 807 88.4808 709.68 475.314
425 0 84.186 10.8332 912 87.295 708.837 473.848
426 0 84.1312 10.2102 859 89.5949 708.49 472.09
427 0 89.1758 10.8438 967 87.818 709.127 470.206
428 1 48.1242 9.78718 471 89.0573 709.8 491.858
429 0 49.3547 9.44186 466 89.206 710.536 488.903
430 0 46.2901 10.2614 475 90.2568 709.615 488.385
431 0 48.1102 9.64453 464 91.7694 709.338 488.371
432 0 52.1302 10.0134 522 90.8774 708.657 487.944
433 0 49.0532 8.96985 440 86.8477 709.639 488.509
434 0 51.0751 8.51688 435 86.8138 709.69 486.322
435 0 57.0866 10.7731 615 83.0813 710.61 489.753
436 0 57.0856 10.7032 611 108.044 711.589 489.715
437 0 61.0742 10.1843 622 84.8087 709.635 487.656
438 0 64.0819 10.5958 679 84.162 708.561 484.748
439 0 66.0639 10.3839 686 84.7099 708.136 484.841
440 0 71.205 12.3165 877 80.2657 709.518 485.279
441 0 73.1076 12.4611 911 81.3578 709.16 484.897
442 0 75.1356 12.3377 927 81.0874 710.561 484.02
443 0 79.0996 11.8964 941 81.6408 710.918 482.325
444 0 80.0907 12.1612 974 81.8224 711.139 481.535
445 0 84.172 11.4527 964 80.7272 710.416 479.04
446 1 45.0416 10.8788 490 81.5286 711.176 499.02
447 0 46.0416 11.2941 520 80.8327 711.317 496.648
448 0 44.0163 10.6779 470 78.9 712.002 493.781
449 0 50.1391 11.7074 587 83.0477 708.899 496.533
450 0 49.0712 11.0655 543 85.895 708.464 496.873
451 0 51.1039 11.8386 605 86.0397 708.736 495.694
452 0 53.0634 12.438 660 84.2788 709.036 494.667
453 0 56.0876 12.6409 709 83.6685 710.041 495.568
454 0 55.0568 12.3146 678 86.5147 708.948 492.876
455 0 57.074 12.5451 716 86.817 708.299 492.874
456 0 55.0257 11.5219 634 82.705 709.215 495.715
457 0 58.0682 11.1248 646 83.3313 709.89 493.24
458 0 58.067 11.6073 674 82.638 710.065 493.893
459 0 61.0931 11.638 711 83.7004 709.311 491.449
460 0 63.0821 11.8734 749 83.7156 709.478 490.808
461 0 64.0828 12.2186 783 83.6577 709.971 489.659
462 0 68.0631 12.1358 826 83.5085 709.89 488.845
463 0 69.0845 12.0722 834 84.0036 710.265 488.235
464 0 73.085 12.4513 910 83.0945 710.782 486.816
465 0 75.0699 12.495 938 84.3443 708.988 485.388
466 0 77.0713 12.2743 946 86.1712 709.741 484.702
467 0 80.0774 12.4629 998 88.3377 709.54 481.438
468 0 83.0741 12.6634 1052 87.98 709.517 480.333
469 0 83.04 12.7649 1060 90.1311 708.923 477.687
470 0 87.0225 12.8358 1117 91.906 709.783 477.803
471 0 90.0704 13.3784 1205 93.3494 711.49 476.33
472 0 92.0902 13.0416 1201 95.786 711.145 475.277
473 0 95.0821 12.6207 1200 96.29 710.742 473.055
474 0 97.0993 12.5542 1219 97.0435 710.63 471.27
475 0 100.153 13.0001 1302 95.3418 710.244 468.381
476 0 103.239 13.677 1412 94.3456 709.95 466.062
477 0 108.186 13.2735 1436 94.585 709.71 467.091
478 0 108.098 13.2472 1432 95.6592 709.818 464.092
479 1 57.025 10.1008 576 94.1528 711.611 489.53
480 0 63.0517 11.1179 701 91.5963 710.869 488.578
481 0 60.0923 10.4007 625 86.56 708.083 483.646
482 0 67.1289 12.4537 836 91.439 707.709 489.062
483 0 67.0913 12.3414 828 93.8732 707.609 485.746
484 0 68.0405 12.1692 828 94.9324 707.374 486.304
485 0 73.0575 12.3875 905 92.6442 706.747 484.207
486 0 75.0943 12.5975 946 92.0042 706.77 482.432
487 0 75.1003 12.703 954 92.9686 707.463 482.33
488 0 79.0435 12.1579 961 92.641 707.485 481.659
489 0 83.0662 12.5803 1045 91.1866 707.686 480.309
490 0 83.1252 12.3188 1024 92.4639 707.722 479.714
491 0 87.0358 12.4776 1086 90.7302 707.25 477.636
492 0 88.0703 12.5014 1101 90.7693 707.767 475.212
493 0 92.1629 12.1198 1117 89.966 707.953 475.838
494 0 95.1216 12.1634 1157 89.4581 707.984 473.667
495 0 98.0718 12.8477 1260 87.6357 707.29 474.298
496 0 100.055 12.833 1284 87.838 706.725 470.651
497 0 103.126 12.2278 1261 88.1808 706.52 469.104
498 0 107.168 12.9144 1384 86.3302 707.452 466.572
499 0 109.149 12.2493 1337 87.5542 708.732 467.034
500 0 113.204 12.4642 1411 85.8405 708.3 463.875
501 0 116.274 12.548 1459 86.0507 708.197 463.011
502 0 118.229 11.4185 1350 88.6711 709.244 460.923
503 0 124.306 12.3888 1540 86.837 708.126 461.057
504 0 127.229 13.1024 1667 84.4205 708.487 460.34
505 0 130.255 12.5677 1637 85.4337 708.176 458.42
506 0 133.215 13.0016 1732 85.7581 708.577 454.414
507 0 136.23 13.2203 1801 85.2254 708.147 453.222
508 0 139.194 13.0034 1810 85.9619 708.687 452.39
509 0 144.222 13.4099 1934 85.0248 708.468 450.071
510 0 149.195 12.9026 1925 84.3304 708.207 444.58
511 0 154.198 12.2505 1889 81.208 708.059 444.732
512 0 159.193 12.6136 2008 81.0518 708.564 440.594
513 0 162.173 11.759 1907 82.0745 706.85 438.551
514 0 169.287 12.2455 2073 81.4568 706.517 438.075
515 0 174.343 12.1427 2117 82.3722 707.65 434.821
516 0 179.233 11.6385 2086 84.8126 707.309 431.067
517 0 185.27 11.8422 2194 85.6741 707.195 427.234
518 0 189.191 11.8558 2243 87.6505 706.97 425.728
519 0 197.281 12.6672 2499 87.7415 706.59 421.415
520 0 203.247 12.5807 2557 89.0786 706.931 417.108
521 0 210.287 12.3165 2590 90.0127 706.335 414.834
522 0 216.288 12.6729 2741 89.1135 706.838 414.343
523 1 61.0346 11.2231 685 80.1328 706.841 490.813
524 0 62.039 11.0898 688 81.2616 706.622 490.661
525 0 65.0813 11.6623 759 82.8722 707.327 489.266
526 0 68.072 11.9579 814 82.5405 707.539 488.16
527 0 70.1108 11.71 821 84.0816 707.335 487.903
528 0 71.0535 11.9487 849 84.8704 707.495 488.101
529 0 74.0845 12.6882 940 82.517 707.996 486.036
530 0 78.0965 12.2413 956 81.5146 707.303 484.839
531 0 79.0877 12.012 950 81.8642 707.665 484.076
532 0 81.057 12.2753 995 79.4945 707.079 484.867
533 1 42.0426 10.4656 440 78.4955 707.166 504.35
534 0 44.0193 10.6544 469 76.6226 707.936 503.478
535 0 46.0237 12.0155 553 74.5262 708.964 501.995
536 0 47.0408 11.3944 536 75.4608 709.552 502.64
537 0 50.108 12.054 604 83.3593 709.922 499.073
538 0 49.1069 11.4444 562 85.3897 709.345 498.849
539 0 52.0554 11.872 618 77.2832 708.657 500.162
540 0 50.0333 11.0526 553 79.8246 709.537 499.915
541 0 52.0247 11.36 591 80.533 709.694 499.689
542 0 54.0212 11.6066 627 80.1132 709.654 498.34
543 0 57.0925 11.3325 647 80.5626 709.669 498.244
544 0 55.0385 10.9378 602 83.0997 709.005 498.108
545 0 59.1117 10.9792 649 81.6641 708.94 496.683
546 0 60.1025 11.4638 689 82.0755 709.631 495.531
547 0 63.1362 12.576 794 79.8212 709.402 493.809
548 0 65.0875 12.4448 810 80.3432 709.672 492.921
549 0 66.0495 12.2635 810 81.9235 709.42 491.732
550 0 68.1136 11.5689 788 83.0609 709.75 488.638
551 0 70.1044 11.9251 836 82.061 709.063 488.025
552 0 70.1371 11.6629 818 84.566 709.264 488.204
553 0 75.1483 11.9896 901 83.758 708.326 487.355
554 0 74.1339 11.8434 878 88.8713 708.568 486.304
555 0 77.1391 12.1599 938 88.791 708.811 485.935
556 0 81.1244 12.2528 994 88.6791 708.912 484.282
557 0 83.138 12.7018 1056 88.1913 709.167 484.205
558 0 86.1244 12.1568 1047 90.3754 708.677 482.734
559 0 88.1127 12.8472 1132 88.5115 708.557 482.407
560 0 94.1085 13.8138 1300 86.1277 708.997 481.467
561 0 96.1767 13.5792 1306 84.5199 708.541 479.551
562 0 97.2088 12.9412 1258 89.6494 709.215 479.18
563 0 101.192 13.9043 1407 87.8706 708.447 477.263
564 0 103.191 13.6834 1412 89.1891 708.15 474.939
565 0 105.156 13.8461 1456 89.9478 708.134 474.841
566 0 109.135 13.7903 1505 90.2512 708.062 472.483
567 0 112.135 13.7781 1545 90.8291 708.269 470.575
568 0 116.166 13.9111 1616 90.6733 708.673 468.661
569 0 119.167 14.3748 1713 91.8984 708.459 466.19
570 0 124.169 13.9487 1732 91.709 707.589 465.16
571 0 128.204 14.7577 1892 93.8716 708.173 462.036
572 0 132.277 14.4243 1908 95.6232 707.837 459.528
573 0 138.191 15.247 2107 92.6512 708.06 457.29
574 0 142.219 15.0965 2147 95.1034 707.8 455.507
575 0 146.256 15.3908 2251 94.0129 707.895 454.151
576 0 146.256 15.3429 2244 175.241 708.898 454.134
577 0 154.108 14.399 2219 91.0491 706.821 451.709
578 0 157.162 14.4183 2266 94.2996 706.635 448.458
579 0 163.213 14.7231 2403 94.4619 706.848 445.881
580 0 168.274 15.2905 2573 101.272 706.099 439.133
581 0 176.232 15.1334 2667 99.3386 705.87 438.567
582 0 182.13 15.6536 2851 97.1592 706.443 433.822
583 0 187.25 14.9906 2807 98.1874 706.971 431.182
584 0 190.131 14.7635 2807 100.892 707.451 427.189
585 0 197.275 15.1768 2994 99.6743 707.562 423.872
586 0 205.232 14.7102 3019 99.1732 707.698 421.171
587 0 209.278 15.2429 3190 99.2715 707.769 417.465
588 0 216.391 15.5182 3358 100.001 706.865 416.402
589 0 224.424 16.0233 3596 99.2264 706.982 409.454
590 0 233.419 15.5214 3623 99.8454 706.992 405.521
591 1 64.1779 11.92 765 93.8235 709.196 492.32
592 0 67.2157 11.7978 793 90.9773 708.855 490.057
593 0 62.0263 10.7696 668 89.1751 708.458 484.991
594 0 67.0291 11.7262 786 88.3041 706.714 493.369
595 0 71.0407 12.0213 854 87.123 708.026 492.419
596 0 69.0475 11.5283 796 135.575 708.971 491.255
597 0 77.0211 11.7241 903 87.9557 706.85 489.549
598 0 81.0795 11.6429 944 88.2966 707.768 487.138
599 0 82.0308 11.7761 966 87.6273 707.076 487.659
600 0 87.0882 12.0797 1052 87.327 707.183 484.321
601 0 90.1495 11.7472 1059 86.6204 707.443 483.183
602 1 47.1887 10.3203 487 78.0945 706.704 504.368
603 0 50.0676 10.386 520 84.6192 706.198 502.215
604 0 47.009 10.5299 495 82.1051 707.362 503.889
605 0 47.0377 9.71562 457 83.2429 706.72 503.996
606 0 50.0547 9.11003 456 82.6404 706.561 502.965
607 0 53.045 9.57677 508 77.7972 706.933 501.748
608 0 54.0755 9.65316 522 77.3506 706.653 498.676
609 0 55.0885 9.74795 537 76.4488 707.078 497.857
610 0 59.0379 10.1121 597 76.675 704.796 494.583
611 0 60.127 10.245 616 74.3425 707.12 495.357
612 0 63.0764 9.6074 606 76.1403 705.629 495.774
613 0 65.1046 10.1529 661 75.0514 705.351 493.758
614 0 66.0773 10.745 710 74.2535 705.254 493.652
615 0 69.0947 10.5218 727 75.425 704.867 493.351
616 0 73.1723 10.8238 792 75.7083 704.557 492.568
617 0 75.0701 10.4436 784 76.0969 704.638 491.765
618 0 77.1554 10.8742 839 77.8999 705.213 490.272
619 1 44.1065 10.7014 472 77.6843 705.858 505.36
620 0 45.0376 10.8798 490 80.1286 705.933 501.651
621 0 47.1674 11.4062 538 80.7546 706 501.177
622 0 46.516 11.8024 549 80.1111 707.135 501.204
623 0 44.142 10.0584 444 77.1486 706.02 497.563
624 0 44.2063 10.4736 463 76.7948 706.564 495.555
625 0 48.1753 11.4789 553 85.3942 707.163 499.203
626 0 50.149 12.7021 637 83.0832 707.192 499.399
627 0 51.1424 12.299 629 84.7663 707.504 498.194
628 0 52.1116 12.5308 653 83.9648 707.378 496.764
629 0 54.2324 12.0592 654 85.5795 707.17 496.783
630 0 56.298 11.7411 661 85.7126 708.569 496.192
631 0 57.1892 12.7821 731 84.264 708.948 494.762
632 0 58.2108 12.4719 726 85.1667 708.642 495.445
633 0 59.1837 12.3683 732 86.0697 708.089 492.714
634 0 60.192 12.0282 724 87.2099 708.305 490.57
635 0 62.2371 12.0507 750 88.136 708.121 491.191
636 0 65.2319 12.2946 802 86.3055 708.103 490.511
637 0 69.2018 12.254 848 86.2877 708.386 489.583
638 0 71.1383 12.3843 881 85.1453 708.708 489.494
639 0 71.1878 12.3898 882 86.915 709.272 488.72
640 0 74.2034 12.9105 958 86.1587 708.751 485.699
641 0 77.1832 13.2412 1022 86.1233 709.105 485.896
642 0 78.2466 12.7673 999 87.7277 708.976 485.281
643 0 81.21 12.3384 1002 87.3663 709.707 482.323
644 0 83.2161 12.2212 1017 87.6696 708.688 479.742
645 0 87.2618 12.961 1131 86.8921 709.369 477.5
646 1 46.0186 10.1698 468 90.3697 710.103 499.427
647 0 47.0298 10.504 494 87.4656 710.061 498.585
648 0 50.0846 11.2609 564 81.0957 709.869 498.771
649 0 50.0371 11.5114 576 81.1458 709.72 495.069
650 0 51.0697 11.7682 601 81.9401 708.749 496.664
651 0 53.0836 11.5667 614 83.3046 708.575 496.793
652 0 54.0946 11.7387 635 82.9102 708.51 495.85
653 0 54.0963 11.9971 649 83.4114 709.071 493.991
654 0 59.1061 12.1138 716 82.4092 708.816 493.182
655 0 60.1303 12.0904 727 82.9959 708.523 493.041
656 0 63.1375 12.8608 812 82.2882 708.219 491.467
657 0 65.1318 12.1139 789 83.9747 708.946 489.162
658 0 67.172 11.7013 786 83.8053 709.522 488.081
659 0 69.2245 12.25 848 83.6745 709.427 488.643
660 0 70.1077 11.7676 825 83.4618 709.979 486.177
661 0 72.0641 12.0032 865 89.8382 709.965 487.527
662 0 75.1214 11.7942 886 90.6287 711.314 484.368
663 0 77.1621 11.4823 886 92.6072 711.086 482.709
664 0 78.1692 12.473 975 90.9344 710.636 483.308
665 1 42.0385 10.9186 459 92.3682 710.776 501.122
666 0 43.0215 12.2265 526 90.4335 711.181 500.397
667 0 41.0658 10.885 447 85.5056 709.725 501.944
668 0 44.0634 11.8466 522 83.592 709.216 500.858
669 0 44.0916 10.7277 473 87.6998 709.746 498.907
670 0 45.0606 10.9186 492 87.3293 709.533 498.189
671 0 46.0309 11.3185 521 86.2246 710.317 497.679
672 0 48.0894 11.4786 552 86.183 710.897 499.031
673 0 50.115 11.7131 587 86.3083 710.387 498.445
674 0 51.1034 11.4474 585 87.8769 710.263 498.108
675 0 53.0624 11.609 616 86.5487 709.825 497.135
676 0 51.0856 11.7841 602 87.9983 709.508 496.636
677 0 55.1516 12.0395 664 85.488 710.128 495.979
678 0 56.1397 11.9879 673 83.4131 710.085 495.707
679 0 58.1282 12.1456 706 84.3357 710.358 494.506
680 0 60.1821 12.4622 750 85.5187 709.749 492.345
681 0 63.0809 12.3809 781 84.7631 710.347 492.225
682 0 65.1182 12.4543 811 85.1813 710.398 491.237
683 0 66.1702 12.0296 796 87.7186 711.207 491.26
684 0 69.1641 12.5065 865 90.8682 711.529 490.323
685 0 72.0981 12.8436 926 90.3413 711.32 489.664
686 0 74.1412 12.7594 946 93.2442 710.449 486.612
687 0 78.1512 12.3479 965 94.8756 710.734 487.265
688 1 42.0475 11.7248 493 94.1886 710.807 501.637
689 0 43.1445 10.2215 441 82.8458 710.238 496.814
690 0 44.0162 10.7688 474 80.2278 711.3 498.399
691 0 46.0325 11.5571 532 78.3797 710.246 495.737
692 0 48.1052 11.6204 559 78.8068 711.755 495.837
693 0 48.0343 11.4293 549 88.5155 711.78 495.696
694 0 51.0371 11.4035 582 87.5052 712.113 495.486
695 0 51.092 11.1955 572 89.6818 711.497 493.983
696 0 55.049 11.4807 632 89.0016 711.309 492.935
697 0 54.0465 11.3606 614 92.6775 711.267 491.888
698 0 58.0382 12.0438 699 90.4249 711.144 491.09
699 0 59.1151 11.6214 687 91.6143 710.837 491.402
700 0 62.0739 11.438 710 91.2859 710.508 491.472
701 0 65.063 11.8808 773 92.2678 710.602 490.868
702 0 67.0302 12.4272 833 91.7035 710.522 488.361
703 0 68.0534 11.6379 792 93.1351 710.667 485.824
704 0 71.0662 12.0592 857 93.112 709.466 485.242
705 0 72.086 11.625 838 94.0358 710.019 484.535
706 0 79.0597 12.8763 1018 100.52 710.048 487.261
707 1 41.0187 11.3363 465 99.7419 710.125 505.415
708 0 42.0462 12.082 508 100.067 710.323 505.061
709 0 46.0774 12.5007 576 94.7396 709.868 505.127
710 0 46.0227 12.4938 575 95.8661 710.09 504.725
711 0 45.0621 11.9391 538 88.2082 708.283 507.095
712 0 45.0284 11.6371 524 91.7977 707.416 504.611
713 0 48.0617 12.1302 583 89.9691 707.515 503.768
714 0 49.131 11.4795 564 91.5213 706.617 502.651
715 0 50.1312 11.5098 577 92.0624 707.459 501.321
716 0 51.1293 11.8132 604 90.7036 707.613 501.81
717 0 54.06 12.0052 649 89.1387 707.488 500.624
718 0 55.0958 11.9973 661 88.4145 707.678 500.646
719 0 58.1015 12.2888 714 87.1807 707.686 500.164
720 0 59.1025 12.5206 740 88.4216 708.453 498.17
721 0 62.1503 12.4054 771 91.5681 707.182 497.183
722 0 64.1552 13.1556 844 90.2618 707.265 494.903
723 0 67.1457 12.7484 856 91.3481 707.207 496.105
724 0 69.2379 13.5042 935 91.6941 707.101 493.904
725 0 71.1064 12.2352 870 96.3092 707.026 494.452
726 0 72.2033 12.728 919 96.8237 706.505 493.628
727 0 75.2259 12.9078 971 98.0865 706.701 490.723
728 0 78.1963 12.5453 981 97.6493 706.828 489.446
729 0 80.2419 12.2629 984 97.6616 706.618 488.383
730 1 43.2531 10.4963 454 96.8414 707.207 503.954
731 0 48.1349 11.6755 562 95.9324 707.034 502.783
732 0 47.0223 12.1857 573 97.4328 709.391 502.192
733 0 46.0505 10.7056 493 89.4402 707.58 505.454
734 0 48.1441 10.9879 529 88.8166 708.03 502.117
735 0 51.1227 11.1497 570 86.7158 707.858 501.13
736 0 50.146 10.6489 534 88.5356 708.204 499.708
737 0 54.0935 11.7389 635 85.7449 707.883 498.036
738 0 55.0635 11.2597 620 86.9952 708.274 498.976
739 0 57.1042 11.3127 646 86.9319 708.111 498.672
740 0 57.0737 11.2661 643 87.5319 708.715 497.023
741 0 62.0642 11.4237 709 85.8984 708.614 496.281
742 0 64.0717 11.1594 715 86.9902 708.172 493.564
743 0 66.0394 12.3866 818 84.1443 707.153 492.818
744 0 68.1596 12.3974 845 83.387 708.614 491.284
745 0 70.1922 11.8247 830 85.6108 709.03 489.524
746 0 75.2054 12.3794 931 85.5779 709.437 487.111
747 0 78.2042 12.5313 980 87.2551 709.248 486.04
748 0 82.3028 12.5877 1036 89.2133 709.282 483.761
749 1 42.0497 9.36986 394 91.1751 709.299 505.208
750 0 44.0317 10.4243 459 90.1068 709.898 502.244
751 0 45.0145 9.86349 444 89.6374 709.941 502.376
752 0 48.0374 10.4294 501 89.2635 708.234 498.88
753 0 50.0978 10.8987 546 88.5238 707.786 498.059
754 0 51.086 12.0973 618 86.9854 708.189 497.464
755 0 54.1557 12.2979 666 86.9865 708.383 496.494
756 0 54.0109 12.6641 684 86.4503 709.282 496.921
757 0 55.0543 11.7884 649 86.6703 710.399 496.98
758 0 57.0932 12.4358 710 86.2 709.282 495.651
759 0 56.0438 12.401 695 88.646 708.734 495.282
760 0 57.0332 13.0976 747 92.3494 708.842 494.064
761 0 63.043 12.6105 795 93.4075 708.333 493.55
762 0 63.0636 13.1455 829 90.8975 708.742 492.221
763 0 62.0173 12.2224 758 96.9433 707.591 491.916
764 0 63.0496 11.8954 750 96.7493 707.789 490.36
765 0 66.0374 12.4323 821 94.4093 707.643 489.839
766 0 68.038 12.5959 857 92.5776 707.272 488.436
767 0 72.0521 13.6707 985 88.3848 707.559 487.257
768 0 74.0707 13.3116 986 90.4888 707.626 485.796
769 0 77.0561 13.3409 1028 90.3278 707.162 481.271
770 0 79.0435 13.3724 1057 89.8155 707.662 481.083
771 0 82.0377 13.2134 1084 89.2196 707.479 480.931
772 0 84.0419 13.1244 1103 90.2085 707.154 477.16
773 0 86.1099 13.657 1176 89.3971 707.51 476.97
774 0 88.0344 12.9949 1144 91.0822 707.171 474.626
775 0 87.0541 12.5669 1094 91.319 706.797 474.559
776 0 90.0832 12.4662 1123 91.9243 707.569 473.67
777 0 93.0582 11.971 1114 92.4596 707.136 471.372
778 0 96.0641 12.5853 1209 90.4599 706.733 468.691
779 0 97.0617 11.8069 1146 91.8342 706.881 469.699
780 0 102.044 12.4065 1266 91.1746 707.337 468.089
781 0 105.091 12.4749 1311 90.8673 707.127 465.715
782 0 109.057 12.5073 1364 90.2977 706.822 464.109
783 0 112.124 12.7894 1434 89.0418 707.037 459.69
784 0 115.16 12.7127 1464 89.3429 707.083 460.884
785 0 117.057 11.8318 1385 91.2375 707.126 458.604
786 0 123.188 12.899 1589 89.0409 709.054 457.6
787 0 127.164 12.3698 1573 89.0235 709.484 456.785
788 0 128.188 11.2023 1436 85.3649 709.233 448.981
789 0 134.158 11.5983 1556 85.2808 708.906 447.505
790 0 140.168 11.9713 1678 87.3331 709.199 443.803
791 0 143.244 11.5327 1652 89.3584 709.231 441.479
792 0 149.178 12.3879 1848 87.191 708.891 439.192
793 0 156.234 12.6669 1979 86.8696 708.888 438.512
794 0 159.346 12.1559 1937 88.0072 708.973 434.212
795 0 164.333 12.2008 2005 88.796 709.115 430.352
796 0 171.445 13.0421 2236 87.4414 709.178 427.071
797 0 177.478 13.3087 2362 88.276 709.458 426.129
798 0 183.422 13.7715 2526 88.8183 709.53 425.709
799 0 190.436 13.8734 2642 88.5413 709.962 422.01
800 0 195.371 13.7278 2682 88.9553 709.252 419.651
801 0 201.305 13.7702 2772 91.6602 709.054 415.972
802 1 153.403 13.2657 2035 94.4727 708.773 436.494
803 0 159.314 13.5393 2157 94.8215 708.267 435.862
804 0 163.2 13.0331 2127 94.5063 709.013 439.069
805 0 167.223 13.3115 2226 94.7179 708.058 433.271
806 0 175.188 13.6082 2384 94.1556 708.142 431.001
807 0 180.327 13.1317 2368 95.8801 707.702 427.658
808 0 186.296 13.9939 2607 94.9079 708.425 425.948
809 0 193.208 13.7417 2655 97.5122 707.779 422.787
810 0 199.326 13.8166 2754 99.2578 707.367 416.532
811 0 206.221 13.7522 2836 99.7398 707.144 412.314
812 0 210.263 12.6556 2661 104.473 707.286 404.944
813 0 221.324 13.5096 2990 100.222 707.504 400.736
814 1 52.2092 9.36616 489 74.9734 708.912 490.867
815 0 57.0845 10.7034 611 77.4583 707.953 495.46
816 0 59.1158 11.3675 672 82.1429 708.22 496.391
817 0 61.0941 11.8342 723 81.668 707.725 495.71
818 0 62.0514 11.7967 732 81.2951 707.799 495.331
819 0 63.095 12.394 782 81.1675 707.308 495.061
820 0 68.0418 11.8751 808 81.5223 707.726 493.371
821 0 68.28 12.7124 868 80.5922 709.244 492.687
822 0 72.4166 12.6076 913 96.1774 709.047 489.671
823 0 74.3218 11.5578 859 93.6892 708.984 490.98
824 0 76.3324 12.1312 926 97.4201 708.435 488.635
825 0 78.3269 12.3202 965 93.6021 708.062 488.435
826 0 79.3611 11.5422 916 93.1834 708.057 488.46
827 0 81.2933 11.9936 975 92.3528 707.992 488.124
828 0 85.2766 11.363 969 91.3292 707.958 486.943
829 0 87.3028 11.6949 1021 89.3066 708.071 481.76
830 0 91.3181 11.345 1036 88.9788 708.323 483.634
831 0 93.2387 11.7655 1097 84.8888 707.424 480.39
832 0 97.3041 11.5617 1125 85.8453 707.617 479.79
833 0 100.304 11.5449 1158 87.5415 707.559 476.86
834 0 101.43 11.3674 1153 88.0399 708.356 476.547
835 1 52.1158 10.4383 544 82.2408 709.147 501.002
836 0 52.129 9.9369 518 83.7568 709.166 501.616
837 0 54.0972 11.5718 626 83.2812 708.919 498.254
838 0 59.0542 11.4471 676 88.6317 708.796 496.981
839 0 59.0538 12.2261 722 86.8573 708.328 494.456
840 0 59.4297 11.9974 713 98.4727 707.335 493.015
841 0 61.3366 12.4722 765 97.2013 707.694 492.506
842 0 64.4126 12.5752 810 95.7309 707.056 492.205
843 0 64.3857 12.9066 831 94.7894 707.592 491.844
844 0 66.4341 12.1474 807 93.8947 707.364 490.576
845 0 68.2584 12.4087 847 93.3058 708.118 489.511
846 0 69.2917 12.2958 852 93.2488 707.777 488.872
847 0 70.3225 12.5849 885 92.0768 707.168 487.444
848 0 73.3087 12.2086 895 92.0246 707.111 486.764
849 0 77.2653 12.2953 950 91.6337 707.288 484.511
850 0 79.3343 13.0208 1033 89.9729 707.159 482.921
851 0 80.3152 12.7622 1025 90.078 707.645 482.14
852 0 83.2967 12.7616 1063 90.7159 707.802 481.282
853 0 86.295 12.6543 1092 91.6722 707.512 481.448
854 0 86.2772 12.9466 1117 94.291 707.327 478.298
855 0 91.3896 13.623 1245 92.4787 707.894 477.818
856 0 96.2979 13.5413 1304 93.0629 707.527 476.377
857 0 95.2556 13.2381 1261 96.3664 707.741 473.341
858 0 100.288 13.4811 1352 96.1272 707.651 473.047
859 1 53.094 11.4326 607 98.7117 709.035 494.975
860 0 54.0104 11.7755 636 96.0063 708.67 491.983
861 0 55.1412 11.8061 651 97.0061 707.227 487.743
862 0 57.0851 12.315 703 95.3329 707.242 486.014
863 0 63.0345 13.3578 842 93.9121 709.055 489.616
864 0 62.0318 12.3646 767 97.1447 709.373 489.425
865 0 65.101 12.9338 842 98.2767 708.105 488.843
866 0 67.1272 13.2137 887 98.5705 708.262 486.071
867 0 68.1166 13.4329 915 98.635 707.817 485.323
868 0 72.1699 13.4682 972 97.1039 707.749 484.139
869 0 74.2196 13.4062 995 97.8884 707.973 482.584
870 0 77.3193 13.3214 1030 97.6573 708.318 481.427
871 0 77.2128 12.8994 996 100.606 707.953 481.22
872 0 83.2373 13.5757 1130 98.708 707.704 478.632
873 0 84.3825 14.055 1186 100.978 708.263 478.512
874 0 86.3566 14.3706 1241 100.669 708.013 476.934
875 0 90.3454 13.8247 1249 103.23 708.111 476.062
876 0 91.2981 14.1514 1292 104.593 707.371 474.143
877 0 94.2193 13.8507 1305 104.368 707.526 472.304
878 0 93.258 13.5002 1259 105.887 707.148 468.956
879 0 99.183 12.6735 1257 100.888 705.934 466.918
880 0 103.274 13.1786 1361 98.9339 706.042 466.237
881 0 106.264 13.9181 1479 97.9283 706.033 463.761
882 0 106.177 13.4116 1424 99.9347 706.333 463.435
883 0 109.23 12.9543 1415 102.669 706.122 461.315
884 0 114.342 12.8474 1469 103.267 706.157 461.099
885 0 118.438 12.6986 1504 103.693 706.307 461.592
886 0 122.27 13.3475 1632 101.574 706.415 455.237
887 0 123.322 13.1364 1620 103.136 706.681 450.983
888 0 126.282 13.066 1650 103.439 706.556 451.993
889 0 132.214 13.2286 1749 103.401 706.317 449.169
890 0 136.315 13.058 1780 104.094 706.27 449.118
891 0 139.277 13.7281 1912 103.878 706.32 444.844
892 0 142.386 13.1474 1872 104.868 706.442 442.453
893 0 145.331 12.8121 1862 107.96 706.591 440.111
894 1 51.1882 10.6079 543 102.556 707.276 487.103
895 0 52.2561 9.85531 515 105.235 707.847 486.045
896 0 55.136 10.6827 589 101.812 707.715 483.008
897 0 53.1918 10.5843 563 103.568 707.123 482.568
898 0 58.2005 10.481 610 102.177 707.577 481.595
899 0 56.1831 10.5726 594 104.785 707.572 479.303
900 0 55.1478 10.5353 581 104.046 708.348 480.253
901 0 60.1089 10.5475 634 104.117 707.669 479.3
902 0 57.2302 10.117 579 106.791 707.889 479.154
903 0 56.257 10.2743 578 108.228 707.997 478.315
904 0 61.2572 11.1334 682 102.531 707.997 478.154
905 0 61.2664 9.18938 563 106.906 708.156 477.412
906 0 59.3956 10.6573 633 103.561 708.771 478.275
907 0 63.3221 11.3073 716 100.26 709.061 476.397
908 0 62.2992 11.3164 705 100.221 708.214 476.067
909 0 65.3803 11.9455 781 98.1293 708.076 472.554
910 0 68.3415 12.2766 839 96.0501 708.228 471.836
911 0 69.3357 13.3553 926 94.8704 707.955 472.252
912 0 73.6148 12.579 926 98.9136 708.103 470.417
913 0 75.3302 12.8501 968 100.187 708.085 469.298
914 0 79.3638 13.1798 1046 99.2036 708.226 467.005
915 0 81.364 13.1016 1066 98.424 707.735 467.333
916 0 82.229 12.5746 1034 102.112 707.705 463.877
917 0 87.3688 12.8993 1127 100.686 707.736 464.636
918 0 91.2998 14.3155 1307 94.6526 707.448 461.021
919 0 90.2537 12.7086 1147 101.114 707.817 460.582
920 0 94.2829 12.5367 1182 101.982 707.398 458.463
921 0 94.1586 12.9781 1222 101.087 707.028 456.799
922 0 97.2535 13.2232 1286 99.6026 707.763 455.72
923 0 105.249 13.2543 1395 97.1634 707.768 456.877
924 0 108.196 13.6419 1476 96.2087 707.109 454.68
925 0 112.186 12.9428 1452 98.2307 706.972 451.485
926 0 114.156 12.7194 1452 98.6674 706.96 448.668
927 0 114.166 12.8147 1463 138.433 707.969 448.648
928 1 63.071 9.89362 624 98.101 708.473 475.785
929 0 68.0757 10.7674 733 98.7831 708.131 479.367
930 0 65.0453 10.2544 667 95.3823 707.643 474.225
931 0 75.0607 11.4574 860 97.5942 708.063 482.563
932 0 76.1286 12.3344 939 95.3568 708.009 482.912
933 0 78.1034 12.3042 961 95.3736 708.113 480.352
934 0 82.1229 12.5787 1033 93.5876 706.839 479.994
935 0 83.1905 12.1889 1014 95.0602 706.984 478.142
936 0 85.1533 11.9432 1017 96.8594 707.147 478.78
937 0 86.2527 12.2083 1053 96.1833 706.496 476.577
938 0 87.2524 11.5183 1005 96.5552 706.315 472.999
939 0 88.1954 10.7942 952 99.8666 705.898 470.272
940 0 94.214 11.8241 1114 97.6472 706.226 471.709
941 0 95.212 11.9313 1136 94.9419 705.57 469.342
942 0 99.2682 10.8494 1077 99.0622 705.495 468.254
943 1 43.0873 9.6084 414 78.8961 705.027 502.51
944 0 44.0267 10.1075 445 76.1506 706.656 503.802
945 0 46.0054 10.0206 461 76.5358 706.822 502.926
946 0 46.0245 10.6465 490 76.3306 705.596 501.541
947 0 47.1328 9.78087 461 82.8178 704.549 501.501
948 0 49.1413 10.2968 506 83.0217 704.289 500.818
949 0 51.1897 10.9202 559 81.7531 705.369 499.064
950 0 50.1748 10.1844 511 83.0274 705.323 498.589
951 0 53.1191 10.9565 582 88.7285 705.368 498.832
952 0 51.1337 10.2281 523 92.9025 705.772 496.543
953 0 54.1221 11.1045 601 92.0699 707.103 497.631
954 0 55.1302 11.4275 630 93.1556 705.659 497.611
955 0 58.16 11.6059 675 93.6341 705.84 495.382
956 0 58.1465 11.643 677 130.4 705.858 495.612
957 0 60.1124 11.5284 693 84.4358 705.32 493.874
958 0 61.1346 11.4174 698 85.4341 706.125 492.994
959 0 62.133 11.0891 689 87.2148 706.412 491.581
960 0 64.1344 11.0237 707 86.8402 706.388 488.832
961 0 68.1959 11.6723 796 83.5754 706.396 489.614
962 0 65.0355 11.3784 740 81.1257 704.959 489.12
963 0 67.0673 11.5705 776 80.2629 706.215 488.702
964 0 68.0526 10.9474 745 80.9436 706.236 489.517
965 0 69.1402 10.9632 758 80.3325 706.483 489.327
966 0 73.0583 10.5669 772 81.6049 707.013 489.016
967 0 74.1457 10.5198 780 80.7205 706.656 489.679
968 0 76.1411 10.7695 820 80.361 706.591 483.59
969 0 79.106 10.7577 851 79.7591 706.958 486.893
970 0 80.1717 10.8891 873 80.6277 706.784 478.844
971 0 83.1226 10.5507 877 79.7594 707.031 479.486
972 0 87.2313 10.7072 934 83.7591 706.821 477.249
973 0 91.2067 11.0518 1008 81.2054 707.266 476.401
974 1 50.1113 9.43899 473 82.296 707.104 495.465
975 0 51.1137 9.60603 491 83.4216 707.128 495.163
976 0 51.1149 10.3101 527 82.4915 707.095 493.51
977 0 54.2319 9.71754 527 83.0968 707.101 492.023
978 0 50.0358 8.97358 449 75.2584 708.766 495.895
979 0 49.0474 7.15635 351 86.1595 709.764 496.091
980 0 54.052 8.60283 465 85.4516 709.877 495.798
981 0 54.0172 8.20109 443 85.4605 710.442 496.874
982 0 54.0209 8.49671 459 87.1155 709.826 495.22
983 0 57.0534 8.64102 493 76.643 709.706 494.164
984 0 56.0366 9.2975 521 76.7159 708.683 491.789
985 0 55.078 7.98867 440 79.4455 709.325 491.507
986 0 59.0447 8.43429 498 79.8715 709.036 488.193
987 0 63.0705 8.4033 530 79.9585 709.13 490.117
988 0 64.0638 8.38226 537 80.0391 709.885 488.549
989 0 68.0929 9.7367 663 78.9095 709.131 485.643
990 0 75.1465 10.5527 793 77.855 709.4 484.223
991 0 76.2392 10.0211 764 79.3586 708.674 482.73
992 0 80.1618 10.5911 849 81.0153 709.651 481.419
993 0 79.1023 10.3031 815 84.384 708.778 482.683
994 0 84.1548 10.5401 887 84.6494 707.959 483.308
995 1 46.0636 10.225 471 82.5032 708.841 501.898
996 0 48.201 11.2446 542 78.0738 709.618 498.085
997 0 48.1183 11.347 546 81.4963 710.364 499.822
998 0 48.1936 11.3293 546 83.8388 710.447 498.293
999 0 50.1489 11.8846 596 83.9899 709.943 495.896
1000 0 50.2011 10.7766 541 86.939 709.813 497.898
1001 0 49.0368 10.6655 523 88.9885 709.7 497.95
1002 0 51.1436 11.3015 578 88.0502 709.744 496.073
1003 0 53.0826 11.1336 591 88.3773 710.029 496.014
1004 0 54.1693 11.2794 611 88.6612 709.712 493.201
1005 0 55.269 10.9646 606 92.8647 710.107 494.002
1006 0 56.0656 11.0585 620 90.3839 710.865 493.005
1007 0 56.0124 10.8726 609 91.4351 711.45 491.977
1008 0 60.0732 12.0187 722 87.9889 711.535 494.511
1009 0 60.0978 11.9638 719 89.363 710.783 494.113
1010 0 64.0605 12.2384 784 89.5599 711.205 490.884
1011 0 66.0816 12.7418 842 88.3409 710.239 489.567
1012 0 68.059 12.4157 845 90.026 710.066 488.412
1013 0 69.0564 13.2645 916 89.0568 709.336 487.891
1014 0 72.0744 12.6536 912 90.591 709.747 487.319
1015 0 74.0748 12.7844 947 90.698 709.436 486.553
1016 0 76.0868 12.6434 962 91.9387 709.67 485.818
1017 0 77.0697 12.9493 998 93.7525 709.854 485.148
1018 0 79.0931 12.9215 1022 93.0969 710.517 484.556
1019 0 81.0737 12.6552 1026 95.7378 710.731 483.472
1020 0 83.0985 12.5273 1041 95.8511 710.283 481.472
1021 0 85.0805 12.8349 1092 95.3434 710.873 481.418
1022 0 89.1073 12.8946 1149 95.5231 711.084 480.019
1023 0 91.0573 13.1126 1194 95.242 711.014 479.231
1024 0 92.0911 11.847 1091 97.8323 710.826 477.622
1025 0 94.1526 12.7771 1203 94.8146 710.391 476.161
1026 0 98.1133 12.6181 1238 93.8045 709.722 475.397
1027 0 99.084 12.6055 1249 95.2754 709.262 473.46
1028 0 104.113 12.7554 1328 96.5173 709.097 469.701
1029 0 107.156 12.7665 1368 97.9905 708.802 468.879
1030 1 59.0395 10.4337 616 95.3523 709.708 495.625
1031 0 62.1073 11.7055 727 92.2985 709.058 493.045
1032 0 64.0892 11.64 746 93.3727 709.312 492.205
1033 0 67.0757 13.0599 876 90.1986 709.38 490.894
1034 0 70.0452 12.3206 863 91.0417 709.645 488.394
1035 0 72.0381 12.8959 929 90.2325 709.777 485.86
1036 0 75.0666 12.9485 972 89.5021 709.105 485.969
1037 0 77.0443 12.058 929 91.2799 709.13 485.017
1038 0 79.1565 12.4816 988 90.2561 708.787 482.076
1039 0 83.146 12.8689 1070 88.586 708.171 481.756
1040 0 83.0351 13.1511 1092 89.0943 708.215 480.668
1041 0 85.1771 12.6442 1077 89.7762 708.878 478.515
1042 0 88.0644 12.7066 1119 90.7346 709.14 479.461
1043 0 91.0437 12.7411 1160 90.3655 709.467 477.513
1044 0 93.125 12.7248 1185 91.4954 709.378 476.113
1045 0 96.0693 12.9802 1247 93.8316 709.427 474.004
1046 0 97.1501 12.9799 1261 95.0373 709.173 472.468
1047 0 100.255 12.8372 1287 95.7226 709.782 469.68
1048 0 104.173 13.2472 1380 96.3971 709.251 470.207
1049 0 109.163 12.8615 1404 97.9907 707.744 468.891
1050 0 113.116 14.0033 1584 94.8428 708.549 466.122
1051 0 117.313 14.3633 1685 94.4154 708.268 464.63
1052 0 122.23 14.2927 1747 95.5879 708.428 462.485
1053 0 126.206 13.5096 1705 97.3109 708.371 460.101
1054 1 64.1248 12.3665 793 99.6393 708.966 492.567
1055 0 69.0864 13.1285 907 97.7784 709.508 490.049
1056 0 70.3383 13.7336 966 100.114 709.53 488.269
1057 0 72.1082 13.1469 948 94.7795 708.385 488.061
1058 0 76.0952 13.7197 1044 93.8199 708.193 486.257
1059 0 77.0607 13.5737 1046 94.7667 708.304 485.437
1060 0 79.1167 13.6128 1077 95.2999 708.978 486.704
1061 0 83.1884 13.824 1150 94.7617 708.807 484.63
1062 0 85.1509 14.3158 1219 96.653 708.809 483.668
1063 0 86.1431 13.6053 1172 112.128 708.102 482.141
1064 0 90.2441 13.6297 1230 112.39 709.02 481.966
1065 0 93.0732 13.9568 1299 109.44 708.137 478.921
1066 0 96.2316 13.9247 1340 110.27 707.89 477.308
1067 0 97.2652 13.9207 1354 110.968 708.551 477.006
1068 0 101.3 13.8894 1407 111.537 708.416 477.057
1069 0 103.255 14.1592 1462 112.269 708.56 475.163
1070 0 108.396 14.4471 1566 111.746 708.184 472.085
1071 0 111.289 14.4399 1607 113.224 707.688 469.897
1072 0 115.362 14.3028 1650 114.519 708.47 469.166
1073 0 119.405 14.3127 1709 116.167 708.786 467.619
1074 0 123.286 13.9838 1724 118.131 708.484 466.177
1075 0 126.365 13.825 1747 120.281 708.657 464.463
1076 0 131.384 13.6013 1787 118.627 708.204 463.071
1077 1 70.1798 12.525 879 113.052 708.557 493.404
1078 0 72.1874 13.4373 970 115.803 708.772 489.035
1079 0 77.1516 13.8818 1071 114.723 709.492 489.462
1080 0 79.2134 13.4573 1066 117.436 709.205 485.418
1081 0 80.2956 13.4877 1083 119.669 709.25 480.722
1082 0 84.3623 13.7502 1160 118.448 709.422 480.664
1083 0 85.4351 13.5073 1154 120.055 709.063 479.778
1084 0 88.4097 13.6184 1204 119.811 709.194 478.659
1085 0 89.3955 13.3452 1193 121.538 709.329 477.429
1086 0 93.3777 14.2647 1332 118.252 709.583 475.614
1087 0 95.3846 13.8702 1323 120.299 709.47 473.781
1088 0 99.3756 13.9672 1388 118.814 709.022 472.318
1089 0 100.408 14.2818 1434 134.105 708.746 472.625
1090 0 105.3 14.6723 1545 132.717 709.374 469.943
1091 0 106.333 14.0408 1493 135.569 708.652 468.22
1092 0 111.457 14.1938 1582 133.728 708.665 467.001
1093 0 115.526 14.6288 1690 131.551 708.788 464.127
1094 0 119.264 14.908 1778 130.322 709.045 462.663
1095 0 121.315 14.4171 1749 132.429 708.863 459.25
1096 0 127.583 14.6101 1864 130.995 709.035 458.245
1097 1 63.3518 12.2964 779 131.304 709.231 490.761
1098 0 65.3555 12.761 834 129.743 709.808 490.277
1099 0 67.3117 13.1478 885 127.636 708.758 490.803
1100 0 70.3669 13.7423 967 123.252 710.458 488.998
1101 0 71.3825 13.5888 970 125.526 710.079 485.452
1102 0 74.4184 13.6525 1016 123.652 709.858 483.704
1103 0 74.4314 13.677 1018 168.342 709.865 483.721
1104 0 79.4987 13.4468 1069 125.101 709.611 482.181
1105 0 83.4795 13.8237 1154 123.867 709.736 481.106
1106 0 85.6137 14.3318 1227 121.027 709.519 481.544
1107 0 87.6048 14.2686 1250 121.713 709.286 479.059
1108 0 89.4155 14.2705 1276 122.13 709.074 478.179
1109 0 92.5485 13.8522 1282 123.402 708.537 476.225
1110 0 95.4938 15.0167 1434 118.667 708.801 475.544
1111 0 98.6247 14.327 1413 121.321 708.604 474.326
1112 0 98.5308 14.4117 1420 127.289 707.823 470.673
1113 0 103.438 14.2017 1469 126.063 708.812 470.025
1114 0 108.443 14.5238 1575 124.279 708.533 467.984
1115 0 111.427 14.4938 1615 125.231 708.337 466.43
1116 0 112.38 14.1751 1593 126.876 709.065 465.549
1117 0 118.608 14.5522 1726 125.564 708.834 462.772
1118 0 123.411 15.0068 1852 123.698 709.055 461.374
1119 0 128.411 15.209 1953 123.913 708.556 459.31
1120 0 130.341 14.7919 1928 126.093 708.422 455.89
1121 0 133.332 14.9101 1988 125.607 708.222 455.944
1122 1 69.4001 9.25071 642 118.455 709.657 484.011
1123 0 69.2379 9.92232 687 118.277 709.205 481.527
1124 0 73.1882 10.4935 768 117.665 709.408 482.354
1125 0 76.2179 10.8242 825 118.324 709.583 483.222
1126 0 79.1949 11.9578 947 120.098 710.073 483.843
1127 0 82.1825 12.0099 987 118.007 709.889 482.056
1128 0 84.1719 11.5122 969 117.844 709.588 482.328
1129 0 84.1767 11.4165 961 120.594 709.274 479.659
1130 0 87.1883 12.0429 1050 118.952 709.412 479.073
1131 0 89.3063 10.8839 972 122.63 709.378 477.613
1132 0 90.252 11.7781 1063 122.704 709.547 475.683
1133 0 92.159 11.6538 1074 124.92 709.278 475.175
1134 0 94.2133 11.9091 1122 126.324 709.538 471.633
1135 0 98.2416 11.1765 1098 128.132 708.955 470.87
1136 0 101.272 11.8986 1205 126.641 708.834 470.226
1137 0 104.191 11.5461 1203 128.912 708.523 464.882
1138 0 105.256 12.4743 1313 126.467 709.056 464.369
1139 0 109.223 12.0945 1321 129.665 708.939 460.799
1140 0 111.171 12.3144 1369 131.267 708.894 461.231
1141 0 115.138 12.5763 1448 131.398 708.36 459.6
1142 0 116.198 12.1861 1416 134.572 708.121 454.253
1143 0 120.222 12.3854 1489 135.378 707.258 452.444
1144 0 124.165 12.87 1598 136.172 707.09 450.623
1145 0 126.167 11.8335 1493 140.35 707.152 449.108
1146 0 129.164 12.2016 1576 141.173 707.076 445.098
1147 0 132.198 12.2165 1615 142.937 706.211 444.213
1148 0 137.269 12.4864 1714 144.635 706.178 442.977
1149 0 143.154 12.4202 1778 145.124 706.732 439.912
1150 0 148.28 12.3078 1825 128.442 707.13 438.077
1151 0 150.177 12.3388 1853 129.019 706.514 433.968
1152 0 155.416 12.2188 1899 130.553 705.818 431.388
1153 0 163.25 12.4288 2029 128.486 705.027 430.656
1154 1 173.316 16.0632 2784 114.917 705.718 422.625
1155 0 176.349 14.6471 2583 120.137 705.127 422.556
1156 0 181.319 12.1609 2205 128.08 704.736 421.121
1157 0 185.306 10.6904 1981 130.835 705.484 417.713
1158 0 191.251 9.79342 1873 133.474 705.54 410.05
1159 0 199.344 10.2135 2036 132.316 706.108 406.607
1160 1 32.2594 6.32374 204 86.6716 706.48 506.377
1161 0 31.0594 6.34269 197 78.0203 708.574 507.548
1162 0 33.0593 7.19919 238 79.2395 709.084 505.95
1163 0 35.0379 7.19222 252 80.4365 709.472 503.353
1164 1 18.0429 4.60015 83 87.7831 708.253 511.446
1165 0 21.0478 4.94114 104 90.4615 707.317 510.952
1166 1 157.258 8.63551 1358 125.625 706.934 436.634
1167 0 163.32 9.13542 1492 126.798 706.772 434.973
1168 0 165.495 8.29632 1373 128.916 706.972 428.059
1169 0 169.388 8.80229 1491 130.423 706.993 430.67
1170 0 170.492 8.69251 1482 130.939 707.32 433.978
1171 0 172.748 8.81053 1522 133.016 707.17 428.434
1172 0 176.581 9.21955 1628 132.354 706.647 431.003
1173 0 181.482 10.0065 1816 129.93 707.176 431.898
1174 0 184.703 9.77785 1806 131.218 706.787 427.603
1175 0 186.822 7.57405 1415 135.948 707.201 430.805
1176 1 129.504 7.90712 1024 118.156 707.206 474.598
1177 0 130.554 8.05796 1052 120.118 707.775 472.841
1178 0 132.64 8.3308 1105 120.226 707.693 472.317
1179 0 127.32 9.10304 1159 124.54 707.681 473.773
1180 0 127.33 9.173 1168 119.792 707.643 473.005
1181 1 206.537 11.1215 2297 136.541 707.088 431.138
1182 0 212.564 11.4554 2435 137.841 707.524 426.106
1183 0 216.683 11.6761 2530 139.034 706.93 425.078
1184 0 224.559 11.409 2562 140.89 707.003 419.457
1185 0 230.543 11.4469 2639 140.585 707 416.384
1186 0 234.562 10.1423 2379 146.68 707.095 413.704
1187 0 241.505 10.3103 2490 146.223 707.481 409.164
1188 1 143.331 8.67223 1243 128.235 708.378 472.237
1189 0 144.51 9.48031 1370 126.173 708.407 465.936
1190 1 242.368 3.38329 820 137.793 708.965 485.784
1191 1 228.377 3.73943 854 131.34 709.673 482.287
1192 0 229.464 4.83737 1110 128.539 709.111 469.251
1193 0 230.62 5.5546 1281 130.091 709.08 459.743
1194 0 230.803 7.35692 1698 127.682 708.033 437.328
1195 1 49.4097 9.47183 468 108.203 709.524 501.194
1196 0 49.1709 9.61951 473 109.032 709.097 502.958
1197 0 50.3177 10.0561 506 108.16 709.929 501.976
1198 0 55.5531 10.5125 584 105.478 709.401 500.08
1199 0 55.3328 10.6808 591 107.607 709.235 498.47
1200 0 57.2624 10.1288 580 109.747 708.947 500.41
1201 0 59.4791 9.75133 580 112.169 709.257 498.216
1202 0 61.3024 11.5167 706 105.429 709.261 500.829
1203 0 64.4516 10.954 706 107.399 709.593 498.557
1204 0 63.1159 10.7738 680 108.966 710.047 499.024
1205 0 66.2757 11.4974 762 104.846 710.051 497.529
1206 0 66.1235 11.5693 765 106.378 709.864 496.903
1207 0 69.2881 11.647 807 105.564 709.865 495.6
1208 0 71.2487 11.9862 854 104.392 709.886 494.977
1209 0 70.1277 12.135 851 103.966 710.262 495.039
1210 0 72.0682 11.5863 835 105.822 710.047 494.232
1211 0 75.168 11.4011 857 106.579 709.309 491.477
1212 1 34.0166 9.28959 316 109.013 709.028 511.506
1213 0 36.0238 9.1051 328 109.512 709.277 510.823
1214 0 38.0169 10.2323 389 105.656 710.139 510.113
1215 0 39.0454 9.80909 383 106.64 710.245 510.384
1216 0 40.0705 10.1072 405 103.783 709.854 507.914
1217 0 41.0233 10.8719 446 102.581 709.581 508.944
1218 0 41.2848 10.9483 452 106.261 708.423 509.21
1219 0 43.1032 10.0225 432 111.049 708.637 509.866
1220 0 45.1869 10.9988 497 108.308 708.368 509.125
1221 0 44.2256 10.6499 471 111.741 707.839 509.017
1222 0 41.3962 10.9189 452 113.219 707.135 506.673
1223 0 46.24 10.4239 482 113.967 708.068 507.162
1224 0 48.252 10.7767 520 113.338 707.794 505.363
1225 0 47.156 11.112 524 114.384 707.536 505.569
1226 0 45.1347 10.7456 485 116.986 707.367 503.932
1227 0 43.1492 10.568 456 119.568 707.439 502.39
1228 0 46.2571 11.1767 517 115.89 707.718 503.222
1229 0 53.1534 11.6832 621 111.889 707.448 500.308
1230 0 54.2035 11.1801 606 114.566 706.959 500.383
1231 0 54.2207 11.8774 644 113.213 707.623 499.679
1232 0 54.2441 11.522 625 116.021 706.698 499.493
1233 0 55.1448 11.4789 633 115.605 707.989 498.731
1234 0 55.1507 11.0425 609 116.979 708.557 499.997
1235 0 57.2402 11.7051 670 112.588 708.364 498.664
1236 0 57.2708 11.4718 657 113.769 708.131 499.667
1237 0 58.2261 11.4897 669 114.085 706.809 499.309
1238 0 58.3208 12.0369 702 112.96 707.179 497.744
1239 0 58.2137 12.0075 699 114.755 707.046 499.099
1240 0 60.3487 12.0467 727 112.776 707.099 500.18
1241 0 60.248 12.183 734 114.131 708.105 498.789
1242 0 59.2433 11.8663 703 115.529 707.363 498.01
1243 0 61.2286 12.6738 776 113.103 706.794 496.251
1244 0 57.1846 12.1886 697 118.278 707.265 495.874
1245 0 59.3411 12.1332 720 116.942 707.91 496.043
1246 0 61.2262 12.2007 747 115.604 708.203 494.849
1247 0 60.1561 12.8167 771 115.005 707.451 494.521
1248 0 60.2847 13.1211 791 114.363 707.135 494.473
1249 0 62.3264 12.7715 796 114.247 706.485 493.901
1250 0 63.3502 13.2438 839 111.728 707.23 493.046
1251 0 64.2211 12.5504 806 112.692 707.468 492.581
1252 0 64.3022 12.8767 828 107.757 707.471 494.278
1253 1 104.609 11.1558 1167 82.8466 707.591 464.26
1254 0 106.58 10.9682 1169 79.1916 708.317 467.515
1255 0 108.787 10.8009 1175 77.926 708.177 462.98
1256 0 106.957 9.05969 969 82.2508 708.817 457.454
1257 0 102.507 10.4091 1067 79.8978 708.033 453.856
1258 0 102.506 10.1165 1037 79.7493 708.25 452.373
1259 0 97.5519 9.51289 928 82.3718 707.052 447.002
1260 0 91.42 9.72435 889 83.8279 707.402 441.7
1261 0 83.65 10.9982 920 84.3174 707.282 437.503
1262 0 84.3788 10.7965 911 84.1888 707.467 437.447
1263 0 78.3857 11.252 882 86.8084 707.077 433.167
1264 0 80.2404 12.1011 971 83.9557 707.793 433.275
