time division length width area intensity CMx CMy
0 0 52.0505 15.6963 817 81.2595 653.479 481.804
1 0 53.0773 16.0521 852 90.4225 653.646 480.746
2 0 54.0456 15.8755 858 78.9464 652.101 479.976
3 0 55.0356 15.9715 879 79.1752 652.365 481.064
4 0 55.1021 16.17 891 82.7205 653.397 478.412
5 0 58.0734 15.9281 925 79.4065 652.586 480.148
6 0 56.0753 15.4079 864 86.5752 653.226 479.123
7 0 58.1135 16.3817 952 84.5935 653.124 480.554
8 0 59.0474 16.1057 951 80.7108 652.887 477.988
9 0 62.0298 16.347 1014 84.2682 653.066 479.073
10 0 61.1513 16.0095 979 89.0776 652.61 478.396
11 0 63.0854 15.6138 985 92.4244 652.079 478.422
12 0 66.0954 16.7788 1109 86.7457 652.267 477.921
13 0 67.0619 16.3431 1096 82.0967 651.363 474.899
14 0 68.046 15.71 1069 87.8849 651.362 474.399
15 0 70.0422 16.1902 1134 82.2108 651.184 473.609
16 0 71.0839 16.0233 1139 82.8086 650.766 473.497
17 0 73.1245 16.889 1235 84.0016 650.698 472.652
18 0 75.1052 16.0575 1206 88.6086 650.878 473.707
19 0 77.227 16.6004 1282 89.6716 650.576 473.54
20 0 79.031 16.7023 1320 84.9871 649.883 470.586
21 0 80.0466 16.0656 1286 87.9012 650.733 469.243
22 0 83.0405 16.2812 1352 85.8876 650.102 467.977
23 0 85.0361 16.6282 1414 85.4102 649.96 467.823
24 0 86.094 15.9825 1376 88.6214 649.822 467.426
25 0 87.147 16.0878 1402 89.7867 650.029 465.081
26 0 91.1743 16.803 1532 86.3636 650.941 465.458
27 0 93.0782 16.556 1541 86.4043 650.047 462.907
28 0 96.1378 16.7884 1614 84.1605 650.675 463.525
29 0 99.1923 17.33 1719 82.2327 650.22 462.967
30 0 102.176 17.6558 1804 80.2389 650.436 462.16
31 0 103.275 17.0515 1761 82.0886 650.231 460.019
32 0 107.262 16.8 1802 81.8824 650.84 459.832
33 0 110.215 17.4568 1924 80.6783 649.877 457.499
34 0 112.215 16.6021 1863 82.5819 649.935 456.809
35 0 116.38 16.8844 1965 81.8957 649.511 455.788
36 0 119.309 16.6793 1990 82.9533 650.278 452.128
37 0 122.206 16.0221 1958 84.6736 649.884 449.423
38 0 127.364 17.2811 2201 81.1413 649.69 447.643
39 0 132.245 17.5507 2321 79.9996 649.784 446.131
40 0 138.305 18.199 2517 77.7549 649.662 444.457
41 0 142.29 17.2745 2458 79.5496 650.227 442.424
42 0 146.298 17.2251 2520 79.2119 648.983 438.857
43 1 74.2199 13.9181 1033 84.726 649.83 476.034
44 0 78.1736 13.8154 1080 84.888 649.335 473.456
45 0 80.208 14.4125 1156 84.2682 649.436 471.614
46 0 82.1367 14.695 1207 83.4217 649.394 470.962
47 0 82.1712 14.0317 1153 85.7285 649.271 469.215
48 0 85.2104 14.1884 1209 86.2432 648.74 467.978
49 0 90.1166 14.7476 1329 83.7547 648.358 467.737
50 0 91.1352 14.2645 1300 85.63 649.044 464.513
51 0 94.109 13.8456 1303 84.8503 650.104 462.456
52 0 97.2603 14.2401 1385 81.722 649.821 461.483
53 0 99.2106 13.4865 1338 82.1286 650.464 461.495
54 0 103.323 13.0756 1351 80.772 649.968 459.139
55 0 105.257 13.2153 1391 79.9842 650.133 457.39
56 0 109.168 13.3739 1460 79.1856 650.316 454.57
57 1 60.1942 11.6955 704 75.5213 650.705 477.628
58 0 60.1942 11.7619 708 135.879 649.706 477.579
59 0 63.1404 12.0842 763 73.6723 651.178 476.731
60 0 62.1575 11.1813 695 75.0791 650.655 473.594
61 0 66.1475 12.0942 800 73.075 650.916 471.895
62 0 69.2137 11.8474 820 71.1622 650.032 472.377
63 0 69.1117 12.1976 843 70.5836 650.261 471.343
64 0 69.1117 12.2989 850 114.058 650.287 471.389
65 0 75.1054 11.6902 878 68.4613 650.136 466.967
66 0 78.0752 12.5904 983 66.5056 649.438 466.995
67 0 79.1306 11.8159 935 67.7979 648.933 465.982
68 0 80.0828 11.3258 907 66.935 649.078 463.865
69 0 86.1054 11.6137 1000 66.664 649.266 461.35
70 0 83.1108 11.972 995 65.2573 649.296 461.939
71 0 90.0586 12.0255 1083 64.8079 649.429 460.074
72 0 93.115 11.8885 1107 65.72 649.977 457.575
73 0 96.0741 12.2718 1179 65.6175 649.701 455.913
74 0 98.0654 12.0532 1182 67.1015 649.688 453.588
75 0 100.211 12.4637 1249 67.538 649.481 453.712
76 0 104.099 12.2383 1274 68.8234 649.205 453.892
77 0 106.067 12.8504 1363 69.0631 649.794 451.659
78 0 112.087 12.1335 1360 70.1691 649.229 448.075
79 1 57.0544 9.32443 532 70.6429 649.269 479.359
80 0 58.0229 9.54795 554 72.6913 649.906 476.114
81 0 61.0284 9.2416 564 73.7163 649.335 474.098
82 0 64.1033 9.95269 638 73.6991 650.409 475.1
83 0 66.0454 10.8562 717 76.8326 649.845 473.126
84 0 69.0753 10.6695 737 77.5088 650.517 471.327
85 0 70.12 10.5676 741 79.1552 650.142 470.663
86 0 70.1149 10.1833 714 105.779 650.154 471.289
87 0 76.1369 11.8865 905 77.9823 649.886 468.382
88 0 78.1514 10.2749 803 80.9377 650.841 465.603
89 0 82.1033 9.90216 813 80.7294 650.571 465.277
90 0 84.067 10.4797 881 79.5471 650.659 461.695
91 0 87.0859 10.1968 888 79.384 650.729 461.275
92 0 90.1121 9.64355 869 80.8481 649.947 457.85
93 0 93.1195 9.17101 854 80.8899 650.424 461.087
94 0 100.088 12.2193 1223 74.7964 649.841 465.153
95 0 103.175 11.0589 1141 78.8869 649.479 460.719
96 0 106.119 11.7415 1246 78.2648 649.98 459.864
97 0 109.159 11.8634 1295 78.729 649.53 458.977
98 0 113.235 11.9044 1348 79.3731 649.949 456.772
99 0 115.343 12.1463 1401 81.9108 649.779 456.209
100 0 120.224 12.485 1501 81.5137 649.455 454.379
101 0 120.224 12.5516 1509 163.595 649.457 454.475
102 0 126.285 12.6381 1596 82.9449 649.617 448.882
103 1 69.1583 11.4665 793 73.8335 650.267 479.241
104 0 68.2256 10.7877 736 76.159 651.16 478.364
105 0 71.0916 11.8017 839 75.4434 650.639 475.925
106 0 72.1778 10.7235 774 77.5426 651.32 477.742
107 0 76.1377 11.3479 864 77.3322 650.852 475.454
108 0 77.098 11.012 849 78.7939 650.837 474.716
109 0 78.2159 10.8546 849 79.3675 650.485 473.04
110 0 83.1841 11.192 931 78.6058 651.187 472.642
111 0 87.1981 11.9842 1045 78.156 650.434 470.964
112 0 88.2255 12.162 1073 79.9683 650.701 467.644
113 0 93.2886 11.9307 1113 80.3549 650.682 464.517
114 0 94.3492 11.7648 1110 81.6766 649.656 461.859
115 0 98.2526 12.0811 1187 81.0497 650.191 461.043
116 0 100.208 12.4541 1248 81.7676 649.852 460.594
117 0 104.247 12.0771 1259 81.8348 650.284 460.183
118 1 56.1849 10.3231 580 79.8069 650.816 483.421
119 0 55.115 10.5779 583 77.753 650.878 479.592
120 0 57.1126 10.9958 628 76.0924 651.933 479.142
121 0 58.2171 11.1651 650 72.4908 650.937 483.871
122 0 60.1427 11.7221 705 71.8794 650.715 483.068
123 0 59.1849 10.1884 603 75.3665 650.945 482.537
124 0 62.2531 10.9071 679 74.271 650.817 480.795
125 0 64.1003 9.99996 641 75.3058 650.796 479.555
126 0 66.1667 10.5038 695 75.1511 651.348 479.381
127 0 69.2406 10.7885 747 76.0964 650.969 477.111
128 0 72.0829 11.5423 832 75.4495 650.476 477.044
129 0 73.1617 10.716 784 78.7296 650.787 474.866
130 0 77.149 11.7046 903 75.8671 650.494 474.059
131 0 80.141 11.9165 955 76.2827 649.547 472.083
132 0 80.0948 10.6624 854 80.0422 649.33 471.221
133 0 85.1176 11.584 986 79.0984 649.029 468.981
134 0 87.1598 10.9684 956 80.4582 648.917 468.576
135 1 45.0256 9.81664 442 76.9231 650.084 490.563
136 0 48.0191 9.30879 447 77.2819 649.617 488.745
137 0 49.0111 10.4466 512 76.7832 649.6 488.227
138 0 50.0673 10.9653 549 75.8142 651.14 488.337
139 0 50.1474 11.0275 553 76.3291 649.816 489.289
140 0 51.1077 10.742 549 76.9563 649.964 488.852
141 0 53.0845 11.4911 610 77.3656 650.554 488.597
142 0 55.1523 11.713 646 77.2848 649.859 487.031
143 0 56.08 10.6455 597 78.3735 649.591 487.201
144 0 58.0507 10.8181 628 77.6943 649.951 485.787
145 0 60.1075 11.5127 692 76.4942 649.759 485.051
146 0 62.1079 11.2385 698 76.3754 649.236 484.424
147 0 64.1009 11.8095 757 75.4373 649.749 485.285
148 0 66.0891 11.8325 782 75.2302 649.568 483.012
149 0 68.0657 11.6211 791 76.5019 649.564 480.576
150 0 71.168 11.8312 842 77.6983 649.403 477.936
151 0 73.089 11.6844 854 78.8946 648.896 477.371
152 0 75.1154 11.276 847 80.4545 648.823 476.64
153 0 78.0885 11.5254 900 81.7267 647.77 475.257
154 0 81.1167 12.0444 977 81.3787 647.785 475.169
155 0 83.0509 12.1612 1010 83.5901 648.429 472.411
156 0 86.1349 12.3527 1064 84.9812 648.469 471.38
157 0 87.0914 11.7692 1025 87.0068 648.946 470.642
158 0 90.0422 12.0943 1089 85.6556 648.762 468.792
159 0 90.0422 12.0499 1085 132.571 648.76 468.767
160 0 95.0809 11.7584 1118 87.7415 648.565 466.911
161 0 97.1245 11.8199 1148 88.7988 648.167 464.296
162 1 48.022 10.6201 510 80.2686 649.141 491.5
163 0 50.0189 10.636 532 81.7462 648.421 489.94
164 0 50.0189 10.656 533 121.57 647.411 489.919
165 0 53.1314 11.8009 627 78.3174 650.686 488.906
166 0 54.1948 11.3849 617 78.8784 650.587 487.648
167 0 56.2381 11.5402 649 79.7257 650.149 486.71
168 0 59.1981 11.6896 692 77.9812 650.376 484.853
169 0 59.1551 11.715 693 78.6248 650.198 484.033
170 0 61.1912 12.1586 744 78.293 650.313 483.715
171 0 63.1509 11.813 746 86.4464 649.89 482.436
172 0 63.2308 11.5292 729 87.1454 650.58 480.103
173 0 68.1738 11.7054 798 84.9712 650.427 479.089
174 0 69.1892 12.2129 845 83.9124 650.634 477.949
175 0 70.1713 11.4007 800 84.395 650.529 477.168
176 0 71.2232 11.5973 826 83.0048 649.757 477.63
177 0 74.1982 10.9032 809 83.5117 649.324 476.251
178 0 76.1403 11.5576 880 82.0477 649.961 475.148
179 0 79.1057 11.8702 939 80.5282 649.873 473.086
180 0 80.1072 11.597 929 81.169 649.463 472.365
181 0 83.1368 11.451 952 81.1618 650.721 471.793
182 0 85.4259 11.0622 945 81.2952 650.295 467.403
183 0 87.4264 10.6032 927 83.0507 650.71 465.556
184 0 91.3384 11.4081 1042 81.0029 649.698 463.474
185 0 92.3969 10.693 988 82.163 650.159 463.825
186 1 47.3859 9.91855 470 75.3851 651.089 487.287
187 0 50.3311 10.2521 516 74.4031 650.63 487.395
188 0 52.2761 10.3489 541 73.6322 650.14 484.566
189 0 55.2895 11.485 635 72.0929 649.556 484.093
190 0 54.0243 11.0506 597 71.2228 648.358 482.528
191 0 59.0486 12.1087 715 69.5077 649.217 484.222
192 0 59.0322 11.9257 704 70.5597 648.628 483.518
193 0 62.0421 11.1698 693 70.9553 648.17 482.459
194 0 61.0881 12.13 741 70.919 648.637 481.143
195 0 64.0713 11.8306 758 71.2203 649.018 479.953
196 0 65.0635 11.3735 740 72.4797 648.85 479.28
197 0 68.0669 11.4593 780 72.6538 649.126 478.086
198 0 73.045 11.8146 863 72.4902 649.206 477.088
199 0 73.0495 11.3758 831 74.5199 649.709 474.638
200 0 75.0314 11.6751 876 75.5068 649.445 472.449
201 0 77.0816 11.4165 880 76.7818 649.017 472.119
202 1 40.0691 9.60841 385 96.374 648.574 492.582
203 0 40.1036 10.0988 405 96.7407 648.822 490.553
204 0 41.1627 10.6893 440 95.5727 650.086 487.702
205 0 43.2444 10.3135 446 95.2332 650.336 488.101
206 0 43.2586 11.1192 481 94.6528 649.825 487.328
207 0 45.133 11.1005 501 94.1836 649.483 487.826
208 0 45.0547 11.5193 519 92.8805 649.054 490.378
209 0 48.0836 11.3968 548 92.2792 649.996 486.932
210 0 50.0788 11.5418 578 91.8979 649.668 487.17
211 0 50.049 11.5887 580 89.0569 648.119 488.262
212 0 50.0851 11.2808 565 91.3009 648.354 487.735
213 0 53.037 11.9728 635 90.0677 648.46 487.231
214 0 55.0685 12.0759 665 89.1835 648.426 486.468
215 0 56.1458 12.5032 702 90.3803 649.326 485.403
216 0 57.092 12.4361 710 91.8789 648.987 484.18
217 0 59.1106 11.893 703 93.6088 648.956 483.434
218 0 60.1071 12.4611 749 93.6328 648.578 481.668
219 0 62.1442 11.6503 724 98.3011 648.968 481.943
220 0 63.1293 12.0229 759 98.7299 648.958 481.012
221 0 66.1063 12.6614 837 97.6953 648.27 480.284
222 0 68.1716 12.7912 872 97.9874 648.767 479.422
223 0 71.1653 12.8996 918 98.2702 649.527 478.24
224 0 73.1935 13.1706 964 98.3164 649.144 477.608
225 0 74.1346 12.6527 938 100.17 649.078 476.016
226 0 76.1971 12.9664 988 100.344 649.3 473.867
227 0 78.1059 12.9312 1010 101.485 649.414 473.083
228 0 80.1837 12.7707 1024 103.406 648.921 471.728
229 0 82.1936 13.091 1076 103.181 648.781 471.809
230 0 83.2023 12.8843 1072 104.636 649.269 471.63
231 0 85.139 13.2959 1132 104.475 649.304 468.874
232 0 89.1411 12.9682 1156 104.66 648.369 468.341
233 0 92.1266 13.2101 1217 104.515 648.251 467.56
234 0 93.1356 13.2924 1238 104.259 648.907 467.996
235 0 95.2062 12.4992 1190 107.929 648.685 464.634
236 0 97.1803 13.9843 1359 104.519 648.662 462.986
237 0 100.138 13.6412 1366 104.807 648.796 463.237
238 0 102.206 13.4924 1379 106.247 649.073 461.802
239 0 107.244 14.3784 1542 102.59 648.795 460.31
240 0 110.17 13.6335 1502 105.499 648.606 456.893
241 0 113.104 13.545 1532 105.097 648.404 456.787
242 0 114.192 13.7575 1571 105.952 648.569 455.334
243 0 117.127 13.4213 1572 106.322 648.355 451.309
244 0 122.173 13.972 1707 103.098 647.561 449.795
245 0 123.143 13.529 1666 106.706 647.422 447.035
246 0 128.156 13.5304 1734 106.13 647.706 445.577
247 0 131.162 13.693 1796 106.584 647.15 442.278
248 0 134.251 13.5641 1821 108.132 647.478 441.05
249 0 138.153 13.3041 1838 110.072 647.035 437.999
250 0 145.26 13.9612 2028 107.933 647.112 435.041
251 0 148.29 13.9119 2063 110.905 647.046 433.038
252 0 152.305 13.8407 2108 110.67 647.291 429.684
253 0 156.292 13.462 2104 113.572 647.568 427.729
254 0 160.245 13.885 2225 110.709 647.374 418.252
255 0 162.262 13.6261 2211 112.541 646.806 414.387
256 0 170.184 13.4972 2297 112.613 647.561 412.583
257 0 174.165 13.8891 2419 111.435 646.885 410.391
258 0 179.224 13.67 2450 111.149 646.487 407.114
259 0 184.22 13.1962 2431 114.215 646.111 404.588
260 0 190.374 13.3421 2540 112.382 646.462 401.094
261 0 200.244 13.8531 2774 110.614 646.261 400.713
262 0 208.342 13.6746 2849 110.833 646.408 400.28
263 0 215.511 13.6606 2944 112.748 646.539 397.141
264 1 60.1328 10.5101 632 96.5158 648.051 477.862
265 0 65.0406 11.439 744 99.3427 647.851 480.187
266 0 65.1426 10.9452 713 99.3633 647.295 478.794
267 0 68.2007 11.3928 777 94.5277 646.566 477.779
268 0 71.1636 11.312 805 91.3702 647.113 475.658
269 0 72.1113 11.6903 843 91.2954 646.635 475.071
270 0 73.1178 11.2285 821 92.0682 647.351 474.827
271 0 75.1327 10.914 820 95.2012 646.562 474.512
272 0 77.2095 11.1385 860 95.1128 647.244 473.64
273 0 82.1624 11.4894 944 93.1981 646.928 471.927
274 0 82.1173 11.0086 904 96.583 647.084 471.174
275 0 85.1839 11.8097 1006 95.8559 646.963 470.213
276 0 88.1895 11.2939 996 100.012 647.747 468.728
277 0 89.1567 11.6088 1035 99.6406 647.205 466.521
278 0 93.1709 11.6345 1084 99.6974 646.96 465.62
279 0 96.1891 11.8932 1144 102.426 647.033 463.941
280 0 99.2043 12.2777 1218 108.325 646.948 462.631
281 0 101.202 12.3317 1248 108.207 647.218 461.385
282 0 101.202 12.3614 1251 145.609 647.222 461.359
283 0 136.483 15.0861 2059 84.6421 647.521 445.054
284 0 134.352 15.5338 2087 90.6387 647.713 442.672
285 0 135.462 17.1634 2325 83.717 647.904 440.262
286 0 132.458 18.3228 2427 80.5645 647.79 437.496
287 0 132.512 16.074 2130 90.2624 647.986 442.902
288 0 130.445 15.1021 1970 95.5878 647.676 443.373
289 0 128.36 13.8049 1772 101.18 647.792 444.752
290 0 129.31 11.9712 1548 107.822 647.273 445.371
291 0 134.218 18.1571 2437 80.0776 647.649 426.998
292 0 135.391 13.9522 1889 93.0895 647.166 431.878
293 0 140.247 14.5315 2038 92.4298 646.802 432.915
294 0 143.268 14.0506 2013 94.9151 647.305 429.383
295 0 145.264 14.2568 2071 95.7243 646.516 425.385
296 0 150.339 14.3808 2162 95.846 647.043 423.069
297 0 153.259 13.5979 2084 99.1919 646.821 418.962
298 0 156.256 13.9131 2174 99.8077 646.625 416.833
299 0 161.272 13.995 2257 101.002 646.517 415.053
300 0 169.383 14.6473 2481 99.4534 646.261 414.37
301 0 172.262 14.7101 2534 100.158 645.749 409.393
302 0 177.262 14.5322 2576 101.171 645.877 406.685
303 0 179.308 14.054 2520 103.688 645.99 403.367
304 0 186.251 14.1583 2637 103.356 645.921 398.324
305 0 192.169 14.6538 2816 101.424 646.329 395.461
306 0 202.302 15.1507 3065 98.9902 646.169 394.212
307 0 207.275 14.8354 3075 99.8667 645.954 394.23
308 1 43.052 6.66636 287 72.8432 646.951 484.666
309 0 46.0641 6.94684 320 74.1312 646.55 486.694
310 0 49.1521 9.62318 473 79.74 648.539 489.702
311 0 52.077 9.63957 502 75.9482 648.649 488.125
312 0 52.027 9.66806 503 77.2286 648.907 488.402
313 0 55.0797 9.85845 543 75.8766 648.468 488.109
314 0 55.0515 9.48203 522 76.1609 648.255 487.172
315 0 56.0377 10.3502 580 74.6241 648.119 487.71
316 0 57.0167 10.4355 595 75.5059 648.267 486.748
317 0 57.0456 9.01034 514 76.93 645.407 485.689
318 0 60.0794 10.2531 616 75.2062 645.821 485.057
319 0 61.0652 9.62905 588 75.6054 646.537 484.469
320 0 64.0479 9.80516 628 74.1576 645.943 483.67
321 0 63.2028 8.40152 531 77.9849 647.793 484.714
322 0 65.2523 8.26024 539 78.6475 647.72 486.007
323 0 65.0792 7.8366 510 80.9039 647.976 482.947
324 0 67.2085 8.65962 582 78.7405 647.662 484.232
325 0 70.1513 8.36763 587 79.0153 647.62 482.535
326 0 72.1878 8.50559 614 79.2622 646.79 481.891
327 1 39.0314 8.53159 333 77.3453 647.538 498.21
328 0 39.0377 9.04254 353 75.915 647.666 497
329 0 44.0352 9.28803 409 86.0562 648.403 495.775
330 0 45.0667 9.03106 407 87.0713 648.091 493.636
331 0 45.1087 9.51035 429 87.4592 647.431 493.965
332 0 46.0835 10.0687 464 85.9375 647.864 490.045
333 0 46.1292 10.1237 467 87.0086 648.047 490.537
334 0 47.0693 10.2827 484 86.4277 647.75 490.244
335 0 48.2616 9.92508 479 86.2088 646.693 488.977
336 0 52.3706 11.2849 591 81.7851 645.844 487.986
337 0 52.4415 10.6786 560 83.55 645.855 487.954
338 0 55.4249 11.1141 616 82.0049 646.623 489.315
339 0 58.5034 11.2301 657 81.4292 646.361 488.204
340 0 58.4162 11.5721 676 82.2175 646.283 486.322
341 0 57.3766 11.4507 657 83.3638 645.814 486.228
342 0 59.2513 12.0335 713 83.3703 646.213 486.617
343 0 61.3159 11.6772 716 84.9441 646.059 485.831
344 0 63.355 11.3961 722 86.5402 645.706 484.355
345 0 63.3414 12.33 781 85.0922 644.837 484.403
346 0 64.3399 12.0454 775 78.7858 645.112 483.361
347 0 67.3121 11.7364 790 88.3139 644.944 481.308
348 0 67.3133 11.7659 792 88.8838 645.34 482.172
349 0 70.3359 11.4166 803 88.7198 645.243 480.654
350 0 72.2955 12.0893 874 88.3913 645.305 480.12
351 0 74.3269 12.4047 922 88.0933 645.756 478.831
352 0 75.2949 12.5639 946 87.6956 645.153 477.487
353 0 77.3523 11.7644 910 89.2516 645.024 476.134
354 0 78.4123 11.8986 933 90.8553 644.239 476.786
355 0 82.3761 13.1227 1081 87.7447 644.012 475.33
356 0 85.4769 12.8924 1102 88.1025 644.057 475.215
357 0 85.3222 12.4 1058 90.6493 644.552 473.844
358 0 85.302 12.3561 1054 137.544 645.547 473.913
359 0 90.3373 12.8297 1159 90.9577 644.457 469.398
360 0 94.3158 12.5536 1184 91.4096 645.045 469.07
361 1 49.0323 9.91183 486 85.8477 645.403 492.28
362 0 50.1495 10.369 520 89.8096 645.854 489.806
363 0 54.0915 11.0184 596 87.8037 645.982 489.725
364 0 53.0458 11.2544 597 88.5812 645.534 489.814
365 0 53.1373 11.6114 617 89.4765 645.893 489.139
366 0 55.0815 11.8007 650 88.7631 647.518 489.102
367 0 55.0861 11.3822 627 86.0845 646.872 489.815
368 0 57.1482 11.4264 653 84.8377 646.404 487.452
369 0 57.0924 11.6303 664 86.2304 646.825 489.651
370 0 59.0911 11.5415 682 86.0029 646.098 487.633
371 0 61.1275 12.1386 742 86.1226 646.345 486.181
372 0 64.215 12.3803 795 84.2214 646.25 486.014
373 0 64.0741 12.548 804 85.24 646.174 485.735
374 0 68.1083 12.8912 878 83.754 646.116 484.388
375 0 67.1994 12.3959 833 87.0276 646.228 483.382
376 0 70.2106 13.431 943 85.1951 646.854 482.927
377 0 71.1578 12.9993 925 87.2508 646.888 481.813
378 0 72.1341 12.4075 895 90.2715 646.791 481.571
379 0 74.1869 12.6168 936 89.3269 647.064 479.578
380 0 78.1616 12.6917 992 88.0655 646.764 478.271
381 0 80.2477 13.1468 1055 88.1981 646.782 477.083
382 0 82.21 13.1614 1082 88.0176 645.916 476.329
383 0 82.1553 13.0728 1074 89.6229 646.417 474.94
384 0 87.2471 13.1695 1149 88.1923 645.936 473.746
385 0 89.2041 12.4434 1110 90.7063 646.358 472.401
386 0 92.3585 12.9604 1197 90.0384 646.197 470.595
387 0 94.2576 13.7814 1299 88.3279 646.462 469.457
388 0 96.1213 12.7859 1229 91.227 645.799 467.194
389 0 97.2359 13.0302 1267 91.9234 646.447 464.561
390 0 100.259 12.4477 1248 90.5986 646.158 463.25
391 0 103.213 13.6417 1408 92.5078 645.886 461.53
392 0 104.274 13.4165 1399 94.8263 645.489 458.355
393 0 109.35 13.7358 1502 95.6591 645.224 456.415
394 0 115.324 13.4317 1549 88.2234 644.637 456.154
395 0 117.35 13.4384 1577 89.5346 645.823 454.388
396 0 123.262 13.8648 1709 89.8327 645.525 452.088
397 0 127.326 14.0113 1784 92.9978 646.098 449.939
398 0 131.307 14.0206 1841 95.2265 645.683 448.545
399 0 135.317 13.0361 1764 99.1332 646.315 446.289
400 0 141.384 14.0115 1981 97.2741 646.016 443.118
401 0 146.372 13.6501 1998 100.029 646.447 438.263
402 1 80.2194 11.9048 955 94.1267 647.387 471.486
403 0 83.2535 12.6361 1052 92.6093 647.047 470.837
404 0 84.2741 12.4119 1046 95.718 646.304 470.201
405 0 85.1707 11.9172 1015 97.9133 646.537 473.217
406 0 87.1272 12.8892 1123 97.0543 646.934 472.898
407 0 89.1653 12.2133 1089 98.7989 646.891 472.278
408 0 93.131 12.5952 1173 97.9446 647.402 469.59
409 0 96.115 12.6827 1219 98.3445 646.243 467.559
410 0 101.089 14.0668 1422 95.4768 647.103 465.177
411 0 104.24 13.3154 1388 99.2709 646.809 464.151
412 0 106.312 12.9618 1378 100.867 646.078 463.039
413 0 107.329 12.0843 1297 102.931 644.998 458.778
414 0 112.466 13.0172 1464 99.7384 644.914 457.137
415 1 58.3276 11.264 657 98.5814 645.335 482.694
416 0 62.1908 11.7381 730 98.7863 645.56 481.844
417 0 65.2718 12.2564 800 99.585 646.468 481.199
418 0 66.1324 12.7018 840 98.1167 646.331 479.807
419 0 70.1857 13.0796 918 98.3399 646.278 480.989
420 0 70.2079 12.8476 902 99.7661 645.92 477.867
421 0 74.1507 12.9466 960 97.7646 645.477 477.741
422 0 76.099 13.2065 1005 97.2985 645.16 477.038
423 0 76.124 13.0445 993 97.6949 645.614 474.516
424 0 79.0698 12.8368 1015 97.1202 646.199 474.77
425 0 83.0682 13.3384 1108 96.12 646.072 472.745
426 0 84.046 13.0524 1097 97.4093 646.153 470.857
427 0 87.0839 13.3779 1165 95.5382 646.011 470.948
428 0 88.1133 13.5167 1191 96.4542 645.647 468.35
429 0 93.1014 13.5551 1262 94.5967 645.864 467.891
430 0 95.0493 13.6876 1301 94.156 645.294 466.341
431 0 97.091 13.1217 1274 95.4058 645.347 465.184
432 0 100.149 13.3202 1334 94.8936 645.324 463.608
433 0 101.058 12.9431 1308 96.4021 645.328 462.091
434 0 105.092 13.5215 1421 94.3948 645.359 459.558
435 0 110.117 13.3222 1467 93.8289 645.401 458.15
436 1 58.0167 10.8072 627 85.3397 645.558 485.297
437 0 60.0482 11.0744 665 84.2752 644.988 484.802
438 0 61.1441 12.3152 753 82.077 646.591 481.43
439 0 61.0405 11.5661 706 83.4391 645.239 482.093
440 0 64.0385 11.1339 713 85.0224 645.931 482.118
441 0 65.0391 11.0241 717 86.8759 645.912 481.188
442 0 67.0559 10.4987 704 87.081 644.714 480.017
443 0 70.0596 11.4902 805 85.5689 644.88 478.157
444 0 70.0292 10.7384 752 87.2035 643.945 477.807
445 0 74.0611 11.315 838 85.8878 644.663 475.765
446 0 76.0702 11.2791 858 87.1643 644.62 474.27
447 0 79.0462 10.5128 831 86.9699 644.679 472.443
448 0 82.0585 11.2603 924 86.105 644.788 472.593
449 0 86.0475 11.6215 1000 87.822 645.141 471.126
450 0 88.0549 11.7654 1036 88.7027 645.32 471.149
451 0 89.0883 11.4942 1024 90.374 644.612 470.871
452 0 91.1054 11.9312 1087 91.92 646.26 466.729
453 0 92.058 11.5688 1065 92.0038 645.717 467.095
454 0 97.08 11.5266 1119 91.9473 646.32 463.5
455 1 52.1384 9.78165 510 87.549 645.382 487.886
456 0 54.2372 10.6016 575 87.0539 645.546 486.852
457 0 55.1549 10.8241 597 85.9615 644.945 486.32
458 0 55.2062 10.5966 585 79.6684 646.397 486.819
459 0 54.1546 9.95298 539 79.9314 645.896 487.484
460 0 57.1374 10.571 604 80.3195 646.576 485.407
461 0 59.0631 10.9882 649 79.9337 646.792 483.311
462 0 59.1247 11.1459 659 80.997 646.942 481.612
463 0 62.0495 10.7334 666 82.018 647.536 481.805
464 0 62.0495 10.8139 671 121.76 648.498 481.742
465 0 65.1153 10.7655 701 83.1626 647.558 479.957
466 0 66.1151 11.3287 749 84.5768 646.959 478.489
467 0 67.1528 10.9601 736 86.4647 647.399 478.363
468 0 73.2265 11.881 870 83.1954 646.584 477.256
469 0 73.164 11.8501 867 85.5144 646.166 476.107
470 0 76.2082 11.5998 884 86.5916 646.31 475.48
471 0 76.1969 11.3653 866 87.6363 646.412 474.73
472 0 78.2093 11.4181 893 132.262 645.361 473.946
473 0 81.1226 11.8216 959 94.2555 646.155 471.535
474 0 83.1176 12.2718 1020 93.6284 646.161 469.936
475 0 88.0838 12.1362 1069 92.5351 644.1 468.749
476 0 91.1526 12.7259 1160 91.5362 644.584 467.246
477 0 92.1243 12.1575 1120 93.0884 643.762 465.921
478 1 49.0262 10.3006 505 92.1307 643.196 485.067
479 0 50.0676 10.6456 533 91.4784 643.711 487.002
480 0 52.0913 11.5566 602 88.1478 644.801 486.761
481 0 55.0986 11.6337 641 89.3853 643.945 484.833
482 0 57.1808 11.2975 646 92.0604 644.588 484.811
483 0 58.1853 11.7212 682 90.5235 644.723 483.384
484 0 59.2525 11.6451 690 89.6855 645.258 484.859
485 0 62.3773 12.2 761 87.8555 645.166 482.327
486 0 63.4521 11.8672 753 87.6813 644.83 482.102
487 0 65.2235 11.6216 758 87.9697 643.679 480.848
488 0 68.3032 12.7227 869 84.6858 644.258 480.684
489 0 69.4124 12.2024 847 86.0189 644.798 478.89
490 0 71.2165 12.1461 865 85.4682 644.802 478.984
491 0 73.3274 12.2737 900 84.4878 644.587 476.033
492 0 75.4277 12.2236 922 85.0456 644.266 474.467
493 0 79.3505 12.5267 994 82.9779 644.357 474.38
494 0 81.2704 12.6368 1027 82.5871 645.12 475.288
495 0 82.4219 12.254 1010 84.1812 645.752 473.04
496 0 86.4714 11.9346 1032 83.8692 645.1 469.59
497 0 88.4386 13.2974 1176 82.29 644.17 467.075
498 0 91.2023 12.2475 1117 80.128 644.281 466.914
499 0 93.2159 12.3262 1149 79.3577 643.723 466.491
500 0 96.1179 12.4326 1195 79.8594 645.13 463.964
501 0 99.1051 12.6734 1256 78.4467 644.461 462.14
502 1 51.0327 9.79765 500 74.422 644.302 490.782
503 0 53.0858 10.3606 550 75.3164 645.08 489.591
504 0 53.094 10.5097 558 75.4391 643.9 487.679
505 0 56.0654 10.9872 616 74.4416 644.391 487.029
506 0 57.072 11.1088 634 74.8707 643.798 486.874
507 0 57.0809 11.0195 629 75.2989 643.126 486.887
508 0 62.1223 11.2842 701 74.7632 643.228 485.465
509 0 63.1607 11.4153 721 74.2497 643.393 484.495
510 0 66.0842 12.9229 854 72.2131 643.821 482.72
511 0 66.1047 12.3289 815 73.8896 644 480.843
512 0 69.0993 12.5761 869 73.4476 644.269 481.907
513 0 71.1013 12.1095 861 74.9129 644.851 479.657
514 0 74.1225 12.2635 909 74.2464 643.744 480.421
515 0 75.1085 12.5152 940 75.1351 644.204 477.334
516 0 79.1099 13.2095 1045 74.5091 644.01 476.708
517 0 79.0989 12.5286 991 77.3895 644.302 474.225
518 0 82.1289 12.59 1034 78.0851 643.753 475.233
519 0 86.0693 13.036 1122 77.3369 644.313 474.67
520 0 88.2642 12.5306 1106 79.2667 644.501 472.071
521 0 90.4126 12.3766 1119 80.2368 644.819 468.603
522 0 93.4042 12.8688 1202 80.8869 645.696 466.333
523 0 95.321 12.2009 1163 82.503 645.321 466.293
524 1 51.1439 10.8713 556 77.0018 646.34 490.356
525 0 53.2224 11.762 626 76.3578 645.412 488.129
526 0 55.0624 11.0783 610 76.5984 643.579 489.433
527 0 57.0409 11.8687 677 75.7858 643.338 489.393
528 0 57.058 12.426 709 75.7955 643.351 488.31
529 0 60.1291 12.5896 757 75.2734 643.424 487.284
530 0 62.0872 11.967 743 76.5397 643.501 486.03
531 0 65.0644 12.2187 795 76.1208 643.231 485.903
532 0 65.0907 12.7514 830 77.3627 642.966 485.694
533 0 70.1564 12.6147 885 76.0983 642.784 484.519
534 0 70.1088 12.1525 852 113.778 641.85 483.1
535 0 72.1083 12.5367 904 78.3872 642.175 482.531
536 0 73.0789 12.4249 908 79.6057 642.193 483.779
537 0 75.0699 12.4551 935 79.8406 643.28 481.882
538 0 76.0964 11.7745 896 83.1138 643.004 478.702
539 0 79.0712 12.2295 967 82.4664 643.029 479.459
540 0 84.0702 12.4063 1043 82.5254 643.761 479.356
541 0 86.0729 13.0587 1124 82.1432 643.361 476.934
542 0 86.0882 12.5104 1077 84.7716 643.391 474.739
543 0 90.0742 13.1558 1185 83.903 642.696 474.073
544 0 91.1377 12.8487 1171 85.3365 641.941 472.5
545 0 95.071 11.6124 1104 88.6304 642.125 472.332
546 0 98.0728 12.297 1206 86.8698 642.518 470.214
547 0 103.088 12.7561 1315 87.5498 642.992 468.436
548 0 104.11 12.0545 1255 89.7849 642.463 466.259
549 1 56.0178 11.9426 669 85.3991 642.145 491.254
550 0 58.1633 12.3102 716 85.1327 644.722 488.187
551 0 61.046 13.1868 805 84.3925 644.26 487.199
552 0 63.0318 11.8512 747 84.4632 642.833 488.25
553 0 64.0243 11.8393 758 85.0726 643.061 486.079
554 0 66.042 13.0069 859 81.5448 642.256 485.414
555 0 67.0835 12.626 847 83.2786 642.568 484.95
556 0 69.0423 12.6299 872 82.617 642.193 481.784
557 0 72.0935 12.1648 877 84.3227 642.849 481.881
558 0 73.0335 12.5833 919 91.1458 641.875 482.108
559 0 75.0629 12.1232 910 85.4736 642.909 482.084
560 0 77.0267 12.2425 943 85.3648 642.1 479.076
561 0 80.1241 12.7302 1020 84.3569 642.937 476.432
562 0 82.1028 12.5696 1032 84.218 642.44 477.274
563 0 84.1312 13.2175 1112 84.5522 642.881 474.561
564 0 86.0386 12.7385 1096 84.4526 642.731 476.672
565 0 88.0844 11.7387 1034 87.9101 642.592 475.049
566 0 91.054 12.2894 1119 86.4004 642.229 472.498
567 0 94.0713 12.246 1152 86.2535 642.106 471.581
568 0 97.0613 11.7658 1142 87.0455 642.57 468.433
569 1 53.1407 10.7827 573 88.0558 642.415 491.976
570 0 55.0174 11.1783 615 88.0163 644.18 490.654
571 0 57.0927 12.2958 702 80.3234 643.657 490.261
572 0 57.084 12.6305 721 90.165 643.18 491.064
573 0 61.0851 12.3434 754 91.3064 642.399 489.084
574 0 63.0514 12.4977 788 91.1345 642.515 486.897
575 0 63.0386 12.6272 796 91.642 642.5 486.195
576 0 65.0762 12.9233 841 91.1736 642.407 485.291
577 0 68.0831 12.7785 870 91.9322 642.172 483.522
578 0 70.1092 12.6374 886 95.2754 642.807 482.874
579 0 71.0697 12.3963 881 96.3485 643.549 483.319
580 0 73.167 12.4373 910 96.5385 643.434 481.341
581 0 76.1094 12.8105 975 96.2615 643.692 480.396
582 0 77.146 12.768 985 95.4934 642.365 480.132
583 0 79.2015 12.8533 1018 95.1798 642.409 478.559
584 0 82.1724 12.8875 1059 94.9424 642.384 477.671
585 0 83.1542 12.2904 1022 96.4384 642.628 476.595
586 0 85.1813 12.4206 1058 96.3979 642.755 476.056
587 0 87.2313 12.6216 1101 95.6921 642.531 474.43
588 0 89.14 12.2055 1088 96.2472 642.812 473.21
589 0 92.263 12.291 1134 96.1287 641.968 470.116
590 0 97.2655 12.3168 1198 95.2229 642.144 470.247
591 0 99.2229 12.2754 1218 94.3432 642.357 467.703
592 1 47.045 10.1392 477 92.7904 641.985 493.709
593 0 49.0246 10.5049 515 91.1379 641.823 494.379
594 0 51.1189 11.1896 572 87.8846 642.028 492.816
595 0 52.1237 10.3792 541 82.6322 642.527 491.675
596 0 54.0768 12.3343 667 79.979 643.421 491.496
597 0 54.0223 11.4027 616 80.9269 641.695 491.094
598 0 56.0149 11.854 664 80.6581 641.916 489.962
599 0 59.0798 12.5424 741 79.2213 642.305 490.779
600 0 58.0468 11.9042 691 82.2735 642.394 489.599
601 0 61.0617 11.2182 685 82.3372 641.099 489.004
602 0 62.0574 11.1026 689 83.3454 641.566 486.601
603 0 64.0476 11.3665 728 83.7885 641.419 485.282
604 0 68.042 11.8309 805 81.5565 641.467 485.251
605 0 68.1251 11.3027 770 83.3688 642.045 485.206
606 0 72.0631 11.823 852 81.4178 641.434 482.765
607 0 74.0261 11.9552 885 82.0294 641.226 482.676
608 0 78.0998 11.7414 917 82.5845 641.434 479.595
609 0 79.0789 12.5318 991 81.3693 642.275 478.557
610 0 80.0214 11.7219 938 82.6173 641.813 476.11
611 1 43.0178 10.1353 436 84.8647 641.326 494.195
612 0 44.0653 10.2575 452 82.0288 642.367 490.735
613 0 45.0786 11.2026 505 80.3683 641.8 490.364
614 0 49.1606 12.0015 590 85.6661 642.953 493.608
615 0 47.1895 11.2525 531 78.0753 643.911 494.435
616 0 50.1949 10.7979 542 77.8506 643.79 493.469
617 0 52.067 11.8117 615 76.6976 644.14 491.322
618 0 53.1481 10.593 563 78.2362 643.101 492.117
619 0 54.0862 10.8346 586 78.6416 644.167 490.44
620 0 57.1113 10.9961 628 77.7643 644.182 487.648
621 0 56.1333 11.2411 631 78.9762 643.655 487.751
622 0 61.1581 11.7891 721 75.4258 643.721 487.491
623 0 63.1166 11.7719 743 75.2786 643.883 487.77
624 0 65.1389 12.1126 789 74.8758 643.38 485.421
625 0 66.1874 11.7545 778 75.8946 644.094 484.731
626 0 68.0747 11.7665 801 76.9213 643.85 482.901
627 0 71.0964 12.3916 881 76.0885 644.196 482.137
628 0 76.2006 13.3726 1019 73.8714 643.39 482.428
629 0 75.1582 12.4138 933 76.3623 643.997 480.131
630 0 80.1425 12.8022 1026 76.6774 643.819 477.928
631 0 81.2187 13.0389 1059 77.8083 644.218 477.427
632 1 43.0625 11.82 509 80.1788 645.697 496.961
633 0 44.056 11.6443 513 81.575 645.52 496.538
634 0 47.043 12.733 599 77.4641 645.394 495.821
635 0 48.0333 12.6579 608 77.8125 645.789 495.12
636 0 48.0941 12.2052 587 78.2845 645.826 494.053
637 0 51.1159 12.7749 653 77.124 645.112 494.014
638 0 50.1196 12.6697 635 78.6016 644.844 494.027
639 0 53.0809 13.2816 705 77.227 645.611 493.353
640 0 53.0588 13.4191 712 77.3652 644.742 493.032
641 0 54.1552 13.4982 731 77.6471 645.369 492.157
642 0 56.0646 13.0564 732 78.474 644.306 490.893
643 0 57.1867 12.6953 726 78.9931 644.774 490.919
644 0 58.1256 13.3332 775 79.2632 644.865 488.375
645 0 61.1769 13.3057 814 78.1499 644.914 487.103
646 0 63.1742 13.7715 870 75.9494 645.009 486.359
647 0 65.086 12.9675 844 77.4929 644.328 485.547
648 0 67.0706 13.0161 873 77.5372 644.219 483.203
649 0 70.1209 13.1059 919 76.8205 644.329 481.51
650 0 73.1249 13.2103 966 77.5735 644.088 480.757
651 0 74.1587 12.7564 946 79.4207 644.262 480.643
652 0 78.1105 13.6601 1067 77.7282 644.05 477.509
653 1 42.1241 11.8222 498 83.7309 645.699 495.508
654 0 41.1203 11.5758 476 82.0105 645.162 492.67
655 0 40.0429 10.6885 428 81.3879 644.093 486.472
656 0 47.087 12.8061 603 83.4229 646.101 494.098
657 0 46.0378 13.1631 606 84.4373 645.838 492.713
658 0 49.0276 13.0947 642 83.7648 645.732 491.495
659 0 49.0294 12.7271 624 85.9071 646.338 491.407
660 0 53.0552 13.4954 716 82.5894 646.316 490.651
661 0 54.058 12.9675 701 83.5621 645.739 489.285
662 0 55.033 13.0104 716 84.243 645.62 489.44
663 0 56.0467 13.5066 757 83.8071 645.935 487.806
664 0 58.0205 13.2195 767 83.9309 645.669 487.904
665 0 59.0322 13.7383 811 83.8237 645.746 485.702
666 0 59.0663 12.596 744 87.5094 646.052 485.942
667 0 63.0204 13.3608 842 86.0641 646.634 484.422
668 0 62.0352 12.8798 799 88.7685 646.106 483.657
669 0 66.033 13.1752 870 87.9483 645.485 482.022
670 0 69.0899 13.0699 903 87.9956 645.118 481.37
671 0 71.0565 13.243 941 87.695 644.524 478.519
672 0 72.0824 12.8464 926 89.162 646.243 479.166
673 0 76.0986 12.786 973 89.0514 645.355 478.177
674 0 80.0438 13.4426 1076 88.2314 645.919 477.055
675 0 82.1342 13.8432 1137 86.4749 644.958 474.704
676 0 85.1248 13.2041 1124 88.3158 645.755 474.746
677 1 43.0401 10.5483 454 89.6564 646.388 493.577
678 0 46.2184 9.95275 460 80.9087 646.674 489.52
679 0 47.136 10.6076 500 77.578 644.404 489.188
680 0 50.1269 11.5906 581 79.3098 643.589 487.411
681 0 50.028 11.0938 555 83.0739 643.764 490.847
682 0 50.0504 11.1288 557 83.6679 643.646 489.122
683 0 53.0351 11.6338 617 83.6629 644.472 489.426
684 0 56.0889 11.5531 648 84.4846 645.466 490.338
685 0 57.0226 11.9251 680 83.8206 646.101 488.84
686 0 59.0811 12.2882 726 83.135 646.304 488.629
687 0 61.0821 12.1312 741 83.6559 645.642 486.367
688 0 62.0181 11.5128 714 84.2087 645.536 485.371
689 0 65.1409 11.406 743 84.3863 645.606 483.852
690 0 66.1757 11.545 764 85.0942 646.487 484.11
691 0 69.0707 11.6113 802 85.2419 645.353 482.535
692 0 72.0805 11.2929 814 84.7211 645.628 481.618
693 0 75.0462 11.9926 900 83.04 645.367 481.789
694 0 79.11 11.7052 926 83.6004 645.942 479.226
695 1 39.0745 10.1345 396 82.1136 646.52 499.472
696 0 41.0879 11.0251 453 82.0993 645.925 497.042
697 0 42.1061 10.236 431 83.5267 645.353 495.789
698 0 44.0075 12.2706 540 77.7537 645.189 496.935
699 0 44.048 11.3512 500 82.344 644.988 495.672
700 0 45.0683 11.3383 511 84.0391 645.341 495.321
701 0 47.032 12.6297 594 83.9343 644.104 495.561
702 0 49.0481 12.4571 611 84.581 644.345 495.07
703 0 50.0286 12.4928 625 85.7504 644.622 493.101
704 0 52.0527 12.1607 633 86.2101 644.398 493.79
705 0 51.0263 12.7973 653 85.9893 644.227 493.296
706 0 53.0264 13.3141 706 86.1728 643.993 492.003
707 0 54.0572 12.8752 696 87.6667 644.795 492.838
708 0 56.139 12.2375 687 89.0975 644.639 491.489
709 0 58.0724 12.7255 739 87.7253 643.204 489.878
710 0 61.1368 12.6274 772 88.8795 643.929 489.254
711 0 60.1392 13.0863 787 89.3469 643.859 488.775
712 0 64.2103 12.8173 823 89.0522 644.174 487.474
713 0 66.2293 13.257 878 89.8178 644.494 485.874
714 0 68.1844 13.3022 907 90.1136 644.051 483.924
715 0 70.3726 12.9454 911 92.1844 644.83 483.244
716 0 72.27 12.6332 913 93.621 644.698 483.482
717 0 75.2873 13.6145 1025 92.5122 644.293 481.611
718 0 77.3165 13.4771 1042 93.4319 643.552 481.147
719 0 81.2021 13.3125 1081 94.3099 643.628 479.772
720 0 83.1964 13.979 1163 93.8504 643.659 476.798
721 0 85.3086 13.5977 1160 95.7793 644.033 475.256
722 0 87.2191 13.4604 1174 97.0085 644.452 474.642
723 0 92.3152 13.3131 1229 97.6778 643.774 475.473
724 0 92.3135 13.3133 1229 99.5159 643.934 473.494
725 0 96.1738 12.9349 1244 101.295 644.223 472.723
726 0 97.2208 13.1351 1277 101.817 644.596 471.157
727 0 101.14 13.9114 1407 99.3952 643.008 469.736
728 0 104.119 13.4846 1404 100.956 642.754 468.973
729 0 106.199 12.9097 1371 103.624 642.543 466.795
730 0 114.159 12.9118 1474 102.478 643.095 466.428
731 1 60.0777 10.4198 626 105.688 643.379 490.486
732 0 61.0647 11.365 694 100.189 644.741 488.294
733 0 64.2385 12.5159 804 93.0112 645.257 488.713
734 0 67.1025 12.6523 849 93.6101 644.872 486.408
735 0 68.3552 12.6106 862 92.1624 645.102 483.892
736 0 71.2563 12.9252 921 91.2736 644.581 483.183
737 0 73.1473 13.1652 963 91.5857 644.438 481.359
738 0 75.1666 13.5166 1016 91.4311 644.49 481.588
739 0 80.1502 13.5121 1083 90.7165 643.681 481.777
740 0 79.0437 13.0055 1028 93.5661 643.131 480.425
741 0 83.0933 13.539 1125 92.224 643.655 479.534
742 0 84.1251 13.2778 1117 95.3286 644.484 479.223
743 0 87.0752 12.7246 1108 96.9431 644.588 476.282
744 0 91.107 13.1604 1199 95.1343 644.251 475.154
745 0 94.0732 13.2982 1251 94.6171 644.375 472.826
746 0 97.0618 12.899 1252 93.8522 643.351 471.51
747 0 99.091 12.9981 1288 93.955 643.957 469.273
748 0 102.116 13.0048 1328 94.6702 644.212 468.071
749 0 104.197 12.9178 1346 94.3031 643.765 467.308
750 0 108.118 12.6528 1368 93.7573 643.526 466.776
751 0 110.17 12.5534 1383 93.9277 644.077 463.38
752 0 110.17 12.5171 1379 148.235 644.076 463.354
753 1 65.0831 11.831 770 94.0208 643.936 485.169
754 0 68.1046 12.1284 826 91.2591 645.413 484.339
755 0 72.1216 12.6592 913 91.6911 643.416 481.475
756 0 73.0597 12.8251 937 91.5774 643.328 480.908
757 0 74.0448 12.6545 937 91.5069 643.326 481.733
758 0 76.1098 12.771 972 91.9064 643.546 480.803
759 0 79.0538 12.8141 1013 92.0286 643.844 479.13
760 0 82.0891 12.523 1028 91.7753 643.605 478.352
761 0 84.0432 12.5055 1051 91.8325 643.664 476.052
762 0 86.1165 12.8198 1104 91.9909 643.761 474.299
763 0 87.1451 12.7259 1109 94.1921 643.554 471.945
764 0 92.1193 12.6792 1168 93.036 643.797 469.919
765 0 95.2098 12.9293 1231 92.1113 644.004 468.973
766 0 96.1273 12.2338 1176 93.7815 643.591 467.836
767 0 102.227 12.8537 1314 90.3554 643.393 465.684
768 0 102.31 12.1689 1245 91.9582 643.12 463.976
769 1 55.0667 10.4964 578 89.6938 642.993 486.446
770 0 58.0533 11.765 683 86.9107 645.613 485.546
771 0 55.0496 10.4815 577 82.0988 646.341 480.198
772 0 58.1439 11.0932 645 89.7922 646.668 482.184
773 0 60.3016 11.3927 687 88.6186 646.211 481.786
774 0 62.2987 11.814 736 87.0516 645.432 481.705
775 0 63.3377 11.8729 752 87.7394 645.032 482.041
776 0 66.2601 12.2246 810 86.4667 644.642 478.714
777 0 69.3292 11.9286 827 85.7376 645.624 477.67
778 0 73.2486 12.4781 914 84.6061 645.406 476.915
779 0 73.2348 12.7671 935 84.369 644.904 475.664
780 0 74.3806 12.0462 896 86.6083 644.723 474.968
781 0 76.2258 12.581 959 85.9312 645.43 474.125
782 0 80.2693 12.4082 996 86.4789 645.819 471.995
783 0 81.2558 12.4176 1009 86.3459 645.035 469.929
784 0 84.3151 12.1805 1027 86.6573 645.523 470.14
785 0 85.1299 11.8995 1013 81.6525 644.566 469.218
786 0 87.1028 11.6759 1017 83.0659 645.353 467.977
787 0 88.1884 11.4187 1007 83.1033 645.234 471.133
788 0 93.333 11.625 1085 84.6323 645.257 466.188
789 0 98.5278 12.7578 1257 91.187 645.317 464.182
790 0 100.177 11.2102 1123 91.049 645.25 463.104
791 0 103.215 11.7425 1212 89.2417 646.145 460.342
792 1 53.0545 10.1028 536 92.2351 645.91 484.16
793 0 55.1358 10.592 584 91.2123 645.497 483
794 0 58.0858 11.2248 652 89.5061 645.745 484.425
795 0 59.068 11.5291 681 89.2511 645.662 480.242
796 0 62.1526 11.6487 724 89.6478 645.133 477.39
797 0 61.2474 12.4903 765 89.2941 645.656 476.817
798 0 63.1946 12.1371 767 90.5671 645.223 480.229
799 0 65.1785 12.5041 815 88.9362 644.88 479.427
800 0 66.2178 12.5344 830 88.6542 645.58 478.794
801 0 70.2457 12.7552 896 87.7634 646.347 476.142
802 0 68.0572 12.9891 884 86.4095 645.55 474.081
803 0 71.2494 13.2773 946 86.8161 645.749 473.067
804 0 73.1324 12.3611 904 89.7434 645.469 470.996
805 0 73.1569 12.603 922 89.6215 644.953 470.661
806 0 83.1825 13.7409 1143 84.2082 644.388 473.466
807 0 85.1603 14.138 1204 83.544 644.966 473.945
808 0 87.4234 13.7949 1206 84.7894 644.768 471.278
809 0 89.2016 14.0468 1253 84.0088 645.144 470.307
810 0 91.4801 14.0031 1281 84.4879 644.931 467.764
811 0 93.3586 14.0426 1311 84.6789 645.004 466.225
812 0 97.5059 14.1427 1379 84.256 644.243 463.861
813 0 100.386 14.4442 1450 82.7945 644.922 462.114
814 0 101.5 12.9852 1318 87.0235 644.741 460.63
815 0 107.43 13.2365 1422 86.82 644.525 458.623
816 0 105.436 13.2212 1394 156.957 644.504 457.992
817 1 63.4239 11.3207 718 83.5557 644.983 485.943
818 0 66.3768 12.1729 808 80.3193 644.859 484.693
819 0 67.1705 12.4162 834 78.6715 644.07 487.674
820 0 68.1314 12.0062 818 81.1112 644.447 486.633
821 0 71.1042 12.2778 873 81.6655 644.261 484.503
822 0 73.1313 11.9511 874 82.7952 643.749 484.475
823 0 75.0664 12.5622 943 82.6373 643.05 483.439
824 0 79.074 12.482 987 83.5522 644.034 481.227
825 0 80.0495 12.205 977 85.6602 644.071 480.471
826 0 83.0754 12.0854 1004 85.5717 643.643 479.487
827 0 84.0421 12.4342 1045 86.6278 643.819 477.064
828 0 89.0591 11.8124 1052 92.8688 643.85 475.59
829 0 91.0421 12.4558 1134 92.1005 643.543 473.487
830 0 94.0825 11.5643 1088 92.6829 643.304 472.733
831 0 97.0662 11.7446 1140 92.4737 643.076 470.425
832 0 100.074 12.0311 1204 92.2267 643.034 469.473
833 0 104.126 12.0047 1250 91.3296 642.761 469.417
834 1 58.061 10.6956 621 89.1111 642.654 492.605
835 0 58.0584 10.8856 632 88.1139 642.896 492.671
836 0 61.0658 11.4958 702 87.5755 642.862 489.974
837 0 64.0806 11.8445 759 85.2016 642.636 487.75
838 0 62.0152 11.1586 692 88.2486 643.877 486.256
839 0 66.0308 11.1312 735 87.4395 644.128 486.25
840 0 67.1107 10.356 695 89.3396 644.006 485.468
841 0 70.0514 11.62 814 87.7924 642.93 481.308
842 0 73.1515 10.8132 791 89.0202 643.554 482.166
843 0 74.0826 11.3522 841 88.1712 642.71 481.603
844 0 76.143 12.0825 920 86.1533 643.118 481.457
845 0 78.0982 12.177 951 86.8696 643.139 478.842
846 0 82.2257 12.2954 1011 85.5687 643.095 477.045
847 0 86.1127 12.1933 1050 84.781 642.575 476.472
848 0 89.1469 12.0027 1070 84.843 643.185 475.893
849 0 90.1584 12.0787 1089 86.5344 642.663 472.658
850 0 93.118 12.7902 1191 85.2393 642.646 471.64
851 0 96.1222 11.8599 1140 86.993 642.133 468.875
852 0 98.0936 12.692 1245 93.6827 643.182 469.141
853 0 102.091 12.6553 1292 94.332 642.51 468.098
854 1 56.0235 10.8704 609 95.7438 642.693 492.414
855 0 58.0559 12.2813 713 93.3072 643.328 491.189
856 0 57.1214 12.0795 690 98.7174 642.403 489.986
857 0 59.158 12.4075 734 98.3597 643.17 489.157
858 0 59.0276 12.3332 728 89.9437 643.771 489.923
859 0 59.0441 11.8555 700 93.9686 643.837 489.884
860 0 61.0929 11.8181 722 94.8837 644.382 488.95
861 0 63.0605 12.2898 775 96.9716 645.615 486.17
862 0 66.0982 12.7537 843 96.0949 644.483 485.554
863 0 66.0977 12.3907 819 97.674 643.473 485.161
864 0 69.1372 12.5547 868 96.6624 643.622 484.758
865 0 71.0487 12.6251 897 98.1182 644.795 484.21
866 0 74.0597 12.9895 962 99.6819 645.035 481.628
867 0 76.0966 13.0492 993 99.3706 645.087 480.236
868 0 79.0819 12.8474 1016 99.9026 644.955 479.654
869 0 81.0989 13.1075 1063 99.6002 644.41 478.621
870 0 83.1036 12.6589 1052 100.936 643.802 476.442
871 0 86.1304 13.2822 1144 99.0026 643.217 475.486
872 0 90.1622 13.4535 1213 98.0462 643.62 474.324
873 0 92.135 13.2306 1219 97.4479 643.89 469.669
874 0 96.1038 13.5062 1298 96.4145 644.22 468.402
875 0 97.1097 13.6032 1321 97.24 644.201 467
876 1 53.0352 11.1058 589 97.7708 643.74 490.195
877 0 56.292 12.7372 717 97.94 643.211 488.999
878 0 56.1465 12.9661 728 89.6923 644.316 488.981
879 0 58.0249 11.788 684 83.0512 642.73 486.746
880 0 58.0894 11.7405 682 85.1188 642.22 487.296
881 0 58.1065 11.7371 682 125.611 642.235 487.176
882 0 62.0723 12.9365 803 90.5318 642.034 488.032
883 0 65.1569 12.9994 847 90.4463 642.279 485.812
884 0 65.1309 13.2963 866 91.2852 642.072 483.323
885 0 68.1121 13.8448 943 90.1092 642.481 485.217
886 0 70.1018 13.1808 924 92.2403 642.671 482.931
887 0 72.1794 13.6327 984 92.0722 642.508 482.216
888 0 74.1393 13.9602 1035 92.6271 642.444 480.314
889 0 76.3202 13.7578 1050 93.7552 642.402 479.66
890 0 76.1297 14.2126 1082 95.8041 642.334 478.618
891 0 81.0929 14.3662 1165 95.8652 641.821 477.381
892 0 83.1035 14.4759 1203 97.6367 642.179 476.097
893 0 83.1076 14.2466 1184 100.236 641.704 475.691
894 0 88.0969 14.3138 1261 99.705 642.128 474.21
895 0 89.1575 14.7604 1316 100.67 641.964 472.394
896 0 92.0916 14.7028 1354 100.917 642.491 471.035
897 0 93.2084 14.0653 1311 103.59 642.241 470.913
898 0 97.1343 14.4542 1404 104.009 642.056 467.911
899 0 100.06 14.1915 1420 105.011 642.408 466.765
900 1 54.0768 11.946 646 104.088 642.563 491.087
901 0 54.0954 12.5334 678 104.386 643.59 488.9
902 0 57.1053 12.6783 724 103.88 642.99 486.814
903 0 57.0148 13.0142 742 101.689 643.404 488.941
904 0 58.0682 12.1581 706 89.5935 643.367 487.14
905 0 60.1114 11.8613 713 91.5582 644.488 484.734
906 0 61.0394 11.7957 720 91.9806 643.136 484.575
907 0 62.1372 12.1344 754 92.3833 644.253 482.753
908 0 65.0943 12.889 839 90.8534 644.175 482.308
909 0 67.1001 13.07 877 92.2132 643.929 480.725
910 0 68.0919 12.5859 857 94.5659 643.903 480.155
911 0 70.115 12.8788 903 94.3732 643.968 479.907
912 0 72.0807 12.93 932 94.9367 644.002 479.055
913 0 73.1416 13.0295 953 96.8772 644.655 477.342
914 0 78.0556 13.6185 1063 95.3462 644.469 476.303
915 0 78.1042 12.8418 1003 99.1476 643.845 474.217
916 0 81.0811 13.3077 1079 99.8879 643.956 473.025
917 0 82.1308 13.1254 1078 101.979 644.262 471.235
918 0 85.1152 13.6638 1163 103.48 644.128 468.464
919 0 88.1374 13.9668 1231 102.112 644.643 467.697
920 0 91.0781 13.3622 1217 103.555 643.809 466.849
921 0 95.0994 13.018 1238 103.852 644.137 465.647
922 1 50.06 11.646 583 101.468 644.189 487.643
923 0 53.0356 12.8216 680 104.646 644.772 491.75
924 0 55.0874 13.0338 718 105.299 644.546 490.962
925 0 55.0178 13.0322 717 103.888 644.764 489.144
926 0 58.1063 13.4925 784 94.8227 644.182 489.75
927 0 59.0663 13.2732 784 95.1135 643.501 488.537
928 0 60.0858 13.1312 789 95.8644 644.12 487.445
929 0 63.1484 12.8269 810 96.1296 643.338 485.867
930 0 66.099 13.3134 880 94.2466 642.778 485.511
931 0 67.1763 12.5937 846 92.9929 642.596 483.799
932 0 69.1076 12.7193 879 92.405 643.131 483.305
933 0 72.1954 13.2003 953 90.9696 642.761 480.744
934 0 76.1802 12.9167 984 90.935 642.973 481.877
935 0 77.1172 13.071 1008 91.8651 643.12 480.669
936 0 79.1183 12.791 1012 93.0484 643.221 479.582
937 0 81.2038 12.2901 998 94.3818 642.958 477.288
938 0 86.1735 12.9042 1112 92.1736 642.603 477.181
939 0 87.1983 13.2457 1155 92.3126 642.093 475.663
940 0 89.2411 12.7744 1140 93.1 641.603 474.163
941 0 93.2331 12.9997 1212 92.4233 641.974 472.999
942 0 93.1785 13.1683 1227 94.0106 641.509 472.973
943 0 96.298 12.1602 1171 100.424 641.472 470.262
944 0 99.2783 11.9966 1191 101.05 641.716 469.16
945 0 104.277 12.6681 1321 98.0106 641.439 465.802
946 0 106.395 12.134 1291 98.921 641.687 465.216
947 0 110.505 12.651 1398 98.3491 640.899 461.472
948 0 113.4 12.7072 1441 97.4705 641.179 462.695
949 1 64.2028 11.3391 728 93.6827 641.728 489.317
950 0 67.1704 12.2524 823 92.7375 642.062 486.324
951 0 66.2029 11.9632 792 103.293 642.129 486.36
952 0 71.302 12.5242 893 102.634 642.956 484.526
953 0 73.1161 12.5964 921 105.197 642.85 483.821
954 0 76.1964 13.2158 1007 103.39 642.983 481.567
955 0 77.1813 12.3864 956 105.927 643.186 480.561
956 0 81.1423 12.6814 1029 92.9631 642.75 480.338
957 0 85.298 12.9077 1101 91.3842 643.417 476.605
958 0 86.106 12.7053 1094 93.1435 642.952 476.978
959 0 89.1115 12.4451 1109 93.9378 643.459 474.674
960 0 92.1571 13.0104 1199 91.1293 642.673 473.56
961 0 94.1445 12.5339 1180 93.0559 643.325 470.644
962 0 97.2823 12.8903 1254 91.5199 643.831 469.315
963 0 98.1733 12.427 1220 93.0451 643.647 466.549
964 0 102.2 12.3092 1258 92.8871 643.808 465.405
965 0 106.141 12.4739 1324 92.2961 643.808 464.536
966 0 109.214 12.7548 1393 93.023 643.935 465.64
967 0 112.209 12.0846 1356 93.3945 643.389 464.049
968 0 115.242 12.4 1429 92.7327 643.078 458.077
969 0 120.199 12.7122 1528 92.6008 644.063 458.418
970 0 124.179 12.4659 1548 93.8547 643.225 453.156
971 0 129.204 13.0801 1690 94.0142 644.031 450.472
972 0 133.314 12.3693 1649 96.3008 644.071 449.838
973 1 73.1759 11.0145 806 90.8474 644.589 480.287
974 0 75.1557 11.3498 853 90.6471 645.497 478.183
975 0 78.1261 11.3918 890 87.8517 645.663 478.508
976 0 80.1765 11.5745 928 90.1142 645.838 476.364
977 0 79.1637 10.0551 796 87.3455 643.729 470.683
978 0 81.145 10.5121 853 87.7855 643.859 471.462
979 0 83.1366 10.6572 886 97.43 643.664 469.181
980 0 87.1107 11.5256 1004 98.5369 645.005 470.478
981 0 89.1352 11.3535 1012 100.016 644.225 469.203
982 0 92.1334 11.7764 1085 102.512 644.932 469.496
983 0 92.1392 11.1787 1030 95.2524 644.528 466.902
984 0 96.2249 12.211 1175 97.2102 644.354 472.669
985 0 99.1114 12.2892 1218 98.1864 644.02 469.549
986 0 101.197 12.53 1268 99.2263 643.844 466.997
987 0 105.149 12.5345 1318 98.7178 643.871 466.212
988 0 106.147 12.3226 1308 101.262 643.939 462.451
989 0 113.145 13.0186 1473 100.057 643.575 461.407
990 0 115.147 12.3408 1421 100.762 643.246 457.966
991 0 120.201 12.762 1534 101.585 643.317 456.275
992 0 122.254 12.425 1519 103.275 643.536 453.86
993 0 127.215 12.8129 1630 103.221 643.596 454.128
994 0 131.308 12.9162 1696 105.531 644.276 448.045
995 0 135.274 12.9294 1749 106.295 643.593 448.182
996 0 139.262 13.0186 1813 107.475 643.211 445.055
997 0 144.296 12.7931 1846 109.778 643.742 441.733
998 0 149.199 13.6998 2044 108.59 644.104 440.966
999 0 153.164 13.1624 2016 111.476 644.754 439.082
1000 0 159.156 13.647 2172 109.885 643.848 436.145
1001 1 93.1399 11.6814 1088 106.12 645.933 469.274
1002 0 92.075 10.7087 986 99.6653 645.204 462.207
1003 0 92.1229 10.7791 993 103.649 644.423 463.252
1004 0 99.1496 11.8911 1179 110.347 645.557 465.206
1005 0 100.209 11.9151 1194 103.899 643.025 466.136
1006 0 103.119 12.0056 1238 103.747 643.303 464.647
1007 0 107.209 12.1538 1303 101.952 643.903 462.923
1008 0 108.182 11.5546 1250 103.881 644.57 463.496
1009 0 113.053 11.7025 1323 102.536 644.274 462.421
1010 0 117.119 11.8 1382 101.662 643.202 460.911
1011 0 121.103 12.0394 1458 102.123 643.599 458.951
1012 0 126.081 11.8733 1497 101.766 644.043 457.379
1013 0 129.093 12.6808 1637 100.692 643.588 451.912
1014 0 134.181 11.6559 1564 98.3664 643.02 452.26
1015 1 72.129 10.7585 776 94.2771 643.428 482.759
1016 0 72.034 10.9948 792 88.9949 643.274 481.929
1017 0 76.0715 12.0939 920 95.55 643.19 479.299
1018 0 75.0622 10.2582 770 93.2597 643.749 482.191
1019 0 78.2089 10.9962 860 92.85 644.583 480.121
1020 0 82.1197 11.9703 983 90.1546 644.171 478.162
1021 0 83.1212 10.5148 874 92.7311 643.919 479.073
1022 0 87.2193 10.7545 938 92.1866 644.796 477.278
1023 0 90.1443 10.9158 984 91.9024 644.778 474.671
1024 0 95.1056 11.2086 1066 90.6932 645.127 474.692
1025 0 96.2233 11.5149 1108 91.0785 645.112 471.741
1026 0 100.267 11.609 1164 91.6435 644.994 469.143
1027 0 103.324 11.6237 1201 91.6486 644.816 469.007
1028 0 107.392 12.04 1293 88.8206 644.735 465.761
1029 0 109.368 11.8408 1295 89.4309 643.927 465.569
1030 0 113.336 11.9203 1351 89.265 643.857 461.79
1031 0 116.23 11.9418 1388 87.2392 643.941 463.028
1032 0 119.108 11.3427 1351 85.8542 644.415 460.659
1033 1 67.117 10.7126 719 82.3686 644.57 485.592
1034 0 69.1883 10.2329 708 84.9576 644.147 483.521
1035 0 72.065 11.3509 818 82.1785 643.562 482.33
1036 0 73.2293 11.7166 858 82.0012 645.647 482.141
1037 0 73.2559 11.1936 820 83.3866 645.674 483.387
1038 0 75.3865 11.4875 866 83.2702 645.385 480.626
1039 0 78.2952 10.652 834 84.9065 645.778 481.963
1040 0 79.3675 11.7806 935 83.5508 645.441 479.384
1041 0 81.2837 11.6505 947 84.5407 645.999 480.071
1042 0 84.3324 11.9408 1007 83.9523 644.856 476.671
1043 0 86.1851 11.9278 1028 85.1196 645.181 475.38
1044 0 88.2162 11.7439 1036 85.4932 644.928 474.138
1045 0 90.2239 12.1919 1100 85.6836 644.67 472.958
1046 0 92.1633 12.2934 1133 85.8244 644.782 471.267
1047 0 97.1729 13.1209 1275 84.3027 644.802 469.344
1048 0 96.1862 12.0599 1160 87.6319 645.082 468.613
1049 0 100.235 12.5605 1259 87.5735 644.5 467.509
1050 0 102.244 12.2648 1254 88.3931 643.868 467.405
1051 0 106.279 12.5048 1329 88.3815 643.528 464.29
1052 0 110.304 12.9641 1430 87.0972 644.432 463.865
1053 0 114.149 12.3347 1408 88.2706 643.733 461.209
1054 0 116.374 12.1677 1416 91.8489 643.759 459.072
1055 1 59.2932 10.1361 601 89.1331 643.672 481.817
1056 0 63.2515 10.0867 638 88.6928 644.76 484.121
1057 0 65.1766 11.4612 747 85.2851 644.892 482.25
1058 0 66.2245 12.1707 806 84.9541 645.079 486.203
1059 0 69.1433 12.6549 875 83.0217 645.048 484.99
1060 0 70.3072 12.0756 849 84.4853 645.236 485.767
1061 0 72.1918 11.9404 862 84.9814 645.445 484.416
1062 0 75.2098 12.6446 951 84.0431 645.433 483.3
1063 0 77.2365 12.0021 927 84.9558 644.585 483.119
1064 0 76.234 11.7926 899 86.8409 645.067 481.496
1065 0 80.1997 11.7582 943 86.5928 644.943 480.405
1066 0 82.3339 11.7934 971 85.1102 644.853 478.275
1067 0 84.1642 12.036 1013 86.5341 643.716 478.074
1068 0 87.2592 12.2967 1073 86.0913 644.04 477.146
1069 0 89.2674 11.8856 1061 87.1857 644.31 475.054
1070 0 92.267 12.0737 1114 85.1257 644.119 472.106
1071 0 93.2844 11.8669 1107 86.2493 644.365 472.226
1072 0 96.278 11.7784 1134 86.3633 644.385 470.35
1073 0 96.1857 11.9872 1153 88.4232 644.122 468.03
1074 0 101.307 12.8224 1299 86.7144 644.245 467.766
1075 0 104.213 12.0714 1258 88.6081 643.874 466.108
1076 0 109.226 13.5773 1483 85.528 644.125 464.467
1077 0 112.241 12.7672 1433 87.917 644.351 462.559
1078 0 116.204 12.0133 1396 90.7851 643.319 462.296
1079 0 120.217 12.9765 1560 88.7519 644.109 459.038
1080 1 67.1486 11.616 780 86.3064 644.822 487.378
1081 0 68.1624 11.5019 784 85.1926 644.208 486.05
1082 0 72.1455 12.1421 876 82.8094 644.433 485.974
1083 0 74.2507 13.3332 990 89.5111 644.116 484.948
1084 0 78.2817 12.7361 997 90.7603 644.429 483.399
1085 0 77.294 12.019 929 94.465 643.956 481.301
1086 0 81.2982 12.7801 1039 92.4139 644.251 480.762
1087 0 84.2873 12.7777 1077 91.9926 643.662 480.141
1088 0 84.1594 11.9535 1006 86.0149 644.511 479.562
1089 0 86.175 12.3702 1066 99.985 643.929 479.665
1090 0 91.2285 12.814 1169 100.334 644.241 479.08
1091 0 92.1755 12.8668 1186 102.673 644.067 476.437
1092 0 95.175 12.7554 1214 104.702 643.631 476.37
1093 0 99.2269 13.1819 1308 104.318 643.489 474.748
1094 0 101.249 12.7112 1287 107.077 643.169 471.959
1095 0 106.21 12.833 1363 105.404 644.158 470.021
1096 0 110.202 12.7857 1409 98.7601 643.586 462.629
1097 1 63.1861 10.6353 672 99.9375 645.266 486.109
1098 0 64.0976 10.9832 704 98.8466 644.646 484.068
1099 0 67.0673 11.3617 762 96.1732 645.333 487.34
1100 0 71.2733 12.5713 896 103.866 646.201 488.737
1101 0 73.384 12.9047 947 106.885 645.889 485.963
1102 0 75.3047 12.5225 943 108.048 644.965 483.197
1103 0 77.1631 13.0373 1006 103.613 644.865 482.74
1104 0 80.3006 12.9015 1036 103.516 645.176 481.223
1105 0 84.5467 12.4783 1055 108.3 644.954 478.93
1106 0 84.455 13.001 1098 108.95 645.18 478.389
1107 0 88.1187 12.4491 1097 104.698 644.36 477.561
1108 0 90.2541 13.1296 1185 103.508 643.804 476.96
1109 0 92.09 12.7158 1171 104.349 644.932 473.775
1110 0 96.156 12.6461 1216 105.538 645.141 474.707
1111 1 52.0933 10.0013 521 102.455 645.845 496.441
1112 0 55.0558 10.0444 553 103.327 646.051 495.458
1113 0 55.0852 10.1298 558 104.41 646.152 495.771
1114 0 56.1891 10.3935 584 102.776 646.25 495.863
1115 0 58.2304 11.0595 644 104.593 645.817 494.217
1116 0 60.3123 11.5897 699 104.253 645.372 493.077
1117 0 63.2176 12.0378 761 103.602 645.557 491.336
1118 0 65.1115 12.5477 817 103.271 645.479 492.125
1119 0 67.1429 12.8979 866 115.7 645.821 489.09
1120 0 69.0677 13.0741 903 116.112 645.215 489.054
1121 0 69.1459 13.392 926 117.11 645.753 489.299
1122 0 72.1167 13.1038 945 118.535 645.37 487.606
1123 0 75.11 13.2606 996 118.61 645.509 487.404
1124 0 75.1916 12.9802 976 122.552 645.2 484.319
1125 0 75.1948 13.0461 981 169.033 644.212 484.281
1126 0 81.2464 13.1206 1066 122.603 645.439 481.369
1127 0 83.2676 13.3545 1112 122.517 644.886 480.381
1128 0 85.1474 13.5177 1151 122.399 645.467 480.521
1129 0 89.1424 13.4728 1201 122.922 646.024 478.407
1130 0 91.1066 13.2372 1206 121.422 645.642 478.729
1131 0 93.0762 13.9885 1302 118.68 645.912 476.299
1132 0 97.1376 12.9095 1254 121.526 645.888 473.48
1133 1 52.1224 11.6649 608 117.622 646.357 495.191
1134 0 55.1996 11.9928 662 115.417 644.782 494.208
1135 0 56.2671 12.2985 692 114.217 644.819 490.522
1136 0 57.0986 12.3821 707 121.042 645.437 492.223
1137 0 61.0595 12.5779 768 119.061 645.719 492.003
1138 0 60.0274 12.5276 752 120.134 645.394 492.029
1139 0 64.0295 12.6504 810 118.279 645.986 491.485
1140 0 63.0955 12.8377 810 120.047 645.557 490.86
1141 0 67.0198 13.0708 876 117.337 645.058 490.902
1142 0 67.0473 13.0803 877 118.025 645.267 488.163
1143 0 70.1099 13.0937 918 117.058 645.289 486.746
1144 0 72.114 13.2152 953 116.445 645.882 485.481
1145 0 73.0684 13.1521 961 116.429 645.149 484.863
1146 0 76.0828 12.8018 974 116.111 645.087 481.855
1147 0 78.0491 13.0174 1016 115.643 645.301 482.418
1148 0 78.1433 12.4515 973 118.174 644.006 481.808
1149 0 81.1206 12.956 1051 115.769 644.609 479.172
1150 0 84.1069 13.6136 1145 99.1878 644.983 479.282
1151 0 87.2014 13.4631 1174 99.0639 645.33 479.042
1152 0 88.0967 13.6214 1200 99.7692 644.644 475.349
1153 0 91.1274 13.4208 1223 99.5462 644.475 474.405
1154 0 95.1354 13.0446 1241 100.579 644.578 472.624
1155 0 97.2116 13.6609 1328 96.0271 644.51 472.365
1156 0 98.1632 13.0497 1281 98.2849 644.763 471.859
1157 1 54.1673 10.5599 572 100.098 644.878 493.645
1158 0 56.1471 11.5767 650 97.5 645.011 492.397
1159 0 59.177 11.6768 691 87.8625 644.275 493.741
1160 0 60.022 11.1126 667 84.9955 643.133 492.045
1161 0 63.0856 11.5399 728 83.3091 642.758 491.889
1162 0 64.0209 10.9183 699 84.3562 641.648 491.245
1163 0 66.0818 11.743 776 82.8995 642.147 489.497
1164 0 66.1714 11.0017 728 85.0646 643.698 488.913
1165 0 68.1385 12.0343 820 83.4012 643.809 487.048
1166 0 69.1223 11.8052 816 84.4645 643.488 487.065
1167 0 73.1636 11.6588 853 84.1032 643.501 485.798
1168 0 74.1133 12.373 917 82.5649 642.737 485.637
1169 0 78.1744 12.0244 940 82.7851 643.011 484.703
1170 0 79.0867 11.5317 912 86.0329 642.673 482.402
1171 0 84.0307 12.4954 1050 84.501 642.92 481.413
1172 0 85.1222 12.3704 1053 85.7388 642.814 480.463
1173 0 87.0656 11.8416 1031 87.1901 642.44 478.481
1174 0 91.1072 12.7652 1163 95.0129 642.726 475.525
1175 0 93.2821 12.832 1197 101.05 642.794 474.087
1176 0 97.432 12.7166 1239 99.6691 643.195 474.109
1177 0 99.3621 13.0231 1294 99.0781 643.209 473.128
1178 1 54.1834 10.9628 594 99.8333 642.633 494.015
1179 0 56.1489 11.2736 633 98.7551 642.291 492.324
1180 0 57.1346 11.5692 661 95.3858 642.363 490.304
1181 0 59.1815 11.9632 708 93.3771 641.951 492.054
1182 0 60.1486 12.3527 743 94.3203 642.389 491.011
1183 0 62.2198 13.0827 814 91.0835 642.715 490.414
1184 0 63.1146 12.3902 782 93.1982 642.372 487.935
1185 0 66.145 13.1227 868 90.7512 642.525 487.889
1186 0 71.0398 11.5991 824 94.9951 643.854 485.191
1187 0 72.0383 11.6049 836 97.0347 644.506 483.978
1188 0 75.0731 12.1748 914 95.5602 644.201 485.4
1189 0 77.2029 12.7975 988 98.247 643.583 483.485
1190 0 81.232 13.0983 1064 97.9333 643.84 482.776
1191 0 83.2359 12.4345 1035 100.613 643.28 481.741
1192 0 86.1996 12.5755 1084 100.195 643.907 481.741
1193 0 86.1586 12.7323 1097 101.785 642.971 478.973
1194 0 91.2748 13.7497 1255 99.4677 643.931 477.164
1195 0 93.074 12.85 1196 103.747 643.7 475.673
1196 0 97.1282 12.9108 1254 103.012 644.593 475.96
1197 0 100.369 12.9522 1300 102.897 643.747 472.536
1198 0 103.31 13.5031 1395 102.753 643.844 471.813
1199 1 58.2126 11.8359 689 101.666 643.673 492.858
1200 0 59.1668 12.0845 715 90.7958 643.252 493.973
1201 0 61.1497 12.2813 751 93.7417 643.056 493.158
1202 0 59.1213 11.7047 692 92.1344 643.142 493.233
1203 0 62.1258 11.8308 735 91.5129 641.663 492.079
1204 0 63.2168 11.6425 736 93.1793 643.386 492.856
1205 0 67.1655 12.1491 816 92.0196 642.73 491.074
1206 0 69.2624 12.3444 855 91.4889 643.42 489.566
1207 0 69.1576 12.0739 835 93.8946 643.661 489.883
1208 0 73.2568 12.0398 882 93.6655 644.32 486.224
1209 0 73.2646 11.6564 854 95.5749 643.776 486.835
1210 0 76.2436 12.2502 934 94.5557 644.505 485.248
1211 0 80.2001 12.6933 1018 96.2642 643.015 483.539
1212 0 81.1846 12.0712 980 94.8439 643.278 483.154
1213 0 84.2075 12.6117 1062 94.7486 642.759 481.681
1214 1 47.1591 10.9841 518 96.7046 643.624 496.994
1215 0 49.148 10.682 525 97.5943 643.213 495.112
1216 0 50.2334 11.2674 566 95.6714 643.187 494.975
1217 0 53.1512 11.5896 616 94.539 643.602 495.078
1218 0 53.2042 11.6156 618 94.4239 643.227 492.828
1219 0 53.1943 11.411 607 94.2306 643.03 492.142
1220 0 56.1603 12.0904 679 86.0839 643.24 494.688
1221 0 57.112 11.7488 671 83.4769 643.896 493.766
1222 0 60.1093 11.7785 708 82.4223 644.03 492.184
1223 0 61.0746 11.838 723 82.7012 644.499 491.844
1224 0 63.0989 12.0446 760 81.1947 644.02 489.537
1225 0 63.1352 11.4675 724 83.5262 644.07 487.435
1226 0 65.1205 12.116 789 82.142 643.946 485.626
1227 0 66.1342 11.8396 783 82.682 644.327 486.314
1228 0 68.0703 11.9142 811 82.9137 644.133 483.387
1229 0 67.1041 10.2229 686 85.6443 644.229 485.163
1230 0 71.1554 11.1306 792 87 644.182 481.867
1231 0 74.1236 11.7102 868 83.3813 644.474 479.626
1232 0 75.0845 10.8678 816 85.3738 643.945 479.732
1233 0 78.0684 11.7973 921 83.7242 643.789 479.116
1234 0 79.0946 11.6316 920 84.8217 643.976 477.641
1235 0 79.2193 11.0327 874 83.8936 643.7 473.473
1236 0 81.1846 10.9257 887 84.4713 643.273 471.736
1237 0 88.0744 11.4335 1007 85.2195 643.921 473.487
1238 0 89.1121 11.334 1010 86.8208 643.393 473.759
1239 0 90.1108 11.2972 1018 87.888 642.588 471.73
1240 0 93.1805 10.6245 990 89.2677 642.616 473.591
1241 0 98.1827 11.2749 1107 80.57 643.136 470.925
1242 0 101.183 11.7114 1185 88.0684 642.908 466.959
1243 0 104.153 10.9934 1145 89.1135 642.756 464.347
1244 0 108.247 11.2982 1223 89.0491 642.158 462.101
1245 0 113.243 11.5062 1303 88.5265 643.035 460.143
1246 1 63.0463 10.9602 691 85.2315 644.81 485.333
1247 0 64.0227 11.4803 735 84.7973 644.124 484.201
1248 0 67.09 11.5069 772 85.2176 643.183 482.677
1249 0 69.0958 11.7807 814 82.9705 642.128 480.856
1250 0 69.03 11.3574 784 84.7015 641.647 479.902
1251 0 73.0547 11.4982 840 83.9333 642.483 481.087
1252 0 74.1235 11.3459 841 85.3294 641.892 479.551
1253 0 76.0651 12.3053 936 84.8226 643.313 479.757
1254 0 78.0769 11.8601 926 85.2775 641.828 480.192
1255 0 81.0852 11.9874 972 85.857 643.564 476.807
1256 0 82.2097 12.31 1012 85.4308 644.286 474.907
1257 0 87.2017 12.2016 1064 85.7133 645.237 474.321
1258 0 87.1347 11.3617 990 89.103 644.88 474.139
1259 0 90.1626 11.8675 1070 88.2701 643.371 474.397
1260 0 92.2138 11.4191 1053 88.8034 642.877 471.336
1261 0 95.2057 11.1758 1064 91.1945 643.411 468.019
1262 0 99.0986 11.1606 1106 92.6474 643.67 467.655
1263 0 101.192 11.0779 1121 91.6744 643.691 466.605
1264 0 105.118 11.1874 1176 92.3376 643.609 465.651
1265 1 55.04 11.3735 626 91.0032 643.268 487.49
1266 0 58.0663 11.4869 667 91.3433 643.909 488.319
1267 0 59.0639 12.3764 731 90.0684 643.932 488.042
1268 0 57.0544 11.0246 629 92.7472 645.169 489.2
1269 0 60.1028 11.1642 671 92.9449 645.227 487.13
1270 0 61.1242 11.7139 716 93.1816 645.039 487.05
1271 0 63.1197 11.1534 704 95.6804 644.643 485.984
1272 0 65.1072 11.5195 750 95.748 645.327 484.533
1273 0 66.1077 11.8443 783 98.9732 645.49 482.943
1274 0 68.125 11.6844 796 98.9347 645.269 483.275
1275 0 71.136 11.71 833 97.6687 645.313 481.837
1276 0 74.1958 12.6961 942 97.7144 645.087 481.73
1277 0 77.1797 12.5292 967 98.0207 645.242 480.465
1278 0 79.2036 12.5752 996 100.168 645.861 480.685
1279 0 80.1499 12.8759 1032 102.832 644.566 478.278
1280 0 81.2732 12.6733 1030 105.39 645.412 478.874
1281 0 81.2752 12.7222 1034 156.156 646.397 478.96
1282 0 83.1043 12.7551 1060 104.675 644.226 472.743
1283 0 86.3083 12.7218 1098 104.912 644.13 468.927
1284 0 86.2049 12.8879 1111 105.864 644.28 462.881
1285 0 86.1522 12.3038 1060 109.335 644.475 460.382
1286 0 91.2688 12.3481 1127 107.493 644.461 460.887
1287 1 54.1295 10.7335 581 102.27 644.718 482.578
1288 0 57.0184 11.5226 657 106.542 645.568 487.609
1289 0 60.121 12.5247 753 104.078 644.623 488.805
1290 0 61.0413 12.4997 763 106.904 646.163 487.671
1291 0 62.0276 12.5751 780 107.519 646.312 489.085
1292 0 65.0453 12.3145 801 106.591 646.326 487.04
1293 0 67.0387 12.9776 870 105.167 645.963 484.731
1294 0 70.1023 12.282 861 106.424 645.693 482.246
1295 0 72.0459 12.964 934 104.981 645.298 481.562
1296 0 74.0764 12.7706 946 105.721 645.634 482.15
1297 0 77.1024 13.4367 1036 104.566 645.328 480.153
1298 0 77.0613 12.9767 1000 107.314 645.208 478.906
1299 0 79.109 13.2475 1048 107.393 645.469 477.313
1300 0 82.0943 13.0825 1074 107.976 644.791 476.886
1301 0 84.1345 13.0268 1096 108.767 645.647 476.628
1302 0 85.207 13.2501 1129 110.156 645.128 476.763
1303 0 87.2686 13.3037 1161 111.252 645.116 474.705
1304 0 91.2134 13.6274 1243 110 645.088 474.612
1305 0 92.3415 13.1144 1211 110.751 644.301 473.893
1306 0 95.1574 11.6018 1104 110.835 643.7 472.549
1307 0 99.2104 12.0249 1193 108.162 643.42 473.054
1308 1 56.0221 11.1563 625 103.637 644.954 492.267
1309 0 56.094 11.552 648 102.154 644.04 492.414
1310 0 56.0148 11.5684 648 104.552 643.858 491.386
1311 0 61.0454 12.5972 769 100.984 643.296 489.696
1312 0 63.1901 12.3753 782 112.231 642.715 490.345
1313 0 65.2374 12.8761 840 109.673 642.588 489.81
1314 0 65.2405 12.6915 828 113.233 642.8 488.345
1315 0 67.2434 12.6555 851 112.761 642.31 488.073
1316 0 69.1463 12.9725 897 113.299 642.796 487.122
1317 0 71.287 12.7933 912 113.709 642.685 486.424
1318 0 72.2277 12.4329 898 115.624 642.145 485.63
1319 0 74.2809 12.4931 928 115.878 642.919 485.719
1320 0 76.2898 13.3438 1018 113.287 642.802 484.431
1321 0 77.2892 12.5632 971 116.807 643.072 484.719
1322 0 82.3165 13.2416 1090 111.991 642.656 481.553
1323 0 84.2092 12.7539 1074 113.6 643.101 479.248
1324 0 86.2452 12.7427 1099 113.13 643.066 477.949
1325 0 88.3231 12.2165 1079 114.356 644.902 476.637
1326 0 92.2744 12.8313 1184 112.288 644.999 474.329
1327 0 93.2846 12.285 1146 112.414 643.265 473.298
1328 0 97.3089 12.3524 1202 112.986 644.433 471.74
1329 0 99.2537 12.5134 1242 112.429 643.826 472.177
1330 1 60.2887 11.1298 671 109.987 644.624 492.665
1331 0 61.2108 11.1745 684 111.911 643.795 489.585
1332 0 63.3032 12.0531 763 108.084 644.468 488.83
1333 0 65.2735 11.4901 750 107.711 643.595 489.133
1334 0 65.1114 11.4726 747 97.5823 644.332 488.747
1335 0 66.1991 11.7675 779 96.6521 644.77 487.662
1336 0 69.1459 11.9024 823 96.8384 644.098 485.943
1337 0 71.2637 12.5169 892 98.4193 643.624 486.033
1338 0 73.2164 12.4289 910 98.9945 644.075 484.471
1339 0 75.1811 12.3834 931 100.103 643.69 483.394
1340 0 75.187 12.3825 931 127.864 643.676 483.379
1341 0 79.2655 13.3349 1057 98.7294 643.469 482.028
1342 0 80.199 12.2071 979 102.775 643.569 481.805
1343 0 83.2569 12.5035 1041 101.884 643.728 480.226
1344 0 84.2006 12.6959 1069 101.803 644.025 480.047
1345 0 88.1384 12.3896 1092 102.39 644.041 478.692
1346 0 89.2523 12.2574 1094 103.415 644.203 477.079
1347 0 93.1401 12.7442 1187 100.729 643.787 474.487
1348 0 94.1931 12.347 1163 103.456 643.421 473.792
1349 0 97.2512 12.8122 1246 102.339 643.283 472.383
1350 0 97.2553 12.7911 1244 128.938 644.297 472.424
1351 0 104.27 13.0047 1356 112.637 643.133 466.49
1352 0 107.21 12.4802 1338 113.274 643.158 466.878
1353 1 57.1536 10.638 608 110.278 643.877 492.207
1354 0 58.1368 11.3697 661 103.129 643.9 492.885
1355 0 61.223 11.5153 705 96.2454 643.705 493.749
1356 0 63.169 12.1262 766 94.8995 643.373 491.638
1357 0 63.1182 12.1993 770 102.582 644.704 489.106
1358 0 65.1042 12.0883 787 102.684 644.544 489.414
1359 0 65.1108 12.6246 822 101.515 643.603 488.505
1360 0 68.166 12.4109 846 101.457 642.739 486.684
1361 0 69.2744 12.4866 865 101.792 643.576 485.938
1362 0 71.2541 12.8414 915 100.099 643.422 485.08
1363 0 75.2689 13.02 980 99.2337 642.859 483.62
1364 0 76.3328 12.4848 953 101.265 643.686 481.921
1365 0 75.3478 11.3872 858 105.92 643.239 482.832
1366 0 78.2913 12.1342 950 104.66 643.125 481.332
1367 0 81.2727 12.1689 989 104.565 642.469 482.369
1368 0 84.3101 12.5489 1058 104.893 642.617 478.94
1369 0 83.1324 12.017 999 107.061 644.083 477.123
1370 0 86.3475 12.4149 1072 106.191 644.072 475.405
1371 0 90.1914 12.6841 1144 105.775 643.851 476.711
1372 0 93.2444 12.4083 1157 109.666 643.487 474.394
1373 0 95.1197 13.2044 1256 109.142 643.134 474.035
1374 0 99.1476 13.0412 1293 110.279 643.48 474.557
1375 0 102.176 13.2028 1349 110.034 642.585 470.69
1376 0 104.151 13.2019 1375 110.547 642.902 469.618
1377 0 107.088 12.9426 1386 106.278 642.082 467.12
1378 0 110.196 13.9933 1542 103.777 642.167 465.997
1379 0 111.181 13.8783 1543 100.279 642.462 465.02
1380 0 113.12 14.1442 1600 106.416 642.128 465.641
1381 0 115.267 14.4274 1663 108.878 642.627 462.528
1382 0 113.161 13.1759 1491 115.771 643.029 466.471
1383 1 63.1648 11.1613 705 118.594 642.776 492.599
1384 0 67.1174 12.0386 808 112.141 642.507 491.457
1385 0 68.092 12.7034 865 108.987 641.999 490.432
1386 0 69.0408 12.326 851 106.418 642.539 490.149
1387 0 74.058 13.0843 969 103.457 643.682 489.246
1388 0 74.0488 12.7213 942 103.238 643.307 487.881
1389 0 79.0997 13.3123 1053 98.2118 643.377 486.15
1390 0 81.0589 13.6444 1106 96.4448 643.403 485.631
1391 0 83.1018 13.5857 1129 96.6926 643.451 483.122
1392 0 85.0902 12.8687 1095 98.8995 643.178 483.084
1393 0 87.1372 13.3582 1164 99.1469 643.214 481.198
1394 0 88.0907 13.2591 1168 99.589 643.182 479.166
1395 0 89.0945 13.626 1214 100.535 642.496 480.53
1396 0 90.1332 12.8587 1159 104.859 642.881 477.341
1397 0 94.0922 12.5196 1178 105.654 642.566 476.463
1398 0 95.0485 13.4037 1274 105.721 642.285 475.51
1399 0 96.118 12.8696 1237 108.973 642.64 473.909
1400 0 100.156 13.0996 1312 108.853 642.45 473.906
1401 0 101.137 13.4668 1362 109.974 642.732 473.289
1402 0 102.131 13.0421 1332 113.162 642.878 471.477
1403 0 106.088 13.6208 1445 111.526 642.488 470.086
1404 0 107.09 13.3626 1431 112.803 641.864 469.788
1405 0 110.091 12.8258 1412 113.619 641.594 465.619
1406 0 113.07 12.479 1411 113.573 640.597 465.427
1407 1 62.0649 11.2463 698 102.788 640.57 492.266
1408 0 64.2366 12.1115 778 100.47 642.805 489.808
1409 0 66.24 12.032 797 101.644 642.711 487.64
1410 0 68.2268 12.4145 847 101.119 642.416 487.237
1411 0 70.0728 11.5166 807 102.379 640.32 488.009
1412 0 71.1242 11.5713 823 102.819 639.908 485.984
1413 0 71.0907 11.4642 815 104.654 640.463 485.892
1414 0 75.1341 12.8437 965 101.206 641.216 485.196
1415 0 77.1472 12.0678 931 104.633 640.715 484.858
1416 0 79.2832 12.6509 1003 103.03 641.11 483.819
1417 0 79.1478 12.3187 975 106.534 641.417 483.041
1418 0 83.1192 12.7528 1060 105.922 641.657 482.779
1419 0 85.066 12.8488 1093 105.732 641.478 480.619
1420 0 89.1114 13.096 1167 105.502 641.441 478.448
1421 0 90.1326 12.9254 1165 106.572 641.568 477.924
1422 0 94.1583 13.3286 1255 105.679 640.829 477.442
1423 0 96.0821 12.864 1236 107.686 641.232 475.019
1424 0 100.196 13.2141 1324 106.068 640.874 473.63
1425 0 103.154 13.7561 1419 105.737 641.288 472.027
1426 0 107.177 12.9319 1386 112.242 641.83 470.616
1427 1 59.064 11.5637 683 100.454 642.428 494.712
1428 0 60.2755 11.3645 685 102.635 642.272 492.74
1429 0 61.329 11.8704 728 104.702 643.291 489.163
1430 0 62.2822 12.2025 760 103.499 642.079 489.836
1431 0 63.1282 11.9439 754 95.0358 642.87 490.773
1432 0 66.2242 12.9862 860 92.4163 642.797 488.934
1433 0 68.1895 12.7732 871 92.721 643.155 489.118
1434 0 71.1591 12.718 905 92.6287 643.485 488.22
1435 0 73.1721 12.5321 917 94.2563 643.515 486.589
1436 0 74.1762 12.1872 904 92.3883 643.412 483.873
1437 0 75.1366 12.1645 914 94.0569 643.007 482.335
1438 0 77.1086 12.1906 940 95.4936 642.951 481.309
1439 0 81.2354 13.1224 1066 91.4841 642.462 481.71
1440 0 82.2142 12.3458 1015 95.9921 642.399 480.158
1441 0 84.1065 12.3653 1040 97.524 643.422 476.999
1442 0 85.1158 12.7003 1081 97.5569 642.571 476.515
1443 0 88.0989 12.8378 1131 98.3103 642.374 473.642
1444 0 91.1541 12.8574 1172 97.8652 641.811 472.839
1445 0 94.0986 12.4444 1171 100.933 642.868 470.296
1446 0 96.035 12.5787 1208 100.982 643.055 470.647
1447 0 98.0975 13.2012 1295 99.9004 643.165 466.292
1448 0 101.059 12.7747 1291 100.876 642.87 465.507
1449 0 106.114 12.496 1326 101.208 643.235 465.507
1450 0 108.12 12.3659 1337 101.812 642.108 462.746
1451 0 112.201 13.1638 1477 99.7861 642.835 462.24
1452 0 116.139 13.0877 1520 99.7007 642.261 460.452
1453 1 59.1079 10.6416 629 94.3355 642.641 487.394
1454 0 62.098 11.0309 685 93.6876 642.971 486.178
1455 0 64.1284 11.3678 729 93.7888 642.69 484.402
1456 0 67.0536 12.1545 815 91.8613 643.29 485.908
1457 0 72.1312 13.517 975 92.9836 641.902 487.602
1458 0 74.1588 13.2284 981 97.0917 641.719 486.22
1459 0 76.1241 13.2415 1008 96.6329 642.129 484.905
1460 0 79.1496 13.544 1072 95.7761 642.539 483.447
1461 0 81.1795 13.0944 1063 97.413 642.207 481.05
1462 0 83.1788 13.5491 1127 95.8722 642.323 480.203
1463 0 85.0908 13.6677 1163 95.7541 642.049 478.497
1464 0 88.1283 13.4577 1186 96.9916 642.224 478.441
1465 0 89.1909 13.4543 1200 97.4258 642.21 477.548
1466 0 92.0863 13.5959 1252 98.5 642.096 475.448
1467 0 94.1983 13.6945 1290 98.6845 642.464 475.941
1468 0 96.1503 13.9989 1346 98.1426 641.844 471.819
1469 0 98.1824 13.862 1361 98.0823 642.168 472.331
1470 0 103.117 13.7029 1413 98.213 642.144 471.539
1471 0 103.224 12.7102 1312 102.539 642.412 470.928
1472 0 104.388 12.5877 1314 104.337 641.982 468.859
1473 0 107.209 12.8161 1374 103.1 641.447 468.326
1474 0 111.288 12.607 1403 103.162 641.352 467.479
1475 0 116.275 13.2186 1537 101.682 641.824 464.891
1476 0 118.292 13.3229 1576 102.656 641.925 461.705
1477 0 121.434 13.7935 1675 100.906 642.293 460.712
1478 0 123.453 12.847 1586 103.834 642.009 458.52
1479 0 128.242 13.0222 1670 104.052 641.631 455.471
1480 0 133.417 13.5665 1810 102.972 642.13 453.857
1481 0 135.293 13.0975 1772 103.199 642.138 451.806
1482 0 140.325 13.0839 1836 101.569 642.641 448.034
1483 0 146.362 13.4871 1974 104.176 641.869 446.816
1484 0 150.39 14.6485 2203 107.205 641.954 444.77
1485 0 154.335 14.2029 2192 110.415 641.65 443.902
1486 0 157.41 14.5925 2297 109.985 642.077 441.073
1487 0 162.321 14.188 2303 111.485 641.608 438.083
1488 0 167.473 14.2292 2383 111.342 641.874 437.002
1489 0 172.425 14.0583 2424 111.945 641.598 433.783
1490 0 177.394 14.0478 2492 112.91 641.135 430.795
1491 0 182.342 14.3631 2619 112.131 641.583 428.878
1492 0 187.38 14.0623 2635 114.511 642.339 425.517
1493 0 194.463 14.45 2810 112.449 641.913 422.48
1494 0 200.338 14.6802 2941 112.605 642.154 419.863
1495 0 205.465 15.1218 3107 110.664 642.213 414.46
1496 0 214.359 15.2781 3275 108.781 642.143 415.034
1497 0 216.415 14.4121 3119 111.5 642.68 410.091
1498 0 226.327 14.9253 3378 110.764 642.452 407.089
1499 0 235.327 14.7455 3470 109.401 642.501 402.15
1500 0 241.284 13.9379 3363 110.307 641.984 396.745
1501 1 187.224 12.5678 2353 107.589 642.551 427.19
1502 0 192.288 13.1053 2520 108.291 642.366 422.905
1503 0 201.368 13.6069 2740 106.579 642.176 419.515
1504 0 209.432 13.847 2900 106.511 643.078 414.679
1505 0 214.313 13.275 2845 107.552 642.76 412.123
1506 0 220.325 12.6768 2793 108.259 642.989 408.513
1507 0 229.306 14.0075 3212 105.88 642.117 404.871
1508 0 239.355 14.3594 3437 104.421 642.546 401.15
1509 0 247.312 13.2545 3278 108.007 642.347 397.38
1510 0 256.318 13.5261 3467 106.967 642.05 393.145
1511 0 263.34 12.8883 3394 108.948 641.968 389.105
1512 0 272.394 13.1794 3590 108.667 642.239 383.919
1513 0 280.312 13.5421 3796 100.619 641.77 377.445
1514 1 69.0922 10.6814 738 93.3293 644.175 479.867
1515 0 71.0331 10.4177 740 87.5865 643.316 478.7
1516 0 74.1107 11.8202 876 92.8847 642.639 483.062
1517 0 75.2214 11.4861 864 90.0243 642.25 483.531
1518 0 77.2462 11.5087 889 91.099 642.565 481.336
1519 0 79.1703 11.7721 932 89.7607 642.313 480.354
1520 0 83.1304 11.7646 978 89.9131 642.875 479.414
1521 0 87.1521 11.761 1025 89.7688 642.821 478.27
1522 0 89.1747 11.6849 1042 90.2131 643.799 475.973
1523 0 93.1453 11.4338 1065 90.7634 643.234 473.318
1524 1 54.1492 11.0805 600 91.3 643.138 491.063
1525 0 56.3269 11.1315 627 91.3206 644.802 489.491
1526 0 56.299 11.1014 625 92.7616 643.933 489.184
1527 0 58.2153 11.2342 654 93.3716 643.898 488.815
1528 0 60.1669 11.4515 689 94.3672 644.022 487.224
1529 0 62.3228 12.5957 785 92.2892 644.355 485.764
1530 0 62.3006 12.6965 791 89.7206 644.436 485.267
1531 0 63.1692 12.7436 805 90.6522 644.769 484.65
1532 0 66.1456 13.5912 899 88.0945 645.095 484.782
1533 0 68.1835 13.933 950 87.5905 645.503 485.504
1534 0 68.283 14.1324 965 89.1762 645.165 483.802
1535 0 70.1185 13.9336 977 89.1198 644.953 484.05
1536 0 72.2258 13.6239 984 89.6331 643.527 481.735
1537 0 74.3276 13.9921 1040 88.7808 642.608 481.533
1538 0 76.242 14.2179 1084 89.3035 642.66 480.679
1539 0 75.1751 13.2491 996 94.0783 642.195 480.8
1540 0 77.0954 13.5936 1048 92.8282 643.07 479.817
1541 0 78.1195 13.0953 1023 90.5591 642.725 476.218
1542 0 79.0891 12.8842 1019 91.683 643.026 475.561
1543 0 80.1052 12.6958 1017 95.9095 642.366 474.101
1544 0 82.0472 13.1997 1083 96.2281 642.926 471.211
1545 0 81.084 12.1356 984 100.638 642.395 465.683
1546 0 85.112 12.7479 1085 99.4747 642.913 464.61
1547 0 86.0334 12.5416 1079 102.461 642.858 464.307
1548 0 89.1533 13.2132 1178 102.268 642.245 463.599
1549 0 92.1083 13.115 1208 103.301 643.116 462.099
1550 0 94.132 13.1305 1236 104.009 642.896 457.043
1551 0 96.0814 12.9994 1249 105.384 643.492 458.351
1552 0 101.078 13.1185 1326 104.218 643.391 458.782
1553 0 104.12 13.5037 1406 103.809 642.885 457.122
1554 0 107.131 13.3201 1427 104.02 642.835 457.292
1555 1 59.0593 9.63439 569 94.9508 644.988 484.16
1556 0 62.1066 11.5447 717 100.782 644.572 484.614
1557 0 66.1344 12.4292 822 99.0523 643.19 483.23
1558 0 66.0379 12.8865 851 99.0905 643.038 483.781
1559 0 68.0795 13.5283 921 99.3344 644.069 483.36
1560 0 71.0993 12.7005 903 101.319 644.599 482.504
1561 0 72.1181 13.0342 940 98.8777 643.865 482.918
1562 0 73.0503 13.1006 957 98.3835 644.45 482.466
1563 0 75.0649 12.4959 938 100.443 644.416 481.054
1564 0 78.0466 12.4669 973 99.4173 644.681 479.725
1565 0 78.0478 12.6845 990 99.202 643.946 478.078
1566 0 82.0737 13.7072 1125 96.4827 643.643 474.603
1567 0 84.0477 12.7071 1068 98.2659 643.167 474.15
1568 0 85.0611 12.6615 1077 97.5357 642.999 473.097
1569 0 87.0718 12.5988 1097 97.7101 643.833 471.533
1570 0 89.0313 11.9621 1065 98.5549 643.709 469.741
1571 0 91.0702 11.9798 1091 98.3611 643.291 467.98
1572 0 93.0643 12.2926 1144 96.2212 643.009 467.461
1573 0 97.0908 11.8961 1155 96.7255 643.122 467.542
1574 0 98.1481 12.2264 1200 97.3642 643.826 464.79
1575 0 101.121 12.3021 1244 100.348 643.794 464.436
1576 0 102.166 12.0294 1229 99.9536 643.22 462.384
1577 0 106.22 11.6833 1241 99.917 642.098 459.008
1578 0 107.08 11.6081 1243 100.387 642.035 455.382
1579 0 113.151 11.763 1331 90.9324 642.663 452.694
1580 0 113.189 11.8033 1336 99.1766 641.93 448.126
1581 0 120.249 12.3493 1485 96.9832 642.602 450.247
1582 0 123.171 11.7235 1444 98.8497 642.32 445.89
1583 0 127.237 11.6711 1485 97.3933 642.158 444.805
1584 0 130.183 11.5683 1506 98.4017 642.634 443.336
1585 0 132.134 10.6937 1413 100.623 642.107 437.844
1586 0 136.258 11.8598 1616 98.5043 642.285 439.219
1587 0 141.147 11.9521 1687 98.7261 642.255 435.328
1588 0 144.229 11.1836 1613 100.09 642.516 432.485
1589 0 150.169 11.8999 1787 98.906 642.121 430.021
1590 0 157.109 11.5525 1815 98.2639 641.999 430.448
1591 0 163.178 12.7162 2075 96.5875 642.71 427.094
1592 0 167.24 12.2997 2057 97.1468 642.879 427.125
1593 0 174.211 11.9912 2089 97.7717 642.37 421.869
1594 1 98.1286 9.60984 943 85.9905 642.977 462.49
1595 0 101.271 9.56836 969 87.0165 643.271 461.923
1596 0 105.171 10.0503 1057 92.0785 642.857 458.314
1597 0 107.213 9.94279 1066 89.3443 643.431 456.141
1598 0 111.244 9.223 1026 89.0663 642.13 452.387
1599 0 115.1 10.3736 1194 87.1792 642.642 449.394
1600 0 122.203 10.5726 1292 86.0596 642.373 448.293
1601 0 123.355 9.73616 1201 88.8751 642.468 443.823
1602 0 130.134 9.82063 1278 87.9632 642.079 446.182
1603 0 133.301 10.3 1373 87.2251 642.602 442.506
1604 0 136.242 10.2832 1401 87.9615 642.411 440.996
1605 0 141.253 10.2369 1446 88.9025 642.761 438.24
1606 0 144.315 9.6733 1396 90.0272 642.102 436.014
1607 0 149.26 10.1032 1508 89.1088 642.159 434.706
1608 0 153.23 10.1351 1553 90.7534 641.545 429.959
1609 0 157.171 10.39 1633 89.9945 642.097 429.647
1610 0 159.122 9.45189 1504 87.2533 641.023 425.14
1611 0 165.236 9.25346 1529 88.3564 641.181 423.156
1612 0 171.121 10.7351 1837 90.8819 642.448 421.036
1613 0 177.152 10.4995 1860 91.8683 642.116 415.899
1614 0 183.308 11.2324 2059 91.6144 642.767 414.993
1615 0 188.271 11.6587 2195 91.933 642.222 413.59
1616 0 193.33 10.8312 2094 95.4585 642.015 406.479
1617 0 198.441 10.5926 2102 95.9843 641.579 406.313
1618 0 204.374 11.4594 2342 96.12 642.217 400.425
1619 0 210.42 11.2869 2375 97.7027 642.353 398.916
1620 0 217.549 12.4662 2712 94.6947 642.101 397.101
1621 0 221.283 12.0479 2666 99.3027 641.77 394.337
1622 0 226.197 10.8268 2449 95.178 641.738 391.133
1623 0 236.514 12.3587 2923 95.4242 642.509 394.056
1624 0 242.656 12.0047 2913 97.7226 641.869 389.445
1625 0 252.605 12.0979 3056 99.0618 641.529 386.666
1626 0 258.743 12.2361 3166 100.581 641.379 381.229
1627 1 57.0332 11.1514 636 84.1022 643.973 487.816
1628 0 60.0905 11.5326 693 83.1631 643.762 486.641
1629 0 62.1264 12.0078 746 82.9625 643.13 486.247
1630 0 64.0317 12.2752 786 84.3359 643.7 485.501
1631 0 63.0536 12.3863 781 86.3764 644.04 484.964
1632 0 67.0395 11.8288 793 87.9533 643.793 483.064
1633 0 67.0447 11.7235 786 90.1794 643.76 481.165
1634 0 70.0788 11.3586 796 90.3744 642.589 480.559
1635 0 71.0519 12.3994 881 89.2327 642.889 479.522
1636 0 71.1076 11.9115 847 92.464 643.264 478.893
1637 0 73.0272 11.9408 872 91.25 642.432 478.703
1638 0 75.041 12.22 917 91.9749 642.806 477.867
1639 0 77.1155 11.3337 874 87.3181 642.594 476.434
1640 0 78.0637 11.5419 901 88.4872 642.82 478.007
1641 0 82.0668 13.16 1080 84.688 642.818 476.053
1642 0 82.1231 12.81 1052 86.6464 642.388 475.22
1643 0 85.063 12.4026 1055 88.1156 641.922 474.37
1644 0 88.0557 12.6738 1116 91.9561 642.394 472.832
1645 0 92.1089 12.2681 1130 95.9681 642.646 470.111
1646 0 92.1648 11.7507 1083 98.1459 642.085 468.207
1647 0 95.1384 12.876 1225 95.5445 642.755 466.594
1648 0 99.187 12.6932 1259 88.8523 642.427 468.652
1649 0 101.185 12.6205 1277 91.9436 642.201 467.138
1650 1 59.1724 10.2413 606 95.2888 644.241 485.571
1651 0 63.1698 11.7778 744 91.7957 643.715 486.468
1652 0 66.1819 12.8283 849 88.5866 642.842 484.119
1653 0 69.1774 12.6342 874 90.2895 643.551 485.561
1654 0 69.1998 12.4856 864 87.4884 643.296 484.373
1655 0 70.2262 12.7303 894 88.3915 643.276 482.64
1656 0 72.1281 12.3807 893 89.14 643.259 482.119
1657 0 72.1199 12.5347 904 90.229 641.968 480.936
1658 0 75.2227 12.9748 976 93.6947 642.496 482.306
1659 0 77.0694 12.7677 984 88.689 642.142 483.666
1660 0 78.0882 12.742 995 90.6141 641.947 481.156
1661 0 80.0467 13.0924 1048 90.7786 641.762 479.728
1662 0 82.1802 12.9107 1061 93.0047 642.534 477.53
1663 0 83.2171 13.1704 1096 93.1359 641.249 474.152
1664 0 85.0667 12.6489 1076 94.9517 641.829 472.394
1665 0 88.0724 12.6033 1110 95.3613 642.23 472.077
1666 0 89.1022 12.6372 1126 95.8535 642.968 471.706
1667 0 93.1432 12.411 1156 96.5078 642.234 469.454
1668 0 97.1306 12.9207 1255 95.1363 642.14 468.914
1669 0 98.1225 13.2182 1297 94.973 642.244 467.285
1670 0 102.112 12.6331 1290 96.1829 642.473 466.202
1671 0 106.226 12.7935 1359 92.9102 642.171 464.916
1672 0 108.192 12.8752 1393 95.6978 641.752 464.654
1673 1 64.2272 10.8677 698 94.3883 642.319 487.295
1674 0 65.2447 11.7098 764 90.7435 642.001 486.366
1675 0 66.1402 11.8385 783 88.8659 641.188 484.149
1676 0 70.1388 12.1331 851 95.577 642.637 482.766
1677 0 72.1947 11.5659 835 96.424 642.005 482.713
1678 0 73.3115 12.3173 903 95.0266 642.065 482.076
1679 0 75.3976 12.9712 978 93.8517 642.551 480.147
1680 0 78.3013 12.6562 991 96.338 641.756 480.1
1681 0 82.3117 12.7078 1046 93.4828 642.336 477.924
1682 0 84.3814 12.5265 1057 94.0416 641.855 475.797
1683 0 86.3032 12.572 1085 94.7475 641.994 475.432
1684 0 87.3251 12.6997 1109 95.2642 641.713 474.671
1685 0 91.2394 12.7467 1163 95.2915 641.364 471.466
1686 0 94.3453 12.9948 1226 94.031 641.405 471.392
1687 0 96.2824 13.4085 1291 92.1526 642.122 471.363
1688 0 99.2193 13.2636 1316 92.1687 641.201 467.984
1689 0 100.481 13.1966 1326 92.7504 641.47 466.679
1690 0 104.439 13.1369 1372 92.5102 641.517 465.021
1691 1 57.1682 10.7227 613 92.6884 642.931 487.458
1692 0 55.0461 10.7365 591 92.3739 644.284 482.384
1693 0 53.2219 11.3863 606 92.2409 642.66 477.041
1694 0 62.1526 11.7453 730 92.5767 641.767 483.503
1695 0 63.1445 11.4499 723 93.3665 641.902 484.32
1696 0 66.1341 12.0815 799 91.6521 642.048 482.703
1697 0 68.1784 11.9539 815 91.1816 642.009 483.088
1698 0 69.0761 12.0881 835 91.2503 642.048 481.369
1699 0 70.1877 11.74 824 92.6675 641.237 479.973
1700 0 72.1786 11.998 866 92.6443 641.624 479.65
1701 0 74.1324 11.9111 883 93.051 640.948 477.874
1702 0 76.11 12.0878 920 92.9663 641.658 477.534
1703 0 80.1128 12.2702 983 92.9237 642.739 476.318
1704 0 82.066 12.1853 1000 93.298 642.082 475.525
1705 0 85.1653 12.1294 1033 94.0397 642.052 475.999
1706 0 86.0533 11.6788 1005 94.8119 643.026 473.84
1707 0 89.0759 12.6858 1130 93.0708 642.595 473.081
1708 0 92.0975 12.6714 1167 91.5793 643.506 472.778
1709 0 94.1027 12.582 1184 91.2264 643.665 473.199
1710 0 97.2413 12.0319 1170 93.7077 641.59 469.001
1711 0 99.2418 12.4141 1232 92.9627 642.093 468.908
1712 0 101.111 12.4714 1261 94.0975 640.874 467.135
1713 0 104.13 12.0906 1259 95.0151 640.682 466.107
1714 0 107.192 12.8555 1378 92.8795 640.634 464.771
1715 0 110.152 12.4828 1375 94.0778 641.079 461.664
1716 1 63.0531 10.3881 655 95.916 642.11 484.834
1717 0 63.0476 10.389 655 145.452 642.111 484.692
1718 0 67.1256 11.6349 781 85.8899 642.712 483.522
1719 0 69.043 11.3552 784 88.4145 642.855 485.054
1720 0 70.0207 11.6251 814 88.0663 642.439 484.796
1721 0 73.0473 11.9922 876 88.2215 642.275 480.545
1722 0 74.0286 11.5226 853 89.1266 641.883 481.242
1723 0 78.0536 11.4409 893 88.8847 641.892 479.521
1724 0 81.0111 12.4674 1010 86.3337 641.458 477.501
1725 0 84.0929 12.0938 1017 87.3766 642.185 476.303
1726 0 86.0739 11.7806 1014 87.9635 641.008 473.44
1727 0 88.0419 11.8353 1042 88.6967 641.927 471.676
1728 0 89.0904 11.4154 1017 89.7306 640.593 470.675
1729 0 90.1106 11.7633 1060 89.5236 641.485 471.525
1730 0 94.0474 11.3453 1067 89.956 641.058 469.798
1731 0 98.0908 11.3059 1109 89.9955 641.839 467.293
1732 0 100.03 11.8465 1185 89.2464 641.271 467.327
1733 0 103.061 11.2457 1159 91.189 641.328 463.107
1734 0 105.042 11.5287 1211 91.2609 641.067 464.053
1735 0 109.076 11.4507 1249 91.6365 641.948 461.299
1736 0 112.066 11.163 1251 91.243 641.557 460.088
1737 0 114.042 11.0486 1260 91.9897 641.645 457.191
1738 0 119.059 10.9021 1298 92.3629 642.055 454.743
1739 0 121.152 10.5075 1273 93.3087 641.438 453.784
1740 0 125.144 11.291 1413 91.69 641.584 454.809
1741 0 130.151 10.8258 1409 92.7147 641.862 450.576
1742 0 136.102 11.0725 1507 92.8261 641.494 446.134
1743 1 78.1626 9.46745 740 85.1689 643.216 477.012
1744 0 80.1567 10.3173 827 83.9698 643.534 476.192
1745 0 82.1453 10.3475 850 84.2706 642.918 473.052
1746 0 84.2214 11.9803 1009 91.3538 643.166 473.11
1747 0 86.1389 11.4234 984 93.813 642.347 470.208
1748 0 90.2468 12.0337 1086 93.0424 642.128 469.595
1749 0 90.3303 11.148 1007 95.1787 642.224 466.027
1750 0 95.2013 11.2814 1074 94.4916 643.298 465.641
1751 0 97.1867 11.3596 1104 93.1268 642.413 463.928
1752 0 99.1173 11.8748 1177 98.763 642.853 462.076
1753 0 102.189 12.1539 1242 95.4847 642.328 461.213
1754 0 104.223 12.5691 1310 94.4969 642.766 462.223
1755 0 108.169 12.2679 1327 95.6729 642.785 459.551
1756 0 110.156 12.4914 1376 95.9419 642.73 459.258
1757 0 114.162 12.7275 1453 95.618 642.207 457.717
1758 0 116.211 12.2364 1422 97.5422 642.586 456.406
1759 0 118.257 11.8048 1396 99.9004 642.079 456.218
1760 0 122.206 12.4544 1522 99.0066 641.834 455.063
1761 0 126.247 12.1349 1532 100.224 641.965 455.658
1762 0 129.294 12.1197 1567 102.083 641.772 450.92
1763 0 131.194 11.9441 1567 103.47 642.198 447.677
1764 0 134.276 11.7966 1584 105.723 641.367 444.048
1765 0 141.303 12.13 1714 104.754 642.278 443.189
1766 0 146.262 12.4298 1818 104.505 641.549 441.893
1767 0 150.303 12.7276 1913 103.67 642.143 438.832
1768 0 152.317 11.7321 1787 106.091 642.171 435.537
1769 1 92.1573 10.5472 972 104.68 642.808 463.429
1770 0 95.2384 11.613 1106 103.601 641.98 462.716
1771 0 99.1435 12.3457 1224 101.898 642.564 462.768
1772 0 103.178 12.0375 1242 99.6385 642.471 464.563
1773 0 103.175 11.4756 1184 102.75 642.251 464.22
1774 0 105.169 11.8762 1249 104.196 642.314 459.655
1775 0 110.154 11.7563 1295 103.707 642.402 460.752
1776 0 113.185 11.9539 1353 104.872 641.938 457.787
1777 0 114.143 11.4593 1308 108.356 642.405 454.52
1778 0 116.159 11.7425 1364 108.556 642.463 451.717
1779 0 119.133 11.9195 1420 108.182 642.975 451.727
1780 0 121.152 11.5227 1396 110.767 642.24 447.686
1781 0 128.232 11.9939 1538 108.714 642.422 447.504
1782 0 130.205 11.9811 1560 109.239 642.199 444.087
1783 0 131.24 11.7266 1539 111.785 642.282 442.032
1784 0 136.229 12.3762 1686 108.751 641.73 436.579
1785 0 140.221 12.3876 1737 108.42 641.61 434.714
1786 0 144.288 12.4612 1798 111.295 640.287 431.516
1787 0 149.142 12.7932 1908 110.342 640.813 427.981
1788 0 153.331 12.535 1922 110.921 641.603 428.641
1789 0 159.344 12.5327 1997 111.137 641.481 428.683
1790 0 166.629 12.5848 2097 111.251 641.556 426.266
1791 0 173.281 12.3845 2146 105.269 641.472 427.06
1792 1 108.283 9.17041 993 102.796 642.218 460.647
1793 0 111.272 10.7754 1199 101.123 641.929 458.728
1794 0 115.188 11.1383 1283 101.032 642.474 457.394
1795 0 115.318 11.4813 1324 100.462 642.165 454.1
1796 0 119.388 11.0564 1320 102.828 642.183 452.151
1797 0 124.458 11.1523 1388 103.238 642.228 449.639
1798 0 127.43 11.1434 1420 104.169 642.429 446.828
1799 0 132.508 12.12 1606 101.635 641.57 446.494
1800 0 133.379 11.516 1536 104.747 642.535 444.74
1801 0 137.392 11.5436 1586 105.396 641.583 443.791
1802 0 140.346 11.5429 1620 106.24 641.614 442.265
1803 0 144.383 12.0998 1747 105.034 641.599 440.027
1804 0 148.365 11.957 1774 105.764 640.975 437.486
1805 0 153.327 12.0135 1842 106.383 641.099 435.012
1806 0 156.331 12.1537 1900 106.158 640.718 434.949
1807 0 157.392 12.6754 1995 107.733 640.514 434.66
1808 0 167.482 12.1804 2040 106.404 640.696 431.881
1809 0 171.448 12.4703 2138 106.435 640.99 427.202
1810 0 178.54 12.9215 2307 103.85 640.855 426.294
1811 0 181.447 12.1358 2202 107.36 640.648 421.129
1812 0 185.509 12.0641 2238 107.283 640.994 417.287
1813 1 114.307 9.28201 1061 96.9359 641.957 455.683
1814 0 116.374 8.36957 974 102.607 640.416 449.395
1815 0 119.42 10.6934 1277 98.1558 641.359 450.842
1816 0 123.296 10.3977 1282 97.5203 640.406 451.321
1817 0 124.432 10.0457 1250 99.2272 641.085 447.708
1818 0 129.293 10.3873 1343 99.7036 641.29 445.771
1819 0 133.431 11.5865 1546 96.6028 640.743 445.495
1820 0 135.403 10.6866 1447 99.4312 639.918 442.198
1821 0 137.452 11.5167 1583 97.9937 640.351 443.112
1822 0 142.368 11.674 1662 98.4874 641.096 438.916
1823 0 146.452 12.2224 1790 96.7022 640.909 439.109
1824 0 150.349 11.7128 1761 98.5145 641.337 435.64
1825 0 155.347 11.838 1839 98.9163 641.218 432.609
1826 0 158.435 11.5568 1831 100.177 641.564 430.034
1827 0 164.479 12.3299 2028 97.8777 641.622 428.616
1828 0 165.372 11.4348 1891 101.592 640.299 424.086
1829 0 172.303 11.7526 2025 101.052 639.848 422.602
1830 0 176.45 12.7515 2250 99.692 640.512 422.305
1831 0 178.398 12.0909 2157 103.556 640.07 419.553
1832 0 185.49 12.3026 2282 103.367 639.564 416.767
1833 0 188.486 12.3351 2325 104.828 639.943 414.286
1834 0 192.588 12.1139 2333 107.904 640.168 410.077
1835 0 197.365 12.444 2456 108.402 640.529 408.335
1836 0 202.448 12.2846 2487 109.987 640.593 405.58
1837 0 207.537 13.0676 2712 112.085 641.434 404.284
1838 0 211.509 12.5621 2657 114.809 640.39 398.896
1839 0 217.514 12.7348 2770 115.109 639.655 397.926
1840 0 226.588 15.2656 3459 106.853 640.025 390.673
1841 0 228.523 12.1432 2775 119.598 639.583 390.895
1842 0 237.546 12.2166 2902 118.494 639.65 384.35
1843 0 243.513 12.7262 3099 113.963 639.94 384.26
1844 0 250.498 12.9782 3251 113.035 640.215 381.323
1845 0 257.537 13.2719 3418 114.406 640.236 375.424
1846 0 263.49 12.5925 3318 117.06 639.981 372.603
1847 0 272.429 13.5008 3678 114.517 640.345 366.192
1848 0 280.513 14.8763 4173 110.576 640.164 360.927
1849 0 286.516 14.2924 4095 113.821 640.279 352.032
1850 0 295.367 14.2027 4195 114.911 640.156 345.557
1851 0 303.47 13.7839 4183 117.197 639.433 339.809
1852 1 27.1626 7.58396 206 77.8592 639.951 501.374
1853 0 21.014 7.13809 150 76.7133 642.7 504.527
1854 0 23.0092 6.69299 154 77.8636 643.39 505.721
1855 0 21.0079 7.33058 154 78.987 643.643 505.403
1856 0 22.017 7.22171 159 81.566 642.698 506.013
1857 0 28.0193 5.71036 160 83.9562 643.231 505.875
1858 0 26.024 7.0704 184 83.9185 643.261 505.082
1859 0 28.0103 9.0681 254 80.7835 643.882 503.386
