time division length width area intensity CMx CMy
0 0 74.0803 13.0264 965 112.264 19.1192 485.173
1 0 78.088 12.0377 940 109.69 19.9415 484.744
2 0 79.0553 12.0928 956 108.994 19.5387 485.463
3 0 81.1662 11.8522 962 109.678 19.2963 485.568
4 1 42.0364 11.4425 481 111.22 19.8857 502.844
5 0 47.0521 12.3905 583 108.268 19.8679 502.568
6 0 47.0486 12.9441 609 111.731 19.5616 502.021
7 0 49.0623 12.8612 631 106.052 20.2631 500.713
8 0 50.0655 12.6834 635 110.564 19.978 500.643
9 0 50.0623 13.0038 651 110.08 19.5945 500.432
10 0 52.0708 13.7121 714 105.595 18.6275 499.583
11 0 54.1783 13.0495 707 105.859 19.4498 498.868
12 0 54.095 13.1436 711 105.049 19.339 498.567
13 0 57.0557 13.2853 758 102.309 18.6385 496.988
14 0 58.0294 13.3208 773 101.674 19.1979 495.213
15 0 62.0101 13.5623 841 99.1189 18.8121 494.119
16 0 63.0529 13.3221 840 99.1976 19.5583 495.654
17 0 65.0586 13.7876 897 96.0078 18.8896 493.134
18 0 66.0657 14.092 931 94.8625 19.2406 493.095
19 0 66.098 13.0261 861 88.2369 18.4332 492.215
20 0 68.0554 12.2841 836 89.3026 18.2309 491.011
21 0 72.0492 12.9495 933 87.2947 17.1833 490.077
22 0 74.118 13.2626 983 86.3723 18.0712 488.525
23 0 75.1074 12.795 961 86.9615 17.8023 487.671
24 0 79.0789 13.5181 1069 85.3639 17.6202 486.587
25 0 80.1671 12.7234 1020 86.7775 17.9794 485.602
26 0 83.0955 13.2257 1099 85.3949 17.596 485.631
27 0 86.2023 12.6911 1094 85.2011 17.4744 483.293
28 0 91.0988 13.2274 1205 82.6025 17.7261 482.52
29 1 46.0197 11.3864 524 83.666 17.4981 504.324
30 0 48.1037 12.8472 618 79.5728 18.199 504.369
31 0 51.071 12.7665 652 78.0215 17.8298 504.842
32 0 49.0117 11.5483 566 77.7403 16.9099 505.686
33 0 51.1095 12.5417 641 77.0156 17.078 502.264
34 0 53.0172 12.694 673 76.6285 16.9614 503.419
35 0 56.013 12.872 721 76.2427 17.4521 501.843
36 0 58.0763 13.2412 769 76.0871 16.4928 500.094
37 0 61.0418 11.8935 726 80.0344 16.8802 496.967
38 0 62.032 12.9933 806 79.7903 16.5732 495.417
39 0 64.0418 13.1633 843 81.446 16.9798 493.862
40 0 68.0456 13.3146 906 83.7947 17.0618 491.733
41 0 70.0739 13.3145 933 83.4384 16.5305 492.573
42 0 74.1001 13.0364 966 83.7174 16.5849 489.169
43 0 76.0752 13.1449 1000 83.145 15.99 487.209
44 0 78.0824 13.6522 1066 82.6548 16.0141 486.682
45 0 81.2026 12.9922 1055 83.3223 16.0768 483.582
46 0 86.1748 13.5306 1166 81.9666 15.9331 482.162
47 0 86.1259 14.2582 1228 84.3119 17.6441 479.663
48 0 92.1911 13.8734 1279 83.8241 16.5207 478.704
49 1 46.1328 12.7025 586 85.0853 16.9676 501.063
50 0 49.0897 13.3837 657 87.3227 16.5053 499.28
51 0 51.1591 13.9956 716 85.9274 16.8226 499.948
52 0 52.138 13.3492 696 88.2126 16.5115 499.039
53 0 54.1153 13.9332 754 86.8727 16.0332 498.52
54 0 55.0624 13.6936 754 87.6538 16.0133 497.342
55 0 56.1255 13.5055 758 87.2625 16.6095 497.074
56 0 59.1336 13.8838 821 87.0633 16.5591 494.287
57 0 61.1326 14.3131 875 86.5166 16.2583 493.058
58 0 64.2205 13.9364 895 86.9441 16.6067 494.203
59 0 66.2263 14.4051 954 86.6562 16.6876 492.465
60 0 67.2757 13.8534 932 89.7328 16.073 491.029
61 0 69.2045 14.3921 996 89.6215 16.2902 490.528
62 0 73.192 13.9769 1023 90.9814 17.0156 489.151
63 0 73.192 14.0043 1025 163.838 17.0166 489.143
64 0 77.1254 14.2106 1096 93.9106 16.8796 488.122
65 0 80.1161 14.0796 1128 93.6924 16.6463 487.893
66 0 83.1942 14.5443 1210 92.6719 16.5818 486.312
67 0 86.1703 14.9704 1290 93.1605 16.2574 485.225
68 0 89.145 14.2801 1273 93.9191 15.6654 484.452
69 1 45.0857 12.7757 576 100.323 15.7917 504.95
70 0 48.1368 13.6071 655 97.7176 16.3145 503.635
71 0 50.0635 14.2419 713 96.9958 16.3927 503.02
72 0 51.1512 14.1737 725 97.3738 16.1931 501.76
73 0 54.1667 14.2154 770 97.0935 16.4312 500.535
74 0 55.1472 14.0896 777 98.3565 16.3462 500.363
75 0 57.035 14.6577 836 97.488 16.4246 500.384
76 0 58.0872 13.979 812 99.7488 16.3793 498.683
77 0 61.161 14.4537 884 99.4649 15.8631 497.398
78 0 63.0368 14.5471 917 99.2574 16.458 496.474
79 0 66.0205 14.753 974 99.3029 15.5493 496.026
80 0 66.0383 14.2947 944 102.11 16.7119 494.842
81 0 71.0394 14.6398 1040 100.756 17.0442 493.873
82 0 73.0299 14.6378 1069 101.67 16.8709 491.95
83 0 75.0108 14.4912 1087 102.719 16.7452 490.875
84 0 76.0205 14.1672 1077 105.256 16.9044 488.807
85 0 81.0554 15.3105 1241 100.882 16.9162 488.547
86 0 83.0937 14.6702 1219 103.931 16.4208 487.126
87 0 86.0636 14.9308 1285 102.432 17.1323 485.86
88 0 88.0621 14.7737 1301 103.819 17.0507 485.184
89 0 92.0716 14.858 1368 102.55 16.7018 483.325
90 0 93.1259 14.6361 1363 103.768 16.8379 479.935
91 0 96.1332 14.6464 1408 103.423 16.696 479.215
92 0 101.082 14.4735 1463 102.9 16.7505 478.457
93 1 57.0257 13.2396 755 111.656 16.551 495.65
94 0 61.0186 13.5205 825 110.079 17.263 495.558
95 0 63.0108 13.8865 875 108.445 16.2526 493.76
96 0 63.0192 13.4086 845 111.101 16.6675 492.742
97 0 67.0474 13.8111 926 108.989 15.6242 493.354
98 0 67.0242 13.6369 914 110.853 16.6379 492.914
99 0 68.0889 13.8789 945 110.646 15.9534 491.987
100 0 71.0465 13.8642 985 109.176 16.3909 492.748
101 0 73.0603 14.1116 1031 111.386 16.579 489.307
102 0 76.0384 13.7562 1046 112.187 15.7706 488.717
103 0 77.0825 13.5829 1047 112.614 16.0248 487.479
104 0 78.0637 13.6683 1067 112.306 16.4761 485.877
105 0 82.0776 13.8406 1136 109.717 16.7157 484.254
106 0 84.2028 13.895 1170 111.001 16.5752 483.364
107 0 87.0376 13.7297 1195 111.892 16.082 481.613
108 0 88.1138 14.1408 1246 112.217 16.3371 480.806
109 0 91.0831 14.5801 1328 110.68 16.1755 479.541
110 0 94.0823 14.4661 1361 111.763 16.3784 478.548
111 0 94.063 13.9906 1316 115.377 17.0828 476.699
112 0 97.1209 14.2915 1388 115.079 16.5036 476.585
113 0 99.1238 14.4466 1432 115.368 16.5684 475.348
114 0 103.082 14.3089 1475 115.86 16.6386 474.394
115 0 107.137 14.9435 1601 114.637 16.6227 472.022
116 0 109.096 14.7393 1608 114.972 16.9322 472.002
117 0 112.112 15.0474 1687 112.663 16.4884 470.597
118 0 116.175 15.2872 1776 114.046 16.3311 466.881
119 0 119.15 15.0147 1789 115.135 17.3203 464.612
120 0 123.172 14.5569 1793 115.201 16.2298 463.651
121 0 127.132 15.3384 1950 112.076 15.9308 462.407
122 0 129.206 14.326 1851 114.113 16.3998 462.683
123 1 77.1591 12.4289 959 119.431 17.2628 486.601
124 0 78.1558 12.4879 976 121.178 17.5994 485.536
125 0 82.1727 12.8753 1058 120.335 17.225 482.908
126 0 84.1685 12.6294 1063 122.247 16.8739 482.064
127 0 85.164 12.3644 1053 123.845 16.6315 481.272
128 0 90.1437 12.9238 1165 120.536 17.0884 479.995
129 0 93.1172 12.8655 1198 120.205 16.323 477.987
130 0 95.0778 12.7054 1208 121.492 16.106 474.696
131 0 98.1595 13.5799 1333 119.362 17.2941 474.245
132 0 102.14 12.2479 1251 120.507 15.9289 470.502
133 0 104.133 12.6664 1319 117.953 16.0152 470.467
134 0 108.136 12.2993 1330 119.729 16.2368 468.323
135 0 109.169 11.4868 1254 117.671 15.7432 465.548
136 0 112.165 12.223 1371 115.888 15.7214 464.003
137 0 114.27 12.418 1419 115.297 15.4334 464.054
138 0 117.189 12.0147 1408 116.452 14.7848 461.732
139 0 122.219 13.0176 1591 115.862 16.484 460.006
140 0 126.176 11.8248 1492 117.889 14.9256 456.93
141 0 131.232 12.535 1645 114.508 14.3988 456.635
142 0 135.256 13.2046 1786 115.561 16.2973 454.172
143 0 140.194 12.6895 1779 114.304 14.8954 453.28
144 0 144.275 12.6564 1826 116.454 16.667 448.067
145 0 149.318 11.8673 1772 117.625 15.1095 444.933
146 0 153.203 11.6056 1778 118.603 15.6519 441.376
147 0 158.21 10.9222 1728 121.903 14.9925 435.451
148 0 164.228 12.1234 1991 119.639 14.5103 437.8
149 1 80.2412 10.107 811 95.8409 15.0259 486.862
150 0 78.1453 9.53352 745 99.9356 14.7101 486.893
151 0 80.133 9.39687 753 98.5471 14.4794 487.895
152 0 80.1201 8.74937 701 100.668 15.0984 485.927
153 0 84.1724 9.71815 818 98.1895 14.1333 484.501
154 0 85.1258 9.26863 789 98.147 14.7326 483.446
155 0 91.2665 9.59826 876 95.6918 14.3322 482.723
156 0 91.119 9.13091 832 99.7356 15.0865 480.681
157 0 93.2405 9.3736 874 97.2174 14.5252 478.714
158 0 98.1667 9.45331 928 96.8836 15.8394 476.751
159 0 100.212 8.85122 887 96.8523 14.0169 475.747
160 0 104.126 9.57494 997 97.3099 15.5186 472.334
161 0 107.347 9.55777 1026 96.0312 14.4288 471.409
162 0 109.201 8.99259 982 96.8259 15.6069 472.087
163 0 111.149 8.68208 965 96.943 14.4528 469.858
164 0 115.23 10.2751 1184 94.9966 16.3927 469.425
165 0 118.222 8.05263 952 98.7395 14.8445 466.461
166 0 121.178 8.26058 1001 100.239 15.4356 461.638
167 0 126.203 9.25496 1168 99.2269 14.2637 459.558
168 1 67.0359 8.38356 562 89.2616 16.9128 491.505
169 0 69.0545 8.25435 570 88.9228 15.9632 490.926
170 0 70.0853 8.14722 571 90.0806 15.9475 489.11
171 0 72.0601 7.89619 569 91.0984 16.7575 490.559
172 0 73.0685 7.4177 542 89.8007 16.6144 487.856
173 1 41.0253 9.04321 371 85.1725 17.4151 503.811
174 0 41.0099 8.90029 365 85.7534 16.5534 503.181
175 0 42.0423 9.94237 418 84.4163 15.8349 503.493
176 0 39.0105 8.99759 351 86.6752 16.3134 506.724
177 0 39.027 8.04572 314 89.1847 15.5987 506.236
178 0 41.0393 9.16195 376 85.9654 15.9628 506.074
179 0 41.0537 8.76899 360 87.5833 16.0944 505.931
180 0 41.0847 8.68936 357 88.3613 16.619 505.272
181 0 43.0254 8.94821 385 88.9636 16.4156 505.229
182 0 43.0396 9.73522 419 91.1957 16.4033 504.888
183 0 46.018 9.49629 437 91.27 15.8673 503.547
184 0 48.0213 10.2663 493 90.0953 15.7586 501.858
185 0 49.0314 10.014 491 92.6538 15.6477 500.937
186 0 49.0606 9.94687 488 93.3484 15.7643 503.82
187 0 53.1077 9.99856 531 92.3861 15.4181 502.234
188 0 53.1627 10.4208 554 92.8989 16.222 500.542
189 0 55.1607 10.3516 571 93.4729 16.4413 498.942
190 0 58.1835 10.57 615 93.413 16.6569 497.958
191 0 59.1266 10.672 631 94.5911 15.8225 498.266
192 0 60.1007 10.1663 611 97.1178 15.7152 497.666
193 0 61.1418 10.1567 621 97.9694 14.7214 496.979
194 0 64.1177 10.855 696 96.9928 16.0805 495
195 0 67.2449 11.4209 768 95.8164 15.612 493.544
196 0 70.2251 11.4204 802 95.7943 15.3554 492.683
197 0 71.2265 12.4532 887 94.0676 16.5457 492.08
198 0 74.1314 11.5471 856 93.4848 15.5911 491.242
199 0 78.1678 13.4454 1051 90.2636 16.4776 490.18
200 0 78.1453 12.3488 965 91.714 14.7575 490.564
201 0 83.1922 13.1503 1094 90.202 16.6417 488.214
202 0 83.1614 12.1691 1012 115.591 15.086 487.373
203 0 85.0887 12.8102 1090 115.472 15.7771 487.039
204 0 89.1535 13.0561 1164 113.956 15.8823 485.384
205 0 91.1231 12.4886 1138 116.221 14.804 484.485
206 0 94.0844 13.7749 1296 115.125 16.6049 483.523
207 0 96.1935 12.9531 1246 116.265 14.5762 481.644
208 0 99.111 13.5 1338 115.595 16.651 481.018
209 0 100.135 13.0923 1311 115.722 13.7651 478.54
210 0 102.161 13.7724 1407 117.944 16.3326 478.584
211 0 107.161 13.2604 1421 115.605 14.2738 475.694
212 0 109.226 14.0992 1540 116.815 15.1078 474.962
213 0 113.165 13.8117 1563 112.75 13.7281 474.594
214 0 115.223 15.0144 1730 114.488 15.7491 472.805
215 1 60.1034 11.8463 712 118.581 14.7177 498.931
216 0 62.1078 12.0436 748 120.211 16.3676 499.015
217 0 64.1235 12.1017 776 118.777 14.7113 497.747
218 0 65.1459 12.756 831 118.421 16.4898 496.012
219 0 69.2279 12.4227 860 117.813 14.8593 494.794
220 0 72.2327 13.3873 967 111.373 14.3092 492.895
221 0 72.1988 14.377 1038 113.533 15.5376 492.228
222 0 72.0521 13.8927 1001 117.826 14.5245 493.402
223 0 71.1185 14.9328 1062 123.225 17.0179 494.617
224 0 75.081 12.986 975 124.464 15.1969 492.573
225 0 75.0951 14.0888 1058 126.421 16.6843 491.308
226 0 78.0793 12.9484 1011 127.093 14.7428 489.257
227 0 80.0972 14.5698 1167 126.212 16.605 488.994
228 0 83.1061 14.1145 1173 124.874 15.8559 486.591
229 0 87.0656 13.3807 1165 125.113 14.1227 485.062
230 0 87.1484 13.2074 1151 127.562 16.3918 485.341
231 0 91.0902 12.7456 1161 125.041 13.7984 482.325
232 0 93.1048 13.3613 1244 124.384 15.3006 481.311
233 0 95.0881 12.9669 1233 125.513 15.4096 481.652
234 0 99.1177 13.8119 1369 121.975 15.1066 478.833
235 0 99.0995 12.3411 1223 125.812 15.3352 478.477
236 0 103.085 13.1833 1359 122.444 14.9941 474.851
237 1 47.022 10.4419 491 107.923 15.4521 497.58
238 0 47.0161 9.99658 470 111.383 15.4489 496.611
239 0 48.0243 10.6821 513 107.994 15.4932 495.483
240 0 50.0128 9.69752 485 102.507 14.1608 497.27
241 0 51.026 10.818 552 102.645 14.8659 497.645
242 0 55.0286 11.9211 656 113.64 14.189 500.201
243 0 56.1116 12.0118 674 113.071 14.4866 501.55
244 0 59.0218 12.47 736 112.058 14.4606 498.605
245 0 61.0557 12.9226 789 112.161 14.749 498.337
246 0 63.0327 11.3275 714 112.917 14.3459 498.5
247 0 66.0548 12.7016 839 115.018 14.7223 496.254
248 0 67.0135 12.3856 830 112.745 13.7867 495.376
249 0 69.0604 12.8293 886 115.661 14.8352 495.139
250 0 73.092 12.6416 924 112.753 16.0747 493.845
251 0 75.052 12.3248 925 114.579 15.107 492.094
252 0 78.0833 13.1654 1028 111.743 16.216 491.094
253 0 79.0334 12.6149 997 110.757 14.9729 489.908
254 0 82.0796 13.7428 1128 113.362 15.8963 488.84
255 0 84.0554 12.6345 1062 114.722 14.5565 487.852
256 1 47.0074 12.4874 587 115.037 16.6405 505.663
257 0 46.0262 12.4277 572 112.666 16.3566 503.706
258 0 47.0054 11.8923 559 107.367 16.8032 501.796
259 0 48.0244 10.9944 528 109.091 15.2254 500.511
260 0 48.0073 11.6024 557 112.255 16.0592 497.925
261 0 47.0295 10.9506 515 109.458 14.501 497.885
262 0 50.0928 10.3009 516 110.089 14.4322 496.558
263 0 51.0303 10.6603 544 110.735 14.489 504.958
264 0 52.1414 12.1401 633 109.166 14.703 504.227
265 0 54.0366 11.1961 605 107.094 14.3405 500.782
266 0 56.0372 11.7422 658 106.766 14.0821 501.457
267 0 59.0548 11.5317 681 103.856 13.8282 501.073
268 0 59.1035 13.0111 769 104.454 14.8505 499.252
269 0 62.0914 11.5636 718 104.912 13.454 499.35
270 0 63.058 11.8779 749 107.434 14.1575 498.155
271 0 64.0969 12.0599 773 107.845 13.969 497.669
272 0 67.0152 11.0423 740 105.768 13.6514 497.397
273 0 72.109 11.6213 838 106.002 13.5095 495.493
274 0 73.1811 11.9157 872 109.516 14.2443 494.013
275 0 76.1474 12.1081 922 110.999 14.2451 492.099
276 0 78.1256 11.3791 889 113.054 13.3622 491.138
277 0 82.0928 12.3397 1013 114.698 14.2172 489.835
278 0 83.1191 11.7542 977 113.445 14.1842 489.523
279 1 44.0712 11.2091 494 110.312 14.2733 506.676
280 0 45.0404 12.0336 542 109.404 15.5387 506.716
281 0 46.0141 11.8659 546 108.478 14.3223 505.029
282 0 49.0165 12.6692 621 109.176 15.4541 505.171
283 0 47.0387 11.0547 520 112.25 14.4692 506.094
284 0 45.0254 9.639 434 98.9424 15.5945 499.756
285 0 49.0412 8.97205 440 100.607 14.6045 499.643
286 0 49.0206 10.5262 516 100.647 15.6764 498.812
287 0 54.0681 11.9479 646 110.737 14.5619 503.59
288 0 53.091 12.0548 640 111.983 15.1312 504.364
289 0 56.0713 11.7707 660 112.136 14.9818 502.108
290 0 58.1437 12.2971 715 110.997 15.4196 500.255
291 0 59.0606 11.666 689 112.647 15.3701 502.283
292 0 61.0478 11.9415 729 110.431 15.1097 499.929
293 0 64.0683 12.2369 784 109.656 15.5434 499.523
294 0 64.0808 11.782 755 111.396 14.8238 497.962
295 0 67.0556 11.9006 798 110.709 14.3183 497.813
296 0 71.1037 13.7405 977 109.898 14.5271 495.039
297 0 74.1335 12.5719 932 112.445 14.7189 493.882
298 0 74.1128 11.6849 866 113.276 15.3741 493.159
299 0 77.1082 11.0753 854 115.635 13.2529 492.874
300 0 81.0634 14.0261 1137 113.837 14.8813 490.591
301 0 84.1692 13.2471 1115 114.107 15.235 488.888
302 1 47.0593 13.5999 640 114.47 15.5297 505.528
303 0 48.0293 12.076 580 114.417 15.3293 505.871
304 0 48.0064 13.3316 640 115.366 16.7875 505.123
305 0 52.0244 13.7051 713 107.377 15.8485 503.839
306 0 52.0634 13.2723 691 103.13 15.602 503.871
307 0 53.0539 14.5324 771 103.498 15.3839 504.193
308 0 55.0412 13.6625 752 104.386 15.4641 503.995
309 0 57.0704 14.4383 824 101.632 14.9624 502.976
310 0 59.0906 13.5555 801 100.164 14.7203 502.698
311 0 60.0879 14.1293 849 100.954 15.8009 502.052
312 0 60.056 14.653 880 101.197 15.2318 501.214
313 0 64.0312 14.5398 931 100.052 14.5564 500.306
314 0 65.0535 14.5111 944 100.719 15.2203 498.954
315 0 68.0663 14.6328 996 101.206 14.8594 498.309
316 0 68.0455 14.4609 984 103.182 15.0051 497.704
317 0 71.105 14.0215 997 102.434 15.3862 496.531
318 0 73.1474 14.5186 1062 100.554 14.903 496.23
319 0 76.1068 14.8081 1127 102.917 15.0896 495.233
320 0 78.0993 15.3138 1196 102.423 15.6639 493.936
321 0 81.0609 14.2609 1156 101.641 15.6401 492.369
322 0 83.0622 14.6155 1214 100.449 14.8089 491.302
323 0 86.1814 15.1541 1306 102.745 15.2695 490.019
324 0 88.0626 15.3414 1351 99.0118 14.0155 488.303
325 0 91.1199 15.507 1413 98.6214 13.4593 488.406
326 0 95.11 16.013 1523 112.037 14.6323 486.183
327 1 50.0723 10.9841 550 113.002 13.9345 509.524
328 0 53.1229 12.5181 665 111.835 13.8271 507.997
329 0 54.0333 13.2881 718 112.008 14.5515 507.149
330 0 54.1142 12.4551 674 111.662 13.3961 506.473
331 0 56.069 14.714 825 102.644 15.0812 506.629
332 0 57.1115 13.0622 746 100.643 13.2895 504.728
333 0 59.0802 13.304 786 103.163 14.0967 503.679
334 0 62.0816 13.9172 864 102.056 13.8692 502.089
335 0 62.0359 15.0074 931 103.276 13.898 501.905
336 0 64.0949 14.9778 960 104.128 14.3552 500.043
337 0 68.1124 13.742 936 103.628 13.5267 498.58
338 0 69.0437 14.9181 1030 102.95 13.8456 497.534
339 0 73.062 15.6716 1145 101.125 13.6087 497.174
340 0 74.1239 14.7726 1095 104.558 13.2338 494.816
341 0 74.1029 14.2774 1058 109.28 13.2854 495.073
342 0 76.092 14.7979 1126 111.153 13.3135 493.593
343 0 81.1594 15.0814 1224 110.529 12.777 491.364
344 0 82.1216 16.0007 1314 112.302 12.7793 490.521
345 0 86.093 16.3428 1407 111.839 12.3618 489.531
346 0 89.1959 16.0658 1433 115.116 11.8562 487.306
347 0 93.1422 16.6198 1548 114.33 11.6964 486
348 0 95.1247 16.6203 1581 119.102 10.8172 483.588
349 1 49.1116 14.4976 712 121.444 12.177 506.906
350 0 51.0224 15.5814 795 117.106 13.0767 507.025
351 0 52.0388 15.0849 785 116.796 11.772 506.731
352 0 50.0646 14.6011 731 115.778 12.4802 508.456
353 0 53.0498 13.8172 733 116.345 12.2947 507.202
354 0 53.1011 15.1033 802 117.377 12.5823 505.524
355 0 56.1093 14.846 833 115.576 11.509 505.64
356 0 55.1449 14.888 821 119.514 11.7016 505.116
357 0 57.0781 14.997 856 117 12.0537 503.268
358 0 60.1177 14.8542 893 118.184 13.2374 501.833
359 0 62.0863 14.9792 930 115.827 12.0914 501.21
360 0 64.0319 15.6797 1004 114.603 12.6235 500.325
361 0 65.0721 15.26 993 114.641 12.2115 498.926
362 0 68.0279 15.0967 1027 113.159 12.149 496.829
363 0 68.0599 15.3101 1042 111.143 12.9789 496.912
364 0 71.1605 14.2776 1016 114.275 12.4065 495.424
365 0 73.0526 14.5922 1066 112.288 12.4306 494.941
366 0 75.1773 14.9779 1126 111.734 11.2282 493.326
367 0 78.0378 15.8 1233 111.531 13.1533 491.781
368 0 79.0772 14.7451 1166 111.357 12.199 488.927
369 0 82.2245 14.9712 1231 111.587 13.0032 489.002
370 0 84.181 15.6092 1314 110.269 12.6461 485.593
371 0 87.3275 15.0239 1312 112.491 13 484.717
372 0 88.0926 14.5302 1280 113.052 11.8828 484.616
373 0 93.1152 16.4635 1533 111.88 12.7815 483.269
374 0 94.227 15.7704 1486 115.743 13.1292 481.266
375 0 99.2229 15.1074 1499 117.019 12.8446 478.274
376 0 103.317 16.1445 1668 115.495 13.6169 478.412
377 0 106.123 14.389 1527 116.442 11.8435 474.864
378 0 111.12 15.1728 1686 116.168 12.2301 475.569
379 0 116.11 15.1666 1761 117.853 13.3384 471.864
380 1 59.0709 10.699 632 101.913 13.6171 497.149
381 0 64.0842 13.5603 869 106.144 13.4499 498.12
382 0 65.0726 13.3697 870 107.885 13.877 497.113
383 0 68.07 13.4714 917 114.433 13.2356 496.357
384 0 70.0992 13.2099 926 113.006 12.9838 495.506
385 0 71.1089 12.6285 898 114.765 13.0434 493.61
386 0 74.0778 13.9853 1036 113.892 13.7606 492.631
387 0 74.0784 12.6758 939 116.215 13.6315 491.203
388 0 78.1682 13.3046 1040 113.483 13.949 491.149
389 0 80.1375 13.0276 1044 116.335 13.386 488.695
390 0 82.1398 13.5257 1111 115.422 13.1602 486.171
391 0 84.1493 13.3691 1125 115.384 13.9138 484.838
392 0 87.1225 13.8885 1210 112.762 13.9512 484.582
393 0 90.2 13.3259 1202 114.486 14.5574 482.868
394 0 92.1726 13.0191 1200 113.622 14.4533 481.657
395 0 95.4298 13.5807 1296 111.814 14.5069 480.051
396 0 97.1152 13.1184 1274 109.475 13.4631 479.033
397 0 100.11 13.2854 1330 110.474 14.2857 477.109
398 0 104.144 13.8366 1441 107.985 14.3171 477.114
399 1 53.0448 10.3874 551 101.169 14.735 501.254
400 0 56.0861 10.7157 601 97.2745 15 499.268
401 0 57.0521 11.8138 674 91.27 15.049 498.282
402 0 58.0366 11.9063 691 91.1954 13.9797 497.644
403 0 60.0655 12.9192 776 96.2036 14.5412 497.8
404 0 61.0958 12.7341 778 97.6889 14.7956 496.902
405 0 64.1323 13.0979 840 98.3119 14.6405 498.119
406 0 62.063 13.164 817 101.362 14.257 498.741
407 0 65.0359 13.7001 891 101.744 15.2132 498.662
408 0 67.0629 12.2571 822 100.176 14.7871 496.69
409 0 70.0546 12.6615 887 99.1635 15.0304 496.169
410 0 71.0719 12.6492 899 103.315 14.5773 494.148
411 0 74.1628 13.5243 1003 102.256 14.1585 492.4
412 0 76.0683 13.6456 1038 105.431 15.5106 491.948
413 0 77.049 12.1092 933 103.587 13.7245 490.267
414 0 81.0914 13.4293 1089 103.954 14.4766 490.335
415 0 82.1716 13.3379 1096 105.632 14.4425 488.719
416 0 86.1547 13.2901 1145 106.06 15.0908 487.604
417 0 88.1627 13.0781 1153 103.353 14.6661 486.461
418 0 91.1262 13.1795 1201 106.536 14.6236 484.683
419 0 92.248 13.0734 1206 109.527 14.1874 482.614
420 0 95.1022 14.1006 1341 108.412 14.8248 481.747
421 0 99.3957 12.9784 1290 109.132 14.4085 480.842
422 0 102.254 13.261 1356 110.341 14.2102 477.884
423 0 106.239 13.7238 1458 107.493 14.5542 475.976
424 0 108.153 12.1309 1312 108.498 12.4238 472.721
425 1 59.1352 11.8204 699 100.358 15.7554 497.202
426 0 61.1454 12.4621 762 105.928 14.8648 498.755
427 0 64.1364 12.9256 829 107.475 15.1001 496.777
428 0 67.0556 13.0787 877 106.036 14.9567 495.141
429 0 67.1463 11.9888 805 99.1689 14.6596 496.83
430 0 69.1493 12.3067 851 98.7145 14.5135 495.589
431 0 69.0818 11.5081 795 100.975 13.8855 495.799
432 0 73.0391 13.4312 981 98.5352 13.8807 492.558
433 0 76.0534 13.0172 990 97.6778 14.4707 493.437
434 0 78.0704 11.4 890 102.998 14.3652 491.857
435 0 81.059 12.7438 1033 101.141 14.9313 489.81
436 0 84.0516 11.6714 981 99.9766 13.0805 488.602
437 0 85.1026 13.4543 1145 101.448 14.3965 488.169
438 0 90.1236 12.9933 1171 101.174 14.1845 486.812
439 0 92.1936 12.7341 1174 103.118 14.109 485.385
440 0 94.1498 13.2767 1250 105.607 13.752 483.8
441 0 98.1031 13.9955 1373 104.174 14.279 483.635
442 1 52.1172 11.7044 610 103.515 14.7689 505.866
443 0 53.0719 13.0201 691 102.955 15.0463 503.796
444 0 55.0618 13.6574 752 102.323 15.0824 503.574
445 0 54.0595 12.8562 695 100.315 14.223 503.355
446 0 56.0985 13.0307 731 102.583 15.5321 503.317
447 0 56.1005 10.9625 615 104.102 14.4602 503.491
448 0 60.1125 11.8777 714 104.455 14.2605 502.171
449 0 62.0556 12.3438 766 103.366 15.6423 502.988
450 0 62.1191 11.317 703 102.186 14.2418 501.455
451 0 65.0816 12.661 824 103.081 15.085 499.975
452 0 68.1757 11.9544 815 104.031 14.8982 497.002
453 0 69.1594 12.0157 831 103.31 14.42 497.112
454 0 72.2056 12.409 896 101.52 15.3683 495.153
455 0 74.139 12.1528 901 102.771 14.6215 494.089
456 0 76.0935 12.7606 971 103.05 15.7868 494.602
457 0 78.0691 11.2336 877 100.935 14.8426 494.103
458 0 81.1424 12.3117 999 101.033 14.9109 491.989
459 0 86.0692 12.5016 1076 99.9535 13.3104 488.713
460 1 47.0151 12.8257 603 100.705 14.2537 506.776
461 0 48.0454 11.7389 564 98.9965 14.6507 506.927
462 0 48.2195 12.4846 602 100.231 14.4336 505.829
463 0 49.2798 13.19 650 99.5323 14.7108 505.902
464 0 51.1192 13.9282 712 98.1629 16.1882 504.209
465 0 53.0332 12.8976 684 97.0409 15.402 504.538
466 0 53.2266 13.7149 730 99.4452 14.7027 503.845
467 0 55.1922 13.915 768 99.1992 14.1888 502.342
468 0 55.2826 13.3496 738 101.043 13.3388 501.442
469 0 57.1951 14.0746 805 99.6882 14.0174 500.378
470 0 58.1701 14.8186 862 100.626 15.0023 501.072
471 0 57.1654 12.7175 727 104.069 13.2613 502.34
472 0 58.1162 12.8019 744 107.445 14.5094 502.531
473 0 60.2486 13.1289 791 104.81 14.3388 501.029
474 0 62.2343 13.4813 839 104.333 14.2789 499.689
475 0 64.153 13.9199 893 107.315 14.1321 498.561
476 0 65.197 12.9914 847 108.131 13.6316 498.695
477 0 69.1314 13.5684 938 107.83 13.662 497.552
478 0 70.0936 14.1953 995 107.629 14.1487 496.309
479 0 71.1019 13.2627 943 107.989 13.7063 496.422
480 0 74.1292 12.802 949 108.412 12.9031 494.084
481 0 76.1497 13.6704 1041 109.079 13.878 493.826
482 0 78.1738 12.9967 1016 107.303 13.6959 494.029
483 0 80.111 12.7698 1023 108.121 12.6735 491.696
484 0 82.2014 13.5642 1115 108.004 12.7336 489.964
485 1 43.072 12.0496 519 109.191 13.6146 507.077
486 0 45.0422 13.2542 597 105.829 12.6566 506.66
487 0 44.0306 13.0364 574 97.8258 13.608 505.585
488 0 47.0378 13.0108 612 104.428 13.3889 505.904
489 0 46.1175 12.6199 582 93.9107 13.2131 507.802
490 0 46.1678 12.1513 561 93.6257 12.9127 508.456
491 0 48.1308 12.7777 615 95.2894 14.6098 506.402
492 0 48.0461 12.5713 604 95.0695 14.0646 505.149
493 0 50.1558 12.501 627 94.0335 14.488 505.035
494 0 50.1019 11.6962 586 96.2969 13.9096 506.022
495 0 53.0678 12.908 685 95.5825 14.1942 503.747
496 0 55.0445 12.8987 710 92.2803 13.2465 502.562
497 0 55.1065 13.1382 724 95.6367 14.3715 502.499
498 0 56.0672 12.1461 681 95.5507 13.2819 502.342
499 0 60.0883 13.8962 835 93.5928 14.3437 500.88
500 0 62.0612 13.7123 851 93.6804 13.671 500.34
501 0 64.0426 14.3654 920 93.138 13.8109 498.888
502 0 64.0973 13.8695 889 95.6862 13.6097 498.641
503 0 68.1527 13.6312 929 96.3854 13.7632 497.706
504 0 71.0549 14.2707 1014 94.3984 14.0661 496.059
505 0 71.1233 14.3272 1019 94.7017 13.6673 496.213
506 0 73.0441 14.3749 1050 96.8724 13.7724 494.176
507 0 75.1561 14.1705 1065 99.6676 13.4723 493.673
508 0 79.0345 13.7535 1087 99.6707 13.0322 493.569
509 0 81.0608 13.6071 1103 101.069 12.9846 490.838
510 0 83.1091 15.4375 1283 103.385 13.827 490.515
511 0 85.0417 14.5105 1234 106.915 14.0632 489.159
512 0 88.076 15.1347 1333 106.511 13.4539 489.613
513 0 91.0953 16.3675 1491 106.929 14.2529 487.987
514 0 93.0813 15.1051 1406 109.608 13.4232 486.339
515 0 97.148 16.0683 1561 107.519 13.8655 485.13
516 0 99.0744 15.13 1499 100.757 12.8045 480.77
517 0 104.174 17.202 1792 101.304 11.7199 479.04
518 0 103.314 16.3095 1685 98.8243 13.3359 481.656
519 0 107.158 14.7725 1583 99.8522 12.7827 480.367
520 0 109.144 15.2001 1659 103.62 13.3122 479.359
521 0 115.119 15.7836 1817 100.661 13.0528 477.15
522 0 119.128 15.6303 1862 102.024 12.7089 474.576
523 0 122.26 15.0499 1840 102.784 13.1984 470.38
524 0 126.324 14.6211 1847 101.168 12.3828 468.579
525 0 132.257 16.0218 2119 108.475 13.1269 467.771
526 0 135.389 14.0853 1907 106.999 12.0178 463.726
527 1 68.2628 15.2938 1044 115.991 12.6715 494.764
528 0 70.2288 15.065 1058 103.31 12.6881 495.647
529 0 72.1003 15.1456 1092 102.559 13.9478 496.869
530 0 75.0777 15.0511 1130 99.7726 12.246 496.503
531 0 75.0954 14.7279 1106 103.654 12.811 497.131
532 0 79.0454 14.0299 1109 102.601 12.5834 494.823
533 0 82.1143 14.1267 1160 101.773 12.3457 494.711
534 0 84.083 14.5927 1227 102.311 12.3635 494.195
535 0 87.0343 14.569 1268 100.962 12.5166 493.655
536 0 89.0987 14.7589 1315 102.588 12.6137 491.735
537 0 93.0838 14.9435 1391 102.689 12.4953 490.144
538 0 95.0773 14.7774 1405 104.548 12.8505 486.883
539 0 99.1304 15.6259 1549 103.099 13.2059 486.934
540 0 102.171 13.6633 1396 106.884 12.2708 485.202
541 0 105.139 12.9352 1360 111.9 12.5654 482.238
542 1 56.1419 13.9468 783 101.816 12.2043 506.213
543 0 58.1035 14.7667 858 101.829 12.9872 505.733
544 0 59.1497 13.9308 824 105.738 11.8701 503.354
545 0 60.0317 15.0421 903 105.938 12.9823 504.85
546 0 62.1125 15.6651 973 104.402 12.6341 503.567
547 0 64.0872 16.1499 1035 107.387 13.9005 502.683
548 0 67.0401 14.2452 955 115.052 12.7571 501.224
549 0 67.1146 14.6913 986 117.481 13.4665 500.41
550 0 70.0609 15.0583 1055 116.381 13.5668 499.605
551 0 71.0831 15.2779 1086 115.649 13.5083 498.808
552 0 74.1801 15.2197 1129 115.594 13.4455 497.592
553 0 77.1876 14.1862 1095 115.442 12.5342 497.142
554 0 79.1787 14.8146 1173 116.319 12.8559 497.716
555 0 81.2595 15.5059 1260 116.52 12.8238 495.997
556 0 85.238 15.8967 1355 116.264 12.8834 492.646
557 0 87.1402 16.4218 1431 116.314 13.0231 492.754
558 0 90.2425 15.3365 1384 119.207 11.9538 491.104
559 0 92.1882 15.1212 1394 123.57 12.5839 488.258
560 0 95.2554 15.8101 1506 123.434 12.49 485.924
561 0 98.1592 15.8009 1551 124.952 12.8362 482.364
562 0 102.279 15.6728 1603 127.793 12.8029 481.719
563 0 104.233 15.5805 1624 128.658 12.4581 481.308
564 0 108.245 15.7974 1710 126.997 11.5035 478.696
565 1 53.3623 14.9731 799 118.218 12.8373 506.412
566 0 54.3709 13.1136 713 120.374 11.8962 506.467
567 0 56.3535 15.1366 853 118.521 12.9449 504.669
568 0 59.3705 13.4242 797 119.364 12.6775 502.759
569 0 61.2804 14.0828 863 119.374 13.0637 502.019
570 0 63.2593 14.9701 947 118.302 13.5185 500.298
571 0 64.5139 14.8185 956 117.783 11.864 500.027
572 0 66.3654 15.5955 1035 116.947 13.8483 499.876
573 0 67.379 14.4852 976 119.405 12.9795 497.352
574 0 69.357 15.2544 1058 118.376 12.7949 496.135
575 0 72.2672 14.6539 1059 117.719 11.1643 495.918
576 0 74.3854 15.8364 1178 118.829 12.4822 493.521
577 0 75.3315 15.2791 1151 120.102 11.9791 493.368
578 0 77.4483 15.2101 1178 124.975 12.0187 493.621
579 0 78.4522 15.4361 1211 124.622 11.0132 491.833
580 0 82.5444 15.7612 1301 124.898 12.1545 490.345
581 0 84.4573 15.4753 1307 124.651 11.7766 489.509
582 0 86.3396 14.941 1290 129.013 12.055 488.86
583 0 90.6362 15.6781 1421 121.878 10.9641 488.219
584 0 91.685 15.6296 1433 126.674 12.2861 485.881
585 0 95.5964 15.6387 1495 124.408 10.9224 483.916
586 0 96.602 16.0556 1551 125.826 12.2888 483.754
587 0 101.778 15.5534 1583 125.466 10.7252 482.277
588 0 103.569 15.6321 1619 126.296 11.3768 480.691
589 0 104.62 14.4332 1510 126.646 11.6325 479.47
590 1 53.3817 13.8062 737 123.608 12.0204 503.715
591 0 54.4312 13.3379 726 124.503 10.7493 503.915
592 0 55.2952 16.005 885 126.197 12.4056 502.389
593 0 56.403 14.1836 800 129.492 11.0712 499.554
594 0 58.1921 16.3081 949 126.875 12.7766 498.16
595 0 58.0886 14.5812 847 123.433 11.7414 495.804
596 0 60.0949 15.4755 930 121.854 12.1323 496.255
597 0 60.0354 15.1077 907 124.008 12.3594 495.542
598 0 64.1186 15.8612 1017 123.486 12.8407 495.914
599 0 67.0619 15.016 1007 125.187 10.4975 497.935
600 0 68.1832 16.1917 1104 123.307 11.3841 495.826
601 0 68.0865 15.4656 1053 125.377 11.1016 494.013
602 0 70.1823 15.4313 1083 123.316 10.9658 490.8
603 0 72.2053 15.1651 1095 125.886 11.4557 487.207
604 0 73.2682 15.6548 1147 126.048 11.5214 486.94
605 0 76.295 15.8595 1210 124.098 10.3223 486.393
606 0 77.1811 16.688 1288 126.078 11.2756 486.159
607 0 81.2945 15.9297 1295 126.425 11.0919 485.266
608 0 83.3648 16.4338 1370 125.61 10.6401 483.288
609 0 84.3489 15.3292 1293 127.216 9.40835 480.974
610 0 87.4149 15.558 1360 127.381 9.89412 480.075
611 0 88.4621 15.7469 1393 129.345 10.7717 480.274
612 0 91.4078 15.3379 1402 129.147 10.8923 480.651
613 0 91.3443 15.3047 1398 129.623 10.7525 479.004
614 0 95.2961 15.7089 1497 125.868 10.7174 475.922
615 0 96.404 14.7401 1421 131.787 10.1731 474.622
616 0 99.4291 14.2514 1417 131.303 10.5914 473.024
617 0 102.423 14.8209 1518 129.625 10.8195 471.587
618 0 106.38 13.5646 1443 131.053 10.6854 468.812
619 0 107.436 13.4592 1446 134.087 10.1777 468.828
620 0 111.498 14.4577 1612 132.494 11.0676 465.11
621 0 113.312 13.1407 1489 134.853 11.0222 463.424
622 1 64.1448 10.6166 681 109.441 12.0749 493.768
623 0 66.0814 10.7595 711 111.229 12.2349 493.55
624 0 66.0754 11.1539 737 111.849 12.2374 494.986
625 0 70.2021 12.7631 896 114.235 11.769 496.356
626 0 71.0636 13.0587 928 121.199 11.3944 496.488
627 0 74.163 13.0119 965 117.461 10.3803 495.983
628 0 77.1593 12.714 981 118.451 10.947 494.774
629 0 78.1178 14.6574 1145 115.366 12.2489 492.514
630 0 79.096 13.6922 1083 117.114 12.6593 491.492
631 0 82.182 13.3484 1097 117.465 12.1021 489.987
632 0 82.0371 12.9697 1064 120.352 11.2838 490.138
633 0 86.0479 14.0155 1206 117.982 12.2156 489.999
634 0 89.2089 13.7767 1229 132.967 10.4353 486.188
635 0 91.3683 13.4401 1228 139.015 12.9634 485.059
636 0 93.3314 13.2003 1232 138.544 13.207 483.893
637 0 95.4127 12.1996 1164 138.601 12.5893 484
638 0 96.2984 12.7832 1231 137.416 13.3444 483.766
639 0 100.413 11.5722 1162 139.461 12.2978 479.454
640 0 104.333 12.4121 1295 137.994 12.0371 480.942
641 1 52.0124 11.0166 573 133.162 12.9791 503.86
642 0 55.019 12.2321 673 129.912 13.5602 503.349
643 0 54.1066 12.6787 686 119.102 13.9723 503.985
644 0 54.1429 11.4327 619 120.943 12.9548 504.032
645 0 55.1957 12.2655 677 120.343 13.4934 503.502
646 0 55.219 11.6083 641 119.914 13.4025 502.839
647 0 56.1517 12.5731 706 120.565 13.9363 501.39
648 0 60.1866 11.8299 712 120.088 13.302 500.612
649 0 59.186 11.9116 705 116.271 13.3021 500.545
650 0 62.1394 12.2788 763 120.849 13.5452 497.742
651 0 64.0639 12.628 809 117.311 13.5105 497.079
652 0 65.1061 11.151 726 119.612 12.8388 497.129
653 0 68.1264 12.7997 872 117.529 14.125 495.695
654 0 70.1753 11.7705 826 117.627 12.799 495.238
655 0 72.1098 11.4825 828 118.914 13.1461 494.053
656 0 74.1576 11.6239 862 118.854 13.3005 493.329
657 0 76.0993 11.301 860 120.157 13.693 493.643
658 0 77.1398 11.7838 909 121.134 13.1397 490.661
659 1 41.0173 10.8247 444 121.745 14.4865 509.191
660 0 42.0398 11.4415 481 119.809 13.4324 509.524
661 0 43.0341 12.0602 519 117.89 14.1618 507.547
662 0 45.0214 11.0392 497 119.799 12.9316 505.899
663 0 46.0398 11.5552 532 123.735 13.3741 505.602
664 0 47.039 12.6278 594 128.816 13.1296 505.17
665 0 48.288 12.384 598 128.438 12.5535 504.711
666 0 50.1981 12.2315 614 128.407 13.6466 505.319
667 0 51.2311 12.1215 621 127.064 11.6361 502.721
668 0 51.2049 13.651 699 126.27 13.6438 503.876
669 0 54.1747 12.2197 662 124.391 12.5378 501.139
670 0 54.3029 12.283 667 126.798 13.2159 501.046
671 0 55.2647 12.9016 713 125.947 13.6381 500.64
672 0 56.3031 12.5037 704 128.067 13.2173 499.747
673 0 60.3301 12.6802 765 127.386 12.9007 499.118
674 0 62.2591 12.3516 769 126.804 12.619 497.68
675 0 62.2697 11.3217 705 129.783 12.8525 497.491
676 0 63.2659 11.9812 758 127.637 12.7784 497.471
677 0 65.3285 12.1233 792 127.467 13.1427 495.306
678 0 66.3302 12.5584 833 127.04 13.1417 494.52
679 0 69.3217 13.3147 923 125.969 13.1018 493.574
680 0 71.3159 12.8723 918 125.277 13.8965 493.338
681 0 73.1856 11.7919 863 124.407 12.562 490.667
682 0 75.2098 11.5942 872 121.192 13.3567 488.959
683 1 39.0176 10.2518 400 114.152 14.535 509.562
684 0 37.0519 10.3639 384 108.604 14.5964 509.935
685 0 38.087 10.3972 396 107.038 14.6364 509.343
686 0 41.0786 10.0539 413 107.504 14.3777 509
687 0 42.0489 11.3915 479 106.215 14.6472 507.862
688 0 41.06 11.1544 458 111.009 14.7686 509.306
689 0 42.0447 11.2975 475 111.775 14.4947 509.64
690 0 44.062 12.0739 532 111.291 15.438 510.556
691 0 43.0698 11.3304 488 112.699 14.3012 509.797
692 0 45.0373 11.2351 506 113.379 14.6008 509.383
693 0 46.092 11.1082 512 112.262 14.6387 509.99
694 0 49.1038 11.7302 576 109.038 14.6944 509.42
695 0 50.0527 12.0473 603 108.808 14.4245 507.075
696 0 51.1313 12.0083 614 109.409 14.9251 507.7
697 0 51.1033 10.9386 559 112.175 14.2648 507.025
698 0 53.073 11.6632 619 110.435 14.5735 507.787
699 0 55.0573 12.2781 676 110.867 14.0577 506.602
700 0 57.1215 11.9745 684 113.107 13.3626 504.648
701 0 58.0858 12.361 718 112.306 14.4526 506.811
702 0 59.1842 12.2161 723 113.083 13.4965 505.467
703 0 62.1028 13.3327 828 111.249 14.0556 502.94
704 0 65.1244 12.2842 800 111.931 13.4675 502.291
705 0 68.2335 12.4133 847 110.477 13.2479 501.081
706 0 68.1189 13.3296 908 110.921 13.8557 501.178
707 0 72.1048 13.4249 968 109.552 12.3802 498.956
708 0 76.0905 14.2068 1081 108.542 13.2396 499.413
709 0 78.0294 14.1101 1101 108.956 12.0372 499.094
710 1 41.0841 13.1438 540 108.076 12.8463 515.978
711 0 41.0168 13.3604 548 107.299 13.104 515.892
712 0 42.0471 13.1281 552 107.826 12.1975 514.587
713 0 42.028 14.0859 592 109.583 12.3564 514.682
714 0 44.028 13.3324 587 109.496 12.6576 513.755
715 0 46.0114 13.4967 621 109.899 13.095 513.306
716 0 45.0715 13.5341 610 106.256 11.9131 512.898
717 0 48.009 14.2473 684 105.655 12.6447 512.851
718 0 49.0107 15.1396 742 103.097 12.6846 510.348
719 0 49.0361 14.6015 716 104.068 12.9455 511.92
720 0 51.0064 14.2531 727 103.728 12.6946 509.825
721 0 51.0141 14.839 757 101.703 13.3804 509.937
722 0 55.0217 13.6673 752 100.205 12.9707 510.328
723 0 54.0406 13.7304 742 103.408 13.1267 509.473
724 0 55.0334 14.2277 783 104.286 12.5734 508.501
725 0 59.0555 14.3086 845 101.606 11.3787 508.179
726 0 60.0348 14.858 892 117.025 12.8924 506.696
727 0 62.0647 13.2604 823 122.202 12.3682 505.4
728 0 63.0511 15.1782 957 120.271 12.4127 504.655
729 0 66.0401 14.6275 966 121.017 12.4741 504.999
730 0 68.0458 14.9017 1014 119.453 12.7939 503.89
731 0 67.0559 15.1217 1014 120.59 12.8777 503.367
732 0 71.0718 14.9426 1062 119.46 12.7947 502.596
733 0 72.0878 15.5366 1120 119.871 13.8366 501.586
734 0 74.0569 14.0568 1041 121.041 12.9049 499.758
735 0 76.0293 15.665 1191 118.177 12.6658 497.113
736 0 79.0638 15.4559 1222 119.471 13.3273 495.973
737 0 81.0449 15.2508 1236 119.335 13.2055 495.225
738 0 83.0972 15.8008 1313 118.241 12.5979 494.871
739 0 86.0197 15.8917 1367 118.631 13.6452 494.088
740 0 87.1625 14.1116 1230 121.393 12.8862 492.254
741 0 90.0699 14.944 1346 118.812 12.4123 491.718
742 0 93.1669 15.4991 1444 117.873 12.5769 490.042
743 0 96.1503 14.4981 1394 118.605 12.8314 489.609
744 0 99.1434 14.9077 1478 117.221 12.2632 486.852
745 0 102.054 14.3356 1463 118.772 12.4737 485.426
746 1 54.0109 14.2749 771 112.473 13.2944 508.712
747 0 53.0218 13.9377 739 112.488 13.4817 507.955
748 0 55.0331 13.5918 748 110.425 12.2513 508.759
749 0 58.0342 14.9222 866 105.273 12.9065 506.828
750 0 60.0909 14.8941 895 102.837 11.6156 505.913
751 0 61.0659 15.8517 968 103.426 13.5517 505.351
752 0 60.0684 14.034 843 106.943 12.4733 503.329
753 0 65.0427 15.2054 989 110.79 13.1507 503.481
754 0 68.0547 15.179 1033 99.1791 12.9816 501.148
755 0 69.1093 14.0068 968 103.536 12.7283 499.801
756 0 70.084 15.5385 1089 102.873 12.8779 500.074
757 0 74.0799 15.6723 1161 101.041 12.5073 498.228
758 0 76.1668 15.558 1185 99.4194 12.3738 497.444
759 0 77.2739 15.4256 1192 100.771 13.2072 496.585
760 0 78.2284 13.7802 1078 103.965 12.7913 496.069
761 0 83.1071 14.9566 1243 103.715 13.5913 494.223
762 0 84.1677 13.7107 1154 106.731 13.4506 492.693
763 0 85.2481 13.2672 1131 114.045 12.8851 492.352
764 1 43.0506 13.9603 601 111.686 13.2512 511.469
765 0 44.0256 12.8107 564 110.351 12.344 512.89
766 0 45.0201 13.5939 612 110.201 13.598 512.662
767 0 46.0262 13.3402 614 110.155 12.5391 510.993
768 0 48.0143 14.8081 711 108.733 13.3446 510.236
769 0 48.0443 14.7156 707 110.866 13.9703 508.772
770 0 50.0196 14.3344 717 107.584 13.5202 507.141
771 0 53.0444 14.0448 745 108.391 13.498 507.148
772 0 52.0585 13.6577 711 106.463 13.0886 506.229
773 0 55.0845 14.3053 788 104.799 13.7107 504.344
774 0 57.124 14.2322 813 105.23 12.7011 503.438
775 0 58.066 14.7074 854 106.547 13.7845 504.554
776 0 61.0587 14.396 879 120.163 13.3015 501.57
777 0 65.0381 14.8221 964 119.026 13.4917 500.096
778 0 66.0348 13.826 913 119.455 12.8751 498.924
779 0 67.0663 14.3291 961 120.273 13.3767 499.149
780 0 70.0261 13.9519 977 122.139 13.4115 496.792
781 0 73.0737 14.3006 1045 120.56 12.5292 496.44
782 0 74.0833 15.4286 1143 118.352 13.2257 494.304
783 1 38.131 12.5095 477 117.887 13.0231 512.249
784 0 40.0604 12.7558 511 119.585 13.1292 511.697
785 0 40.0311 13.3896 536 119.707 12.1343 511.108
786 0 41.0708 14.5846 599 123.312 13.8915 511.449
787 0 41.0334 13.4768 553 125.982 13.1519 511.186
788 0 43.065 14.6755 632 125.951 13.6788 509.891
789 0 45.1273 14.2486 643 128.502 13.3841 509.26
790 0 46.0508 15.1789 699 124.466 14.1788 508.77
791 0 48.1294 14.3779 692 123.01 14.2457 507.64
792 0 49.0813 14.6288 718 125.932 14.2493 506.962
793 0 51.1081 15.5357 794 122.747 14.364 506.661
794 0 52.072 14.9217 777 126.669 14.4003 505.163
795 0 54.0719 15.1465 819 124.645 14.4811 503.94
796 0 54.1818 14.6359 793 127.516 14.1148 503.643
797 0 57.236 15.3749 880 125.8 15.7011 502.916
798 0 57.2106 14.8399 849 123.074 14.3227 502.178
799 0 58.4241 14.8569 868 125.071 15.1924 501.454
800 0 61.2257 14.4057 882 124.188 14.9365 500.951
801 0 63.2945 14.8512 940 122.321 14.8191 499.097
802 0 66.2698 15.3162 1015 118.614 15.1842 499.651
803 0 68.2633 15.1472 1034 117.69 14.088 499.283
804 0 70.3071 15.1052 1062 118.251 13.5895 498.371
805 0 71.222 14.2793 1017 120.577 13.766 498.162
806 0 73.1824 15.1129 1106 118.933 13.3608 497.676
807 0 75.1717 16.03 1205 118.886 13.7809 496.614
808 0 77.1492 16.1376 1245 119.592 13.7245 494.439
809 0 79.1044 16.3581 1294 118.894 13.5688 493.479
810 0 83.1049 15.5346 1291 121.529 13.9132 492.02
811 0 85.146 15.7612 1342 118.816 12.3994 491.855
812 0 89.1216 16.8309 1500 119.717 13.4027 490.085
813 0 92.1751 16.9569 1563 114.921 12.1843 488.441
814 0 95.202 17.5522 1671 114.677 12.1795 488.472
815 0 96.1065 17.1476 1648 115.203 12.8137 485.734
816 0 99.2413 17.1098 1698 112.783 12.3216 485.658
817 0 104.283 16.9251 1765 111.435 11.0187 483.341
818 0 106.149 17.9936 1910 110.297 12.4366 482.377
819 0 106.149 18.0972 1921 148.956 12.4112 482.503
820 1 59.0496 14.7673 872 112.042 13.2064 506.584
821 0 61.1906 15.4436 945 111.931 11.9524 504.203
822 0 64.1116 15.6602 1004 111.214 12.7161 502.839
823 0 66.0685 17.5121 1157 107.156 11.8245 501.359
824 0 68.1105 16.9284 1153 112.257 12.2359 499.873
825 0 70.102 15.9482 1118 110.563 12.3569 499.062
826 0 73.0421 15.8128 1155 110.252 11.9974 497.9
827 0 76.0827 16.9027 1286 104.282 11.776 496.005
828 0 78.1625 16.0563 1255 105.277 12.7737 495.474
829 0 81.2443 15.8165 1285 104.058 11.6016 493.468
830 0 83.3355 15.5156 1293 105.964 10.8755 491.408
831 0 86.2175 16.702 1440 103.46 12.2208 489.349
832 0 89.0436 16.1045 1434 102.461 12.6004 490.501
833 0 92.0874 15.9088 1465 103.445 12.4887 488.61
834 0 95.1673 17.0857 1626 100.918 12.2392 485.062
835 0 95.1215 15.5065 1475 106.849 12.4542 483.49
836 0 99.1588 15.6617 1553 103.979 11.6156 483.008
837 0 102.093 15.3586 1568 107.538 12.0319 480.449
838 0 106.108 16.0591 1704 107.982 11.8415 475.982
839 0 110.2 15.8984 1752 105.648 9.78196 475.546
840 0 114.486 15.6438 1791 107.321 10.0089 470.891
841 0 117.346 15.5012 1819 107.966 9.95987 468.286
842 1 60.2559 12.2644 739 102.842 11.0785 497.89
843 0 61.2727 13.187 808 102.946 10.9851 496.158
844 0 65.2969 15.1768 991 99.3411 12.1927 496.229
845 0 67.0312 13.4117 899 97.5184 10.7341 495.555
846 0 67.1716 14.4406 970 93.7732 11.7144 497.545
847 0 67.1538 13.1191 881 97.1986 10.7571 495.947
848 0 73.1875 14.579 1067 95.567 11.7498 493.838
849 0 75.2554 14.298 1076 95.9359 11.7277 492.227
850 0 76.1498 14.3402 1092 96.7408 11.7454 490.233
851 0 79.1717 13.5402 1072 95.7537 11.3153 491.1
852 0 80.1997 13.9901 1122 97.6613 11.3708 489.707
853 0 82.0475 13.2362 1086 97.4669 11.4162 488.816
854 0 85.1293 13.6028 1158 95.8722 10.9594 486.793
855 0 87.1756 12.9394 1128 97.7535 11.7225 486.298
856 0 87.2618 12.7089 1109 99.8792 11.0685 483.237
857 0 92.1872 14.5573 1342 96.6721 10.9404 482.028
858 0 93.1244 14.2927 1331 99.5147 10.4057 480.112
859 0 96.1878 13.8687 1334 101.538 11.5292 477.539
860 0 100.228 13.6787 1371 100.295 11.0139 475.293
861 0 98.2522 13.557 1332 105.776 10.7372 470.446
862 0 102.121 12.8084 1308 105.161 10.9786 471.07
863 1 57.1844 11.2093 641 101.17 11.975 494.173
864 0 58.1657 10.7795 627 101.08 10.6332 495.78
865 0 64.3556 13.4876 868 97.72 11.4574 497.119
866 0 66.2583 12.7531 845 100.837 10.6083 495.56
867 0 64.2915 12.2411 787 91.6366 12.324 496.144
868 0 64.1901 11.4504 735 92.3646 11.5946 496.66
869 0 70.1349 12.2906 862 91.8817 11.4791 495.295
870 0 72.2567 12.9123 933 91.7353 11.8028 493.66
871 0 74.2577 12.8202 952 92.9286 12.4244 494.316
872 0 76.2097 13.3054 1014 92.9892 11.6637 491.155
873 0 77.1525 12.5336 967 94.8914 11.8314 491.193
874 0 81.162 13.048 1059 94.0236 11.3862 490.099
875 0 84.2412 13.0696 1101 93.7448 11.376 488.257
876 0 84.1098 12.9474 1089 95.3627 11.8512 486.638
877 0 90.0751 12.967 1168 93.7757 11.7551 486.658
878 0 90.1046 13.0626 1177 95.6483 11.6814 483.867
879 0 93.2425 13.7384 1281 94.8197 12.0742 482.457
880 0 96.2291 12.2728 1181 94.7417 11.2913 482.894
881 0 98.2573 14.0448 1380 93.3043 11.8739 481.462
882 1 56.185 13.0462 733 92.6821 12.1473 501.303
883 0 59.0944 12.1501 718 94.8928 10.1421 500.66
884 0 61.2617 15.0012 919 95.0555 12.0435 499.355
885 0 62.1482 13.5965 845 91.0071 11.8627 499.458
886 0 64.2528 14.0227 901 92.4129 12.2886 499.082
887 0 64.1602 13.4039 860 92.607 11.3872 497.479
888 0 67.0954 14.0248 941 91.2147 12.5781 496.752
889 0 67.0788 13.581 911 91.4995 11.9276 494.456
890 0 70.2224 14.4826 1017 91.1013 11.9223 494.063
891 0 72.1343 14.0017 1010 91.5257 11.6386 492.692
892 0 74.079 14.6195 1083 92.9095 11.7682 492.931
893 0 77.0587 15.2481 1175 91.9481 12.2289 491.924
894 0 81.126 16.1107 1307 91.6396 12.3994 490.93
895 0 81.2181 15.6615 1272 100.856 12.4371 489.7
896 0 82.286 15.2152 1252 105.923 11.6781 487.252
897 0 84.1303 15.4522 1300 105.488 13.1362 486.752
898 0 89.3211 15.8529 1416 105.085 12.3891 484.943
899 0 93.2275 15.8215 1475 105.024 11.7939 483.696
900 0 94.2899 15.6008 1471 104.716 12.0585 482.598
901 0 95.2735 14.6526 1396 107.02 11.187 483.069
902 0 97.189 14.8988 1448 109.059 11.9606 483.173
903 1 52.0433 12.9508 674 101.547 12.1484 505.881
904 0 53.1243 13.026 692 104.763 12.2081 503.627
905 0 55.3139 12.9443 716 101.722 13.8436 498.852
906 0 56.1034 12.8334 720 103.358 12.3847 501.454
907 0 54.0361 12.8803 696 102.126 12.5575 501.412
908 0 57.0434 14.077 803 99.5442 12.4882 500.853
909 0 58.0391 13.9561 810 102.031 13.7963 497.789
910 0 60.0415 13.5073 811 101.851 13.0407 498.552
911 0 62.102 14.138 878 102.107 13.8804 498.559
912 0 64.174 13.5569 870 103.085 13.0989 497.205
913 0 67.1626 14.1746 952 102.721 13.2679 495.672
914 0 70.2136 14.8832 1045 100.221 13.1053 494.881
915 0 72.2015 14.6396 1057 103.533 14.264 494.186
916 0 74.1717 13.5497 1005 103.186 12.0189 492.283
917 0 76.186 14.7534 1124 103.628 13.516 491.805
918 0 79.1705 14.033 1111 103.691 12.946 490.426
919 0 80.1109 13.4439 1077 105.528 12.6565 489.237
920 0 82.2223 14.0716 1157 103.201 11.8721 490.285
921 0 85.116 15.097 1285 103.595 13.1798 488.746
922 0 86.1626 14.1012 1215 104.305 12.4469 487.16
923 0 90.1878 14.4033 1299 103.528 11.9761 486.438
924 0 93.1326 15.2256 1418 104.711 12.237 485.622
925 0 96.1596 16.1398 1552 105.463 12.5573 485.676
926 0 97.0767 15.4208 1497 108.222 11.8504 484.511
927 0 102.225 15.4952 1584 109.39 12.0606 483.275
928 0 105.21 15.4549 1626 110.95 11.8253 481.221
929 0 105.25 14.0048 1474 115.74 10.6289 479.809
930 0 110.188 14.929 1645 115.653 11.8802 479.04
931 0 113.274 14.3281 1623 116.379 11.0881 475.77
932 0 113.21 14.2744 1616 117.239 11.2314 474.021
933 0 119.185 15.262 1819 113.452 11.232 471.833
934 0 123.295 14.8424 1830 113.266 11.8093 470.038
935 0 127.238 15.4042 1960 111.545 12.201 468.709
936 0 131.309 14.7666 1939 110.732 10.2816 465.713
937 0 135.279 15.4865 2095 110.991 11.0119 465.359
938 1 72.1525 12.2796 886 105.906 10.9582 497.907
939 0 76.0643 13.252 1008 105.223 11.6329 496.677
940 0 77.1314 13.0168 1004 107.458 11.0558 494.892
941 0 81.1528 14.4296 1171 105.149 11.0043 493.639
942 0 83.1496 14.4799 1204 104.855 11.2218 492.617
943 0 85.0941 13.867 1180 104.998 10.8788 491.021
944 0 88.1055 14.6075 1287 104.385 11.5579 489.175
945 0 90.212 14.4881 1307 102.718 10.7957 489.295
946 0 94.1415 14.6269 1377 103.23 10.2121 487.105
947 0 96.1484 15.2369 1465 103.459 9.89966 484.756
948 0 98.1254 15.3375 1505 104.732 10.8412 484.033
949 0 103.137 15.0964 1557 103.8 10.3385 482.096
950 0 106.232 15.3249 1628 103.961 11.2776 479.864
951 0 109.108 14.5178 1584 110.275 9.50947 480.973
952 0 113.238 13.9883 1584 113.583 10.9811 478.533
953 0 116.168 13.5579 1575 113.969 12.2127 476.572
954 0 122.152 12.9675 1584 112.665 9.02904 475.497
955 1 66.0627 14.0624 929 111.378 12.6265 503.414
956 0 68.0753 13.5438 922 102.326 10.8839 500.313
957 0 70.2767 15.4959 1089 96.9917 11.607 495.955
958 0 71.0427 13.7523 977 99.0757 12.4575 497.552
959 0 74.0787 14.4306 1069 95.5716 11.3471 495.236
960 0 78.0792 15.9453 1245 94.8675 13.0329 496.084
961 0 80.0349 14.6311 1171 96.7643 12.2263 495.76
962 0 81.0946 14.9702 1214 97.9003 12.3007 492.89
963 0 84.1421 15.9254 1340 97.0067 12.7619 491.333
964 0 86.0915 15.3558 1322 98.8343 12.4501 491.564
965 0 89.1907 16.8179 1500 98.274 13.354 489.618
966 0 91.1428 15.6677 1428 100.675 12.7794 490.834
967 0 95.1079 16.0344 1525 99.459 12.7659 489.738
968 0 96.1947 15.6454 1505 101.738 12.208 487.878
969 0 101.197 16.5025 1670 99.394 13.0389 486.427
970 1 55.1218 13.0983 722 103.033 13.4515 505.434
971 0 56.1478 13.9453 783 98.9361 13.318 505.078
972 0 60.0956 14.8596 893 94.6428 12.8354 505.851
973 0 59.1212 15.1553 896 95.9933 13.5614 504.237
974 0 61.0435 14.8583 907 97.7023 12.3693 502.939
975 0 63.0823 12.5709 793 100.298 13.2963 499.552
976 0 64.1271 13.7072 879 99.5631 12.372 499.593
977 0 68.0886 14.5252 989 96.4328 12.2477 500.013
978 0 70.1446 14.8978 1045 97.1866 13.2297 498.157
979 0 71.141 15.1952 1081 104.557 13.1369 498.21
980 0 75.1044 15.0723 1132 104.505 13.7147 497.882
981 0 77.2046 14.1442 1092 106.747 12.7326 496.862
982 0 80.1141 15.066 1207 103.408 13.3165 494.998
983 0 79.2217 13.1025 1038 91.4884 12.9865 490.64
984 0 82.154 13.5112 1110 91.6937 12.3748 489.228
985 0 87.1123 15.0955 1315 91.8707 12.9247 488.744
986 0 85.1874 13.394 1141 95.1122 12.1157 484.569
987 0 89.1091 14.039 1251 96.8241 12.0504 482.096
988 0 90.1371 14.1562 1276 96.656 12.6042 480.842
989 0 93.1001 14.479 1348 97.4555 12.6113 480.049
990 0 96.0552 13.992 1344 99.651 12.4561 477.622
991 0 100.141 13.9803 1400 100.095 12.7664 477.301
992 1 54.0777 11.8163 639 95.2175 12.5853 500.313
993 0 56.1585 12.0018 674 96.7537 12.6855 499.585
994 0 60.1227 13.0733 786 95.472 11.4466 502.024
995 0 63.0234 15.5339 979 97.3126 12.0225 502.887
996 0 62.1418 14.2094 883 98.7112 11.6036 502.694
997 0 64.1301 15.5933 1000 98.024 13.882 502.481
998 0 67.113 13.6039 913 96.4272 11.9869 501.168
999 0 70.0357 14.6782 1028 96.8463 13.144 498.209
1000 0 72.2097 14.5687 1052 95.7082 12.2861 497.214
1001 0 75.1936 16.1982 1218 95.1363 13.7422 496.035
1002 0 75.1541 14.2507 1071 97.3324 12.6209 494.271
1003 0 77.1834 14.8866 1149 97.7842 13.3211 493.913
1004 0 78.2065 14.4361 1129 101.251 13.1612 493.252
1005 0 81.1773 15.5216 1260 98.2175 13.919 493.439
1006 0 84.1729 13.1871 1110 102.516 13.3324 491.029
1007 0 86.1022 14.1576 1219 103.56 13.4487 489.67
1008 0 89.1887 14.901 1329 103.234 13.6087 488.345
1009 0 91.2462 14.1595 1292 116.721 13.7879 490.09
1010 0 93.1693 13.8994 1295 119.358 13.5537 487.215
1011 0 96.1615 13.3005 1279 118.982 13.4042 485.2
1012 0 100.213 13.5911 1362 113.088 12.3979 483.658
1013 0 102.32 15.6959 1606 113.291 13.4352 482.673
1014 1 50.0778 12.3608 619 110.724 13.0679 508.906
1015 0 54.219 12.1175 657 112.954 12.2694 506.848
1016 0 53.1361 12.9102 686 113.898 13.1764 507.621
1017 0 56.1756 13.4578 756 113.008 12.7698 505.5
1018 0 58.0613 14.7258 855 111.853 14.2503 505.463
1019 0 59.0534 12.7512 753 114.784 12.9283 504.216
1020 0 62.0362 14.3465 890 111.529 13.4888 503.851
1021 0 63.1383 14.2544 900 112.107 13.9 503.149
1022 0 66.0395 13.3708 883 110.607 13.316 502.095
1023 0 68.0471 14.2401 969 110.361 14.2931 500.673
1024 0 71.1072 13.7117 975 109.143 13.6697 499.232
1025 0 74.075 14.9713 1109 108.066 13.5879 498.296
1026 0 75.1169 14.6438 1100 109.699 14.0264 495.482
1027 0 77.0796 13.5704 1046 110.563 12.8069 495.872
1028 0 80.0525 15.3399 1228 109.564 13.8225 493.682
1029 0 81.0912 14.1569 1148 111.176 13.0906 493.131
1030 0 84.1046 14.696 1236 110.197 13.2856 491.685
1031 0 87.0508 13.8884 1209 121.847 13.2423 489.736
1032 0 89.0536 14.9461 1331 112.639 13.5259 488.27
1033 0 93.0599 14.5605 1355 112.591 13.4081 486.456
1034 0 95.0394 14.7518 1402 112.775 13.5685 486.485
1035 0 97.099 14.4389 1402 113.774 12.7111 483.469
1036 0 100.083 15.4671 1548 112.952 12.8068 482.375
1037 0 102.064 14.9906 1530 114.665 13.1163 481.636
1038 0 105.062 15.705 1650 116.371 13.12 478.532
1039 0 108.116 15.1134 1634 115.857 11.675 476.605
1040 0 112.121 14.966 1678 116.462 12.7956 474.715
1041 0 113.237 15.0745 1707 120.583 12.1769 472.722
1042 0 124.192 15.1217 1878 115.767 11.6395 472.058
1043 0 126.215 14.8794 1878 119.042 12.2375 469.57
1044 1 70.1597 14.8376 1041 115.203 12.6234 497.148
1045 0 73.1152 15.3046 1119 117.969 12.3021 495.494
1046 0 74.295 16.0038 1189 120.39 12.3162 491.8
1047 0 77.1408 16.9301 1306 116.08 12.4862 490.315
1048 0 79.1427 16.3502 1294 114.822 11.2079 490.941
1049 0 81.1635 16.8302 1366 116.52 13.3492 493.118
1050 0 82.1648 15.8584 1303 115.378 12.7107 490.837
1051 0 87.1977 17.2596 1505 112.583 13.089 489.403
1052 0 88.1121 16.1726 1425 114.356 11.833 489.121
1053 0 91.1203 16.9446 1544 113.395 11.2552 486.611
1054 0 94.167 17.5008 1648 117.95 13.2646 484.425
1055 0 92.096 15.1581 1396 126.651 12.3123 483.806
1056 0 97.1515 15.6765 1523 125.701 13.0427 482.232
1057 0 97.0985 15.716 1526 127.158 13.4993 481.284
1058 0 102.161 14.8687 1519 128.936 13.1771 478.874
1059 0 102.064 14.3537 1465 129.395 11.7447 475.923
1060 0 104.145 15.4113 1605 130.602 12.1321 474.253
1061 0 106.133 14.6419 1554 131.407 12.1441 473.048
1062 0 110.252 14.9204 1645 131.926 11.9106 473.365
1063 0 112.209 15.5691 1747 129.604 11.6829 471.9
1064 0 118.316 15.4586 1829 130.488 13.0935 468.874
1065 0 122.316 15.8115 1934 128.814 11.7937 466.304
1066 1 70.1339 11.9343 837 131.041 12.4875 493.407
1067 0 73.1829 13.5004 988 129.067 13.2955 493.613
1068 0 75.1329 12.7108 955 128.648 12.4429 489.634
1069 0 75.0975 14.7808 1110 126.07 12.3955 489.638
1070 0 80.0854 15.4835 1240 126.755 13.3742 494.695
1071 0 84.1268 15.2627 1284 127.835 13.8178 492.945
1072 0 87.1119 15.6465 1363 127.001 13.7828 491.45
1073 0 88.1989 15.1362 1335 127.162 13.003 491.372
1074 0 92.0778 15.4978 1427 127.664 13.3959 490.061
1075 0 94.1255 13.7157 1291 128.421 12.5035 487.437
1076 0 98.0798 15.5995 1530 124.975 13.0824 487.363
1077 0 98.0688 15.2546 1496 128.561 13.4566 485.493
1078 0 102.079 15.7721 1610 126.104 13.3075 482.84
1079 0 103.046 15.3815 1585 126.598 12.4662 481.851
1080 0 106.08 15.5543 1650 126.38 12.6455 481.17
1081 0 110.109 15.2576 1680 125.802 12.472 479.489
1082 0 112.143 15.3287 1719 124.118 12.4532 477.643
1083 0 114.143 15.5682 1777 122.525 12.821 474.213
1084 0 117.098 15.0643 1764 121.276 11.7664 471.376
1085 0 120.092 15.0551 1808 121.635 12.2566 468.407
1086 0 122.167 13.5716 1658 124.251 12.4686 464.983
1087 0 128.184 14.5416 1864 119.477 12.4861 464.051
1088 0 132.163 15.1631 2004 120.179 12.504 461.654
1089 0 136.202 14.9778 2040 135.717 12.7574 459.678
1090 0 141.206 14.539 2053 136.009 12.5889 456.465
1091 0 145.348 15.4251 2242 133.622 11.6543 455.518
1092 0 148.213 15.309 2269 132.896 11.8823 453.187
1093 0 155.353 15.88 2467 132.192 12.9222 451.265
1094 0 160.596 15.8846 2551 132.338 11.9008 449.18
1095 0 165.256 15.9753 2640 136.281 12.8989 445.784
1096 0 169.343 15.4066 2609 135.651 11.5876 441.829
1097 0 172.365 15.6703 2701 137.112 12.7382 440.282
1098 0 178.362 15.5694 2777 137.305 12.3108 438.04
1099 0 183.33 15.3167 2808 139.774 13.8761 438.874
1100 0 188.152 14.2278 2677 139.763 11.6642 435.168
1101 0 193.25 16.3104 3152 139.374 13.1025 433.507
1102 0 200.326 16.0688 3219 137.108 11.649 430.295
1103 0 206.316 16.4893 3402 134.962 11.5473 428.747
1104 0 212.364 16.5141 3507 136.186 11.8252 426.05
1105 0 218.458 14.909 3257 136.476 10.6208 419.758
1106 0 226.704 16.1753 3667 133.638 11.8923 420.358
1107 0 233.511 16.8515 3935 132.82 12.354 415.156
1108 0 240.736 17.7123 4264 132.702 13.1785 413.696
1109 0 250.678 17.2931 4335 132.084 12.2076 404.976
1110 1 283.693 11.3574 3222 141.121 12.6167 413.253
1111 0 290.751 24.0584 6995 106.527 13.1139 375.359
1112 0 275.426 17.3804 4787 128.972 10.6275 387.938
1113 1 77.2681 9.84883 761 113.803 10.6912 493.304
1114 0 80.3434 13.7659 1106 116.492 13.5154 491.666
1115 0 82.3717 13.1113 1080 114.938 12.9954 488.419
1116 0 85.2655 15.1058 1288 115.26 14.382 489.051
1117 0 87.3902 13.1365 1148 122.317 13.0575 490.696
1118 0 89.3206 13.8378 1236 123.532 13.0332 488.561
1119 0 92.4077 14.8905 1376 123.246 14.508 487.953
1120 0 94.3855 13.5296 1277 125.362 13.0399 485.851
1121 0 100.42 14.1008 1416 119.876 14.1871 486.323
1122 0 101.339 13.519 1370 121.294 13.4336 482.994
1123 0 104.361 13.7695 1437 117.955 13.1997 481.701
1124 0 105.241 14.3195 1507 118 13.2522 479.946
1125 0 107.034 13.1454 1407 122.475 12.9673 478.807
1126 0 111.096 13.7179 1524 121.98 13.6706 476.822
1127 0 115.058 12.6371 1454 122.667 12.4828 475.286
1128 0 116.21 15.3859 1788 117.771 12.2025 471.366
1129 0 119.096 13.3674 1592 122.871 11.5371 472.269
1130 0 122.154 13.9415 1703 122.604 12.0076 470.523
1131 0 127.095 12.5497 1595 118.526 10.5103 470.539
1132 0 129.15 12.048 1556 122.478 11.2127 465.663
1133 0 132.235 11.8199 1563 119.29 10.7377 466.369
1134 1 147.167 17.1845 2529 97.4634 10.8885 455.809
1135 0 146.202 19.2816 2819 103.643 12.4565 454.359
1136 0 145.162 16.3886 2379 111.754 10.3392 459.525
1137 0 148.231 13.9512 2068 122.249 10.9487 452.263
1138 0 151.28 14.4038 2179 122.649 12.1317 455.993
1139 0 156.155 14.0437 2193 123.398 10.9471 453.476
1140 0 158.29 18.4092 2914 112.846 11.3191 450.18
1141 0 162.184 15.1864 2463 114.727 9.92408 447.658
1142 0 164.24 14.2414 2339 116.327 9.53271 445.029
1143 0 170.417 19.3114 3291 114.64 12.364 442.329
1144 1 108.169 11.8056 1277 117.049 10.4792 481.904
1145 0 110.206 13.493 1487 117.513 12.0599 479.09
1146 0 114.168 13.5678 1549 116.967 10.3215 477.236
1147 0 116.173 13.609 1581 115.703 11.2916 473.221
1148 0 117.18 14.5503 1705 119.477 12.7754 475.443
1149 0 120.326 13.9538 1679 122.949 12.1787 471.336
1150 0 125.326 14.4743 1814 109.211 12.8826 469.717
1151 0 128.344 14.5468 1867 108.639 11.5506 467.29
1152 0 131.473 14.5353 1911 110.358 12.6023 467.289
1153 0 135.27 14.1569 1915 109.526 11.1107 463.593
1154 0 137.318 14.7176 2021 109.149 11.8387 463.453
1155 0 140.203 13.8727 1945 111.841 11.1121 459.403
1156 0 145.234 14.1772 2059 111.78 11.2574 458.146
1157 0 148.299 14.7405 2186 111.712 11.7118 454.552
1158 0 151.405 14.4447 2187 113.388 10.861 450.468
1159 0 154.368 14.9059 2301 112.64 11.1508 449.147
1160 0 158.327 14.1542 2241 113.722 10.7233 445.722
1161 0 163.265 13.9773 2282 117.447 10.1862 440.357
1162 0 167.446 14.5181 2431 116.998 11.6952 442.278
1163 0 170.365 13.7587 2344 117.186 10.4279 436.648
1164 0 174.357 14.5334 2534 118.747 11.2794 431.892
1165 0 178.235 14.638 2609 118.904 10.4542 430.682
1166 0 184.274 15.2708 2814 118.559 11.6098 427.636
1167 0 187.306 14.9061 2792 119.172 10.9226 425.441
1168 0 191.165 15.4997 2963 120.889 11.5329 422.614
1169 0 200.362 15.2224 3050 121.33 10.2725 417.841
1170 0 201.241 15.7622 3172 123.483 10.8723 413.547
1171 0 209.259 15.4306 3229 122.822 10.0861 412.935
1172 0 213.381 16.4776 3516 124.929 11.2514 406.666
1173 0 217.45 15.8014 3436 125.568 10.8944 407.796
1174 0 223.381 14.6073 3263 127.043 9.74808 401.718
1175 0 230.228 15.7627 3629 126.602 10.3541 400.672
1176 0 238.249 14.7619 3517 127.444 9.77566 397.471
1177 0 244.358 15.8456 3872 125.832 10.6614 392.557
1178 0 252.433 15.715 3967 125.186 9.74817 389.642
1179 0 257.334 15.7422 4051 126.691 10.271 382.339
1180 0 265.334 16.4736 4371 125.553 10.3933 378.26
1181 0 273.312 16.3001 4455 125.018 10.5028 376.899
1182 0 336.814 18.6512 6282 119.228 10.0996 346.55
1183 0 345.37 14.3788 4966 121.46 7.83991 339.808
1184 1 302.474 17.6908 5351 121.268 10.2108 361.943
1185 1 219.753 11.8497 2604 119.229 9.13786 410.588
1186 0 227.648 13.8503 3153 118.222 10.8554 403.519
1187 0 232.555 12.7497 2965 119.139 8.47352 400.853
1188 0 237.498 13.9917 3323 119.026 9.8709 399.845
1189 0 247.712 13.334 3303 119.506 9.13745 397.837
1190 0 253.547 13.5675 3440 120.168 9.37849 392.099
1191 0 259.502 14.2311 3693 118.376 9.85594 388.474
1192 0 267.669 14.2938 3826 118.217 9.84266 384.442
1193 0 276.598 14.588 4035 118.208 9.78389 380.711
1194 0 286.878 14.8356 4256 115.679 9.6297 379.678
1195 0 294.769 14.9812 4416 118.315 9.89402 373.444
1196 0 302.584 16.1641 4891 120.145 10.0671 366.987
1197 0 311.56 15.1142 4709 115.933 9.82969 365.793
1198 0 319.303 14.4972 4629 117.839 9.34133 355.043
1199 0 327.5 15.3344 5022 120.929 10.1474 352.919
1200 0 334.553 15.0679 5041 122.737 10.3741 346.786
1201 0 343.586 15.1403 5202 125.297 10.0359 342.035
1202 1 284.467 10.5706 3007 123.711 10.4619 380.835
1203 0 289.442 11.8159 3420 124.661 10.9471 375.361
1204 0 297.584 12.7594 3797 123.413 10.0948 367.067
1205 0 304.773 12.1763 3711 130.629 9.41741 359.742
1206 0 313.757 12.9272 4056 129.474 10.5039 360.407
1207 0 320.838 12.7229 4082 131.934 9.96938 350.166
1208 0 330.729 13.688 4527 133.776 10.156 347.958
1209 0 341.637 13.3914 4575 132.808 10.5652 342.123
1210 0 350.867 15.8436 5559 124.184 10.0293 337.808
1211 0 362.388 12.8205 4646 124.065 7.60762 332.951
