time division length width area intensity CMx CMy
0 0 59.0985 12.4876 738 143.435 403.599 513.976
1 0 60.0513 12.6891 762 141.5 402.764 513.43
2 0 64.0568 12.8168 821 139.633 402.938 512.435
3 0 66.0712 12.4563 823 139.106 402.549 512.156
4 0 68.0372 12.1257 825 141.613 402.524 511.108
5 1 108.144 13.0844 1415 131.346 402.587 494.519
6 0 112.201 12.7985 1436 130.931 402.924 491.483
7 0 115.171 13.7622 1585 126.185 402.842 490.346
8 1 43.0346 13.2684 571 136.075 402.438 523.047
9 0 44.0141 13.8138 608 140.135 403.123 522.189
10 0 46.0427 13.5309 623 138.883 402.764 522.085
11 0 44.0109 13.1104 577 132.627 402.388 521.638
12 0 45.0136 13.1072 590 129.602 402.905 520.88
13 0 48.0313 12.8458 617 129.379 401.989 520.877
14 0 49.0168 13.0159 638 127.027 401.47 519.951
15 0 52.045 14.2569 742 120.993 401.522 518.74
16 0 53.0623 13.5878 721 121.641 401.965 519.35
17 0 54.0382 13.0833 707 121.898 401.59 516.074
18 0 56.0343 12.992 728 120.456 401.217 518.06
19 0 58.0582 13.452 781 118.132 401.392 515.278
20 0 60.0448 13.5232 812 117.458 401.174 514.688
21 0 61.0428 13.253 809 117.831 401.19 515.378
22 0 64.0541 13.1608 843 118.058 401.2 513.883
23 0 65.0737 13.5385 881 116.453 401.778 512.856
24 0 65.0737 13.5692 883 147.511 402.772 512.798
25 0 71.0725 13.9013 988 113.651 401.084 512.678
26 0 71.0487 13.4978 959 114.432 400.945 511.608
27 0 76.0902 13.7863 1049 111.905 400.737 510.428
28 0 77.0763 14.1808 1093 110.833 400.847 511.286
29 0 82.0848 14.2657 1171 108.729 400.411 508.534
30 0 84.1144 14.5873 1227 107.604 400.474 508.059
31 0 89.0578 14.6422 1304 104.941 400.795 505.703
32 0 93.0616 14.8504 1382 103.527 400.721 505.067
33 0 95.125 14.6965 1398 104.815 400.237 502.382
34 1 50.1025 12.7139 637 109.801 400.185 523.931
35 0 51.0602 13.1022 669 109.235 400.016 523.321
36 0 53.0802 13.3006 706 105.613 400.484 520.714
37 0 56.0439 13.4716 755 104.444 399.454 519.248
38 0 56.0463 13.1142 735 94.8694 399.796 518.469
39 0 58.0413 13.1803 765 93.9791 399.107 516.923
40 0 60.0555 13.8206 830 91.8639 400.205 515.846
41 0 62.0425 12.3303 765 92.9346 400.148 515.278
42 0 64.0197 13.6364 873 91.0218 400.312 513.499
43 0 67.0666 13.7326 921 90.5983 399.718 512.303
44 0 71.0516 13.7787 979 89.2012 399.857 511.39
45 0 73.1 14.3912 1052 88.3783 399.323 509.922
46 0 76.0607 14.002 1065 89.553 399.632 508.747
47 0 77.0275 13.5926 1047 91.9494 400.162 507.362
48 0 80.0724 13.1631 1054 93.2808 399.657 506.402
49 0 84.0872 13.6525 1148 89.5828 399.634 504.037
50 0 87.0745 13.8387 1205 90.7037 399.562 503.287
51 0 90.0768 13.5884 1224 92.3129 399.832 500.282
52 0 93.1681 13.5454 1262 92.2853 399.814 498.274
53 0 97.051 13.4981 1310 93.8374 399.583 497.292
54 0 100.089 13.8676 1388 93.4654 399.205 494.746
55 1 57.1273 12.8835 736 96.1345 399.624 516.417
56 0 58.1249 12.9032 750 97.9853 399.711 514.18
57 0 60.0704 12.9681 779 98.8549 400.074 513.727
58 0 64.0978 14.6651 940 98.3872 399.55 514.22
59 0 62.0579 13.1329 815 96.1718 399.942 512.915
60 0 65.095 13.1807 858 94.6096 398.925 512.51
61 0 67.0491 13.9301 934 93.6049 399.489 510.098
62 0 68.0405 13.345 908 95.6388 399.149 509.599
63 0 71.0412 13.471 957 95.4347 399.754 508.229
64 0 73.0524 13.1823 963 97.405 398.983 506.351
65 0 75.0908 13.6901 1028 97.5282 399.374 506.611
66 0 79.0988 13.6032 1076 96.9219 398.567 504.289
67 0 83.043 14.3058 1188 96.0909 398.258 503.259
68 0 84.1291 13.9904 1177 98.8513 398.163 501.003
69 0 87.1207 14.325 1248 98.3133 398.144 500.043
70 0 90.1046 14.3722 1295 99.295 398.083 497.092
71 0 94.1503 14.6256 1377 98.2012 398.769 496.286
72 0 96.1959 14.1378 1360 99.9978 398.426 492.22
73 0 100.136 14.3705 1439 98.296 398.992 490.432
74 0 104.179 14.8302 1545 95.9922 398.77 488.654
75 0 105.16 14.34 1508 89.9012 398.531 487.62
76 0 109.174 14.2158 1552 96.4987 398.613 485.568
77 1 57.0637 11.7237 669 91.6054 398.43 512.572
78 0 61.1467 11.9385 730 91.5438 398.697 511.027
79 0 64.099 12.6679 812 93.9261 397.983 512.144
80 0 66.0314 12.7818 844 95.3993 398.693 514.081
81 0 69.066 13.4364 928 93.2705 399.342 513.343
82 0 72.0671 12.9324 932 92.9528 399.785 511.591
83 0 75.0575 13.0433 979 91.7416 399.15 509.45
84 0 77.1357 12.9382 998 91.8267 399.567 508.573
85 0 79.0742 12.8487 1016 91.4419 399.373 506.378
86 0 82.1128 13.0187 1069 90.4294 400.225 505.378
87 0 83.1418 12.7012 1056 91.5057 399.58 503.696
88 0 86.1013 12.6247 1087 91.4692 400.378 501.655
89 0 89.12 12.803 1141 90.4137 399.918 500.947
90 0 92.1819 12.3126 1135 91.748 400.601 499.782
91 0 95.1147 13.2472 1260 90.1667 400.322 497.517
92 0 98.1182 13.0251 1278 90.1808 399.669 494.79
93 0 100.239 12.6198 1265 91.0806 399.71 493.992
94 0 104.146 13.5002 1406 88.9239 399.388 492.078
95 0 106.152 12.9437 1374 90.1376 399.776 489.61
96 0 111.251 13.4291 1494 88.002 399.352 489.313
97 0 114.115 13.3199 1520 87.8783 399.008 489.074
98 0 120.088 13.5317 1625 86.4597 399.22 487.669
99 1 60.0768 11.2856 678 85.8864 400.41 516.556
100 0 62.116 11.1243 691 76.5716 400.294 513.85
101 0 64.0899 12.1548 779 84.8883 400.594 514.985
102 0 65.1649 11.9389 778 82.4563 399.815 514.055
103 0 70.1426 12.9451 908 85.065 398.761 512.751
104 0 72.1537 12.5704 907 85.3826 398.957 511.388
105 0 73.2039 12.3217 902 84.6231 399.818 510.573
106 0 76.1567 12.5662 957 83.8882 399.774 509.114
107 0 78.2337 12.3604 967 83.8004 399.602 506.184
108 0 81.2012 11.958 971 83.7559 399.905 506.723
109 0 82.1268 12.9191 1061 82.9595 399.566 504.721
110 0 85.1354 12.8149 1091 81.6517 400.515 503.647
111 0 86.2539 12.2777 1059 82.1662 399.825 501.137
112 0 87.1035 12.9731 1130 81.3106 400.528 500.744
113 0 92.167 12.1085 1116 81.7885 399.832 498.967
114 0 93.154 13.0859 1219 80.4356 399.564 498.08
115 0 97.1323 12.8999 1253 79.8116 399.772 496.954
116 0 100.154 13.0499 1307 78.3848 399.422 495.99
117 0 103.177 12.9583 1337 77.4114 399.483 492.899
118 0 106.126 12.8526 1364 74.9765 398.956 489.669
119 1 53.0377 10.5585 560 71.3411 399.314 519.28
120 0 56.3127 11.6492 656 69.7668 400.073 515.123
121 0 56.2189 11.224 631 70.8827 400.254 515.491
122 0 62.1555 12.1791 757 67.074 399.52 508.659
123 0 62.0327 12.4289 771 67.9974 399.549 517.396
124 0 64.0819 12.2031 782 68.8824 399.664 516.541
125 0 66.0679 12.9564 856 66.2839 399.998 513.374
126 0 67.0445 12.9168 866 67.4804 399.143 512.389
127 0 70.0572 12.8324 899 68.1479 399.026 511.342
128 0 73.0634 13.2077 965 69.487 399.259 509.748
129 0 74.0462 12.6273 935 71.2941 400.29 509.736
130 0 77.1184 12.8763 993 71.4814 399.84 508.402
131 0 79.1135 12.7033 1005 72.5622 399.16 507.07
132 0 83.041 13.5716 1127 72.2484 398.438 506.846
133 0 85.1079 13.524 1151 73.0973 398.509 505.66
134 0 86.0321 14.1226 1215 74.1004 398.856 503.981
135 0 90.0677 13.723 1236 75.9094 398.591 502.159
136 0 92.0806 13.1732 1213 78.3817 398.555 501.442
137 0 95.1084 13.6686 1300 78.6346 399.088 499.452
138 0 98.0663 13.1952 1294 78.7473 399.304 498
139 0 102.097 13.0268 1330 79.9767 398.511 489.374
140 1 51.1545 10.6735 546 79.685 398.132 519.093
141 0 54.1909 12.2345 663 75.4917 397.151 518.587
142 0 54.1638 12.4807 676 76.6405 397.278 517.574
143 0 56.0619 13.271 744 74.3817 397.78 517.914
144 0 56.0198 12.3885 694 72.487 398.084 518.983
145 0 59.0445 12.4482 735 72.4163 399.082 517.959
146 0 60.0399 13.2579 796 70.8492 398.607 517.322
147 0 62.0469 12.1843 756 72.1561 398.913 517.263
148 0 62.0618 11.4885 713 73.209 399.217 516.771
149 0 65.0714 11.6641 759 72.9236 398.349 515.1
150 0 68.0376 12.3461 840 71.4786 398.298 514.187
151 0 70.0758 12.7005 890 71.9371 398.546 511.834
152 0 72.1296 13.4619 971 71.5314 398.517 511.01
153 0 74.0702 12.9472 959 72.9844 398.548 509.296
154 0 77.0842 13.1285 1012 72.4812 398.321 509.809
155 0 79.0862 12.341 976 74.5318 398.685 506.594
156 0 82.0898 13.1076 1076 73.369 398.629 506.272
157 0 86.1634 13.1378 1132 72.5124 399.32 505.952
158 0 86.0769 12.6282 1087 74.4729 398.851 502.955
159 0 90.1655 13.1092 1182 73.8765 398.778 502.367
160 0 92.1051 13.1263 1209 75.4748 397.902 500.899
161 0 94.0962 12.7529 1200 76.535 398.867 499.598
162 0 99.1386 13.0928 1298 76.1109 398.454 500.193
163 0 101.077 12.8912 1303 78.5142 398.071 495.78
164 0 105.128 13.3931 1408 77.3175 398.026 495.915
165 0 109.11 13.6652 1491 77.7351 398.494 491.827
166 0 113.175 13.996 1584 77.779 398.295 490.368
167 1 58.0542 12.8501 746 80.9437 399.542 515.484
168 0 62.1559 13.6109 846 77.8522 398.92 513.531
169 0 62.1601 12.6769 788 80.0609 399.435 510.288
170 0 62.0507 12.7799 793 79.1879 398.537 508.69
171 0 63.1336 12.7824 807 80.8513 398.394 509.288
172 0 64.095 13.0588 837 80.7575 398.755 508.21
173 0 69.1104 13.9198 962 78.658 398.947 506.305
174 0 71.1084 13.5286 962 80.3555 398.495 504.553
175 0 73.1128 13.7869 1008 80.9345 398.557 503.974
176 0 76.1093 13.2047 1005 82.8985 397.696 503.743
177 0 77.0718 13.1825 1016 83.6358 397.645 501.648
178 0 79.098 13.4517 1064 84.2773 397.441 502.763
179 0 82.0833 13.73 1127 84.0399 397 501.237
180 0 84.0813 13.1658 1107 84.5122 397.204 500.255
181 0 86.0601 13.2466 1140 83.4991 397.367 499.976
182 0 87.0981 12.8705 1121 83.6378 397.52 500.793
183 0 89.084 13.2347 1179 83.3096 398.339 495.98
184 0 92.1417 13.5552 1249 82.2754 397.503 495.005
185 0 93.0495 12.9286 1203 84.4771 398.357 492.569
186 0 97.086 12.937 1256 83.496 398.13 489.024
187 0 102.159 13.851 1415 81.1724 397.238 487.522
188 0 106.15 13.5846 1442 82.5569 397.287 485.193
189 0 106.205 13.973 1484 82.9245 397.58 482.894
190 0 111.148 13.4685 1497 83.1383 397.874 482.643
191 0 115.15 13.6257 1569 83.5672 397.713 479.159
192 0 117.152 13.2648 1554 84.8436 397.811 477.541
193 0 122.187 13.201 1613 85.2071 397.241 475.886
194 0 126.223 13.3177 1681 85.6948 397.113 472.756
195 0 132.201 13.4568 1779 85.7527 396.992 471.721
196 0 136.184 13.5112 1840 86.5967 397.088 467.89
197 0 138.256 12.5202 1731 88.0653 396.203 466.156
198 0 146.195 12.8253 1875 86.2629 396.317 463.665
199 0 151.216 13.2724 2007 85.0035 396.562 462.214
200 0 155.196 12.9965 2017 87.1076 396.759 459.489
201 0 160.236 12.856 2060 87.6189 396.718 457.299
202 0 166.198 13.2493 2202 110.449 396.797 452.611
203 0 172.235 13.139 2263 110.502 396.726 449.166
204 0 177.295 13.5932 2410 109.128 396.46 447.012
205 0 185.364 12.6562 2346 110.185 397.021 445.85
206 0 191.303 13.4028 2564 107.497 396.458 441.138
207 0 197.252 13.2065 2605 107.57 396.65 436.172
208 0 202.333 12.6673 2563 108.217 396.344 431.019
209 0 214.259 14.0624 3013 103.24 396.562 431.67
210 0 221.224 13.0185 2880 104.868 396.121 429.485
211 0 229.266 13.4211 3077 103.485 396.095 429.526
212 1 169.281 12.5472 2124 104.712 396.454 458.794
213 0 176.23 13.3916 2360 103.713 396.521 456.14
214 0 182.162 13.4495 2450 102.896 396.679 453.581
215 0 187.251 13.4045 2510 102.084 395.923 452.838
216 0 191.31 12.4824 2388 105.968 396.693 445.647
217 0 199.231 13.6124 2712 103.079 396.047 445
218 0 207.272 13.7597 2852 104.156 396.36 439.706
219 0 214.359 13.692 2935 103.16 397.189 435.937
220 0 221.196 13.1874 2917 104.738 396.771 430.55
221 0 229.306 14.0075 3212 102.809 396.032 430.154
222 1 58.0244 11.1333 646 79.5294 396.776 518.742
223 0 59.1413 10.9061 645 80.955 396.467 518.056
224 0 62.0295 11.2688 699 80.9657 397.469 516.413
225 0 63.0411 11.2784 711 81.8354 396.661 516.35
226 0 64.0349 11.2126 718 82.4276 397.354 513.93
227 0 67.0601 11.6164 779 82.7163 396.498 514.154
228 0 66.0331 10.737 709 84.8604 396.495 512.856
229 0 70.1263 11.3224 794 84.9446 396.573 512.651
230 0 72.0871 10.9451 789 85.0532 396.085 511.688
231 0 74.0482 10.8443 803 84.655 396.237 510.019
232 0 76.0327 11.3635 864 83.7465 395.306 511.197
233 0 79.1175 11.4387 905 83.9867 396.084 508.592
234 0 81.0636 11.3121 917 84.9858 395.791 506.193
235 0 84.1142 11.2704 948 85.0148 395.729 505.045
236 0 87.1157 11.3298 987 85.3465 395.732 503.432
237 0 92.0542 11.5801 1066 84.3743 395.555 501.667
238 1 48.0249 10.1614 488 81.377 395.637 525.17
239 0 49.0314 10.1568 498 81.3333 396.163 522.713
240 0 51.0179 10.9373 558 80.052 397.138 520.928
241 0 53.0214 10.9578 581 77.8606 396.723 522.27
242 0 53.1105 10.4499 555 78.845 397.164 521.753
243 0 56.0464 11.1336 624 78.1266 397.204 520.221
244 0 57.207 11.17 639 78.4742 396.786 518.548
245 0 60.0794 11.7012 703 78.4452 396.071 517.74
246 0 63.1168 12.2788 775 78.1755 395.929 516.474
247 0 63.0892 11.5392 728 80.7624 395.812 516.828
248 0 64.0549 11.2091 718 80.9847 396.045 514.836
249 0 66.2294 11.4149 756 80.6693 394.981 508.001
250 0 70.0835 11.843 830 78.5012 396.575 512.975
251 0 69.0573 11.7439 811 79.6178 397.044 512.737
252 0 71.0734 11.4529 814 79.1916 396.928 511.967
253 0 75.1182 12.1675 914 76.6751 396.848 509.391
254 0 77.0787 11.9488 921 76.3865 396.745 508.762
255 0 78.1179 11.329 885 77.8475 396.898 507.316
256 0 80.0789 11.701 937 78.3703 396.842 505.17
257 0 82.0419 11.421 937 78.6062 396.419 504.556
258 0 86.1073 11.3463 977 78.1382 396.874 500.432
259 0 88.1087 11.1794 985 78.4528 395.659 498.1
260 0 90.0459 11.4164 1028 77.1965 396.563 499.594
261 0 93.0578 11.0147 1025 78.7141 396.271 498.396
262 0 93.0575 11.0039 1024 122.23 395.259 498.209
263 0 100.075 11.4314 1144 77.9038 396.654 496.502
264 0 103.153 11.9434 1232 76.7955 397.062 494.774
265 0 104.095 10.6825 1112 79.2005 398.043 491.688
266 0 108.183 10.3898 1124 80.758 397.251 490.27
267 0 113.197 11.2017 1268 78.6128 397.155 488.479
268 0 115.163 11.4099 1314 79.3638 396.827 486.473
269 0 120.13 11.8539 1424 78.6833 396.876 484.357
270 0 123.115 11.339 1396 80.1175 396.872 483.524
271 0 127.104 12.1082 1539 80.2196 396.553 481.951
272 1 68.1536 10.6231 724 77.0815 396.282 512.338
273 0 72.4319 10.2303 741 79.6451 396.525 506.713
274 0 75.3293 10.6466 802 77.5237 396.449 503.819
275 0 77.1444 11.2776 870 73.9586 397.134 506.634
276 0 77.1467 10.668 823 77.1592 396.797 504.931
277 0 81.1536 11.8048 958 73.5365 396.315 506.516
278 0 80.0555 10.4178 834 77.7542 396.552 505.531
279 0 82.1474 10.7124 880 79.2364 396.008 504.125
280 0 88.0708 10.9571 965 79.1337 396.822 502.767
281 0 90.035 10.7514 968 77.0847 396.366 499.292
282 0 93.1799 11.7407 1094 77.8867 397.226 498.017
283 0 98.1136 11.8842 1166 80.1124 396.702 495.759
284 0 99.2358 11.3165 1123 83.837 396.615 492.431
285 0 102.205 11.2812 1153 84.222 397.21 490.221
286 0 106.267 13.0238 1384 81.1142 397.436 487.533
287 0 110.315 12.2195 1348 83.382 397.465 487.071
288 1 57.1485 10.149 580 77.4224 396.681 515.345
289 0 57.1053 11.3825 650 76.4969 396.709 515.725
290 0 58.2405 11.3323 660 80.5621 396.014 514.1
291 0 61.2954 10.3597 635 74.9984 397.063 517.28
292 0 63.1792 11.3487 717 74.1562 396.074 515.961
293 0 63.3254 11.3067 716 76.169 396.45 514.742
294 0 67.2495 11.4053 767 77.2529 395.902 513.567
295 0 69.254 11.595 803 77.4496 395.954 512.024
296 0 69.1935 10.9548 758 81.5462 396.194 510.905
297 0 73.1336 11.5679 846 81.6986 395.574 511.469
298 0 75.1194 11.6747 877 81.3432 396.087 511.91
299 0 76.135 10.8492 826 87.5291 396.028 508.886
300 0 79.132 11.525 912 86.227 396.07 507.832
301 0 83.2392 12.0496 1003 86.1166 396.017 504.334
302 0 85.4303 12.6185 1078 85.8451 395.688 500.987
303 0 86.2466 11.7222 1011 87.7893 396.156 500.526
304 0 90.3485 12.4518 1125 86.6862 397.099 498.221
305 0 92.3791 12.1348 1121 86.6806 396.578 496.475
306 0 96.3408 12.3208 1187 86.1398 396.907 495.951
307 0 98.3077 12.4609 1225 86.6571 396.567 495.639
308 1 52.1331 10.243 534 83.6217 397.011 520.978
309 0 55.0482 11.0449 608 80.8668 395.921 522.362
310 0 57.1326 10.1868 582 77.9072 394.995 520.134
311 0 59.0861 11.7794 696 91.9009 395.693 519.953
312 0 59.0824 11.137 658 93.1201 395.71 520.986
313 0 62.1027 12.1412 754 91.0981 395.711 519.566
314 0 62.0979 11.6268 722 93.7244 395.271 519.281
315 0 64.0614 12.5192 802 91.9239 396.059 518.233
316 0 67.0585 11.8106 792 93.0025 395.883 516.961
317 0 69.0396 12.0511 832 92.0228 396.018 515.981
318 0 71.1027 11.6873 831 93.4344 395.694 515.762
319 0 73.1133 11.1471 815 92.2724 395.018 514.506
320 0 74.1327 11.5064 853 93.1887 395.278 513.344
321 0 76.1314 11.0204 839 95.1502 395.646 513.437
322 0 79.1188 11.4259 904 95.8883 395.475 511.676
323 0 82.0602 12.0278 987 95.5937 395.195 510.059
324 1 43.0821 10.2595 442 92.4751 394.629 529.715
325 0 45.1806 10.7347 485 91.8082 395.608 528.414
326 0 45.1053 10.8856 491 94.1365 394.701 527.485
327 0 48.0579 11.2781 542 92.8155 394.554 529.672
328 0 48.1257 11.9479 575 89.767 395.306 528.353
329 0 50.1915 11.2569 565 90.1027 395.814 527.655
330 0 51.2152 11.5396 591 88.7327 394.719 528.118
331 0 50.1194 10.5149 527 91.3947 395.797 527.233
332 0 54.094 12.0346 651 87.5484 395.584 526.028
333 0 54.1036 11.5519 625 90.3744 395.45 524.715
334 0 55.1257 11.3377 625 91.696 394.861 524.562
335 0 58.0845 11.6899 679 91.919 395.041 523.524
336 0 59.1446 12.7653 755 89.4212 395.351 522.343
337 0 61.1513 12.3628 756 89.7778 394.974 521.401
338 0 62.0587 12.2626 761 91.071 394.293 520.084
339 0 65.2016 12.193 795 91.395 394.458 520.8
340 0 65.1499 12.2026 795 93.0591 393.775 519.447
341 0 67.1962 12.2924 826 94.6719 393.49 517.318
342 0 69.2334 12.4073 859 95.4796 394.17 518.341
343 0 71.155 12.2268 870 97.4988 393.867 515.378
344 0 72.1354 12.435 897 105.346 393.089 513.914
345 0 75.1608 12.3735 930 102.051 392.705 512.686
346 0 78.102 12.2916 960 102.469 392.879 511.539
347 0 81.1218 12.2039 990 100.604 392.654 511.588
348 0 84.1785 12.5448 1056 99.3456 392.193 508.986
349 0 85.2177 11.9693 1020 102.399 391.407 504.776
350 1 46.2223 10.363 479 94.5031 392.34 525.852
351 0 45.219 10.5487 477 94.8281 392.258 524.564
352 0 48.2128 10.8062 521 91.3762 391.704 524.553
353 0 48.1176 10.5783 509 92.8389 393.774 528.155
354 0 49.0607 11.1698 548 91.5201 392.493 525.339
355 0 52.0951 11.9781 624 88.8494 393.598 525.997
356 0 52.1538 11.6003 605 90.6843 392.992 524.755
357 0 53.0951 11.6583 619 90.9402 393.813 524.538
358 0 56.0767 11.9836 672 88.3274 392.915 522.972
359 0 55.1133 11.939 658 90.1185 393.605 522.252
360 0 55.1133 11.9935 661 132.752 394.598 522.219
361 0 60.1754 11.616 699 88.7182 393.682 520.704
362 0 60.1637 11.7679 708 86.6412 393.763 518.304
363 0 64.1186 12.0246 771 85.1375 393.14 518.525
364 0 66.2343 11.9877 794 84.5529 394.091 517.696
365 0 66.084 12.015 794 84.068 394.185 516.12
366 0 68.1135 11.8626 808 85.2129 394.203 515.166
367 0 71.1464 11.3428 807 86.5155 393.511 514.519
368 0 72.1873 11.9412 862 85.4304 393.219 512.278
369 0 75.1853 11.5847 871 83.0999 393.769 512.516
370 0 79.1708 12.4541 986 84.5091 393.618 507.905
371 0 82.0899 11.9747 983 84.9095 394.184 509.283
372 0 83.1473 12.1231 1008 85.8343 393.897 507.261
373 0 86.2321 11.5734 998 88.1533 394.342 507.847
374 0 88.1438 12.6271 1113 90.089 393.535 503.89
375 1 45.0454 10.1009 455 86.2198 394.549 527.736
376 0 47.0331 10.4182 490 85.1735 394.312 525.826
377 0 49.0289 10.9731 538 84.4182 393.777 523.372
378 0 51.0303 10.8367 553 82.8372 394.499 525.159
379 0 51.0613 11.2414 574 82.5976 393.909 524.648
380 0 51.0447 11.0883 566 83.7509 394.571 522.703
381 0 54.0565 11.636 629 82.9682 393.293 521.776
382 0 56.034 12.1355 680 82.7162 393.69 521.184
383 0 58.0388 12.216 709 82.5712 394.182 520.481
384 0 60.05 12.1232 728 83.8778 393.933 519.298
385 0 62.0502 11.7324 728 83.7788 393.412 518.034
386 0 64.0253 12.5732 805 83.9975 393.749 518.248
387 0 65.0384 12.5926 819 84.9707 393.397 516.824
388 0 67.1079 12.845 862 84.1288 395.267 515.468
389 0 70.0358 12.7506 893 84.0515 395.475 515.189
390 0 70.1762 12.6539 888 86.1869 395.617 511.996
391 0 72.1482 12.6407 912 87.1787 395.475 511.65
392 0 76.1339 12.4386 947 85.7075 395.553 508.896
393 0 78.1454 12.0928 945 85.0857 395.041 506.117
394 0 78.143 11.8117 923 87.0769 395.282 506.374
395 0 83.174 12.6602 1053 86.34 394.941 505.756
396 0 85.149 12.9303 1101 88.416 394.935 503.504
397 0 87.0863 13.0445 1136 89.8803 394.387 502.737
398 0 91.1192 12.972 1182 91.8037 395.105 504.932
399 0 93.095 13.1586 1225 93.4947 394.832 501.422
400 0 96.1346 13.0546 1255 94.5163 394.978 498.459
401 0 99.1981 13.0345 1293 94.6396 395.741 497.667
402 1 51.055 10.4006 531 92.5066 396.39 522.742
403 0 55.0535 11.8975 655 90.2458 396.566 521.873
404 0 55.0652 12.4035 683 88.7218 394.28 518.842
405 0 57.0558 12.5842 718 88.0292 394.728 520.762
406 0 58.1085 13.0274 757 87.181 395.332 521.466
407 0 61.1179 13.5149 826 87.6041 395.948 519.994
408 0 62.0993 12.9309 803 92.3051 395.512 519.374
409 0 65.1141 13.6069 886 92.1321 396.384 516.007
410 0 64.1427 13.4076 860 93.6244 396.107 516.924
411 0 67.1305 13.1833 885 94.6576 396 516.737
412 0 68.1759 13.5678 925 91.3784 395.483 514.578
413 0 69.1151 13.2098 913 92.644 395.726 513.793
414 0 70.0774 12.3578 866 90.2667 394.46 516.254
415 0 73.0756 12.3434 902 90.9224 394.504 514.012
416 0 76.0596 12.2667 933 90.2379 395.091 512.644
417 0 79.1011 12.7558 1009 89.116 394.773 511.196
418 0 80.1086 12.533 1004 91.2191 395.662 508.472
419 0 83.0536 12.6424 1050 92.0733 395.202 508.209
420 0 82.0657 11.9782 983 94.8728 394.832 507.012
421 0 85.058 11.8037 1004 96.4622 393.684 505.724
422 0 89.0841 12.4489 1109 95.4743 394.268 503.514
423 0 91.1156 12.9945 1184 96.125 394.85 500.973
424 0 95.0746 12.9057 1227 96.586 394.513 500.88
425 0 96.0995 13.101 1259 97.0143 394.189 500.13
426 0 101.128 12.9044 1305 98.0582 393.801 497.843
427 0 102.172 12.8803 1316 98.6033 393.996 494.889
428 0 106.104 12.8082 1359 95.1244 394.325 493.613
429 0 107.1 12.5677 1346 94.8774 394.375 492.447
430 0 111.193 12.168 1353 95.3112 393.77 490.52
431 0 117.13 12.8575 1506 92.7702 394.139 488.263
432 0 120.168 12.7904 1537 93.5673 393.345 484.308
433 1 64.188 10.5939 680 96.4221 393.535 510.96
434 0 66.148 11.7917 780 92.9833 393.65 508.374
435 0 68.1542 11.6794 796 90.0075 394.119 508.956
436 0 70.091 12.1271 850 84.4718 395.834 512.371
437 0 72.1301 12.3665 892 83.1637 394.913 511.756
438 0 73.0781 11.7682 860 83.6326 394.72 511.04
439 0 73.0913 11.6703 853 84.7538 394.496 509.927
440 0 77.1098 12.0996 933 82.8328 395.024 507.273
441 0 78.0625 11.0296 861 85.1208 394.563 508.3
442 0 82.0587 12.2108 1002 82.7335 394.742 505.415
443 0 84.0972 11.57 973 83.2908 393.693 503.456
444 0 86.0857 11.0007 947 83.7107 393.94 502.406
445 0 90.0879 11.2113 1010 82.4554 393.548 500.289
446 0 94.0953 11.2439 1058 82.758 394.319 499.129
447 0 96.0889 10.584 1017 83.6539 394.834 497.463
448 0 99.1995 10.6452 1056 83.3617 394.366 495.299
449 1 54.0324 10.8083 584 79.8168 394.806 521.556
450 0 56.0637 10.9875 616 80.25 394.756 519.817
451 0 57.0706 10.1804 581 81.3046 394.728 517.888
452 0 59.0429 11.3985 673 80.4859 394.9 516.642
453 0 60.065 11.5708 695 79.577 394.727 517.062
454 0 62.0597 11.4889 713 80.0729 395.025 514.369
455 0 63.0281 11.2965 712 80.1067 394.59 515.118
456 0 66.0811 11.4556 757 78.2959 395.333 513.098
457 0 66.057 11.157 737 82.6594 395.434 511.787
458 0 71.0709 11.9317 848 81.3703 394.726 510.166
459 0 73.0442 12.2118 892 81.1984 394.049 510.193
460 0 75.0633 12.1631 913 81.6813 394.441 507.227
461 0 77.0732 11.6902 901 81.0511 394.221 506.397
462 0 80.0774 12.2382 980 81.8806 394.889 504.756
463 0 80.0774 12.2007 977 122.689 394.868 504.728
464 0 86.0782 13.3948 1153 82.0382 394.599 502.683
465 0 88.1178 13.255 1168 83.018 394.455 502.49
466 0 91.1464 14.3944 1312 82.6395 394.246 500.035
467 0 95.1463 13.6737 1301 84.9008 393.824 499.876
468 0 96.1201 13.2751 1276 87.6207 393.057 497.006
469 0 100.189 13.9736 1400 88.1164 392.966 495.741
470 0 100.225 12.9708 1300 92.2469 393.585 496.082
471 0 105.177 13.0922 1377 91.7582 393.653 493.788
472 0 107.205 12.9751 1391 92.2487 392.792 492.456
473 0 110.143 12.6018 1388 95.5187 393.36 490.564
474 1 61.1705 9.90674 606 89.9736 394.376 513.596
475 0 63.188 11.7902 745 90.9785 395.619 512.954
476 0 64.0667 11.6441 746 90.5697 392.194 512.705
477 0 67.0641 12.4955 838 90.6336 392.2 512.137
478 0 70.0604 12.218 856 90.6869 392.159 510.814
479 0 71.0606 12.2853 873 90.6082 392.89 511
480 0 74.0938 12.6866 940 90.6851 392.647 509.086
481 0 75.1268 12.1395 912 92.9978 392.155 508.195
482 0 78.1676 13.2024 1032 90.5368 393.712 506.651
483 0 81.1868 13.007 1056 91.3163 393.83 506.906
484 0 84.1789 12.4853 1051 93.4339 394.316 505.339
485 0 85.1366 13.3315 1135 92.3524 394.058 503.981
486 0 88.1668 13.1455 1159 92.9845 393.613 503.57
487 0 91.1279 12.9708 1182 93.8722 392.969 500.757
488 0 92.1541 13.1085 1208 93.6043 393.842 499.57
489 0 95.0796 12.5579 1194 94.7923 394.056 497.141
490 0 99.1609 13.4731 1336 93.0045 394.028 498.119
491 0 101.129 13.1516 1330 93.7241 393.219 495.939
492 0 103.263 12.7635 1318 94.4681 393.25 493.617
493 0 105.232 12.8098 1348 93.7967 393.932 491.435
494 1 58.2255 10.5796 616 91.1786 394.289 516.195
495 0 55.0167 10.0697 554 89.8682 391.845 514.623
496 0 55.0905 10.0562 554 83.9639 392.495 509.744
497 0 60.1507 11.6208 699 81.5579 391.863 516.399
498 0 62.1724 11.2268 698 80.8152 392.448 517.152
499 0 61.0737 11.7727 719 83.662 392.736 515.789
500 0 65.0628 11.5734 753 83.672 392.876 514.712
501 0 66.1171 12.3871 819 82.0061 392.051 513.209
502 0 68.101 12.0409 820 82.2524 392.413 513.578
503 0 72.1405 12.24 883 81.12 391.895 512.35
504 0 74.0852 12.2157 905 80.6088 393.394 511.853
505 0 75.1339 12.4578 936 86.8397 393.175 509.518
506 0 76.1122 11.6144 884 90.8631 393.148 507.791
507 0 80.0702 12.4391 996 88.0833 392.299 506.551
508 0 82.1557 12.2085 1003 88.9511 392.634 506.565
509 0 84.0522 12.3614 1039 90.2858 392.122 503.319
510 0 87.0778 12.4372 1083 89.8984 392.115 502.51
511 0 89.2012 12.5559 1120 89.5473 391.943 502.025
512 0 93.1377 12.3258 1148 89.297 392.414 502.276
513 1 47.0621 9.00937 424 89.3113 391.91 523.802
514 0 47.0638 9.73147 458 85.1419 391.286 524.264
515 0 50.0272 10.0545 503 85.3996 391.72 523.205
516 0 50.0137 10.5371 527 77.0664 393.708 521.619
517 0 51.0452 10.6964 546 77.044 393.414 523.747
518 0 53.027 11.1453 591 75.3215 392.616 523.264
519 0 55.0466 11.9172 656 74.4146 392.285 521.985
520 0 57.0222 10.9957 627 75.6459 392.338 522.164
521 0 57.0056 11.3848 649 75.1433 392.156 521.434
522 0 56.0656 10.2737 576 78.1962 391.873 521.269
523 0 57.0371 10.3967 593 77.6863 392.341 522.078
524 0 58.122 10.2199 594 78.9091 392.33 520.966
525 0 63.0666 11.2738 711 76.4768 392.489 520.491
526 0 64.0353 11.3687 728 78.3832 392.21 520.058
527 0 65.058 10.9748 714 80.1975 391.873 518.709
528 0 66.069 11.0642 731 80.6772 392.275 518.338
529 0 69.0389 11.2111 774 81.6525 392.314 516.579
530 0 69.0313 11.1109 767 82.0522 392.511 516.167
531 0 74.0588 11.8419 877 79.9259 391.983 514.941
532 0 74.1083 10.7545 797 83.2811 392.058 513.827
533 0 76.0428 11.5461 878 82.9089 392.106 511.591
534 0 77.0445 10.9807 846 83.7104 391.491 512.098
535 0 79.0908 10.8483 858 84.6725 391.237 511.438
536 0 84.1332 11.2084 943 83.5642 391.04 511.485
537 0 85.0874 11.024 938 84.4168 391.346 508.85
538 0 87.0865 11.8962 1036 83.2654 391.012 506.933
539 0 90.0876 11.2224 1011 84.7458 391.642 504.092
540 0 93.122 11.4688 1068 83.8492 391.832 505.456
541 0 95.1291 11.1112 1057 84.8155 391.569 504.558
542 0 100.106 11.5177 1153 83.3487 392.083 502.336
543 0 101.177 10.5558 1068 85.1554 391.338 502.391
544 0 104.089 10.1548 1057 85.4853 390.818 498.322
545 0 107.18 10.5336 1129 84.5775 390.585 497.245
546 1 57.0749 11.2309 641 81.9782 390.878 521.459
547 0 59.0704 11.19 661 81.0242 390.136 520.738
548 0 56.0404 10.8315 607 74.3328 391.267 522.016
549 0 57.0822 9.89801 565 76.4248 390.366 522.927
550 0 58.0359 9.32182 541 79.5786 391.135 520.623
551 0 61.0508 10.2046 623 77.8154 391.226 519.907
552 0 62.0147 9.86862 612 79.3889 391.721 518.319
553 0 65.061 10.1751 662 78.6072 391.278 518.971
554 0 65.0429 9.14781 595 80.0521 391.696 518.497
555 0 68.0754 10.1946 694 80.1225 390.925 516.561
556 0 69.0233 10.185 703 80.6643 391.354 516.575
557 0 70.06 10.3768 727 80.9876 391.304 514.882
558 0 71.0229 10.0531 714 82.4034 391.311 514.003
559 0 74.0309 10.0228 742 81.5849 391.433 512.222
560 0 78.0608 10.3253 806 80.0732 391.408 510.495
561 0 78.0761 10.2464 800 82.4338 391.406 509.348
562 0 83.0561 11.2213 932 78.5172 392.015 504.488
563 0 84.105 10.5344 886 82.3533 392.45 505.914
564 0 88.1048 10.4421 920 82.0141 391.621 505.023
565 0 92.1632 10.6767 984 81.9096 391.6 503.941
566 0 93.109 10.7508 1001 83.2557 391.734 503.158
567 0 97.204 11.3678 1105 83.1321 392.314 499.735
568 0 98.2033 10.9059 1071 84.7432 391.692 500.48
569 0 103.232 12.1958 1259 84.7848 391.754 497.989
570 0 104.279 11.6131 1211 85.5863 392.078 495.89
571 0 109.215 12.6722 1384 84.1908 391.883 496.122
572 0 112.092 12.4719 1398 85.6202 391.775 492.579
573 0 115.231 12.8004 1475 84.8142 391.77 491.902
574 0 118.157 12.7796 1510 87.2603 391.397 490.405
575 0 122.084 12.8682 1571 88.3361 390.965 490.244
576 0 126.108 13.8056 1741 86.6565 390.604 486.848
577 0 128.121 12.6286 1618 90.1632 390.48 486.216
578 0 133.219 13.0763 1742 91.7422 391.228 484.209
579 0 138.145 13.399 1851 91.3517 391.026 481.667
580 0 140.142 12.7585 1788 92.4843 390.456 478.832
581 0 145.149 12.2013 1771 94.5652 389.896 475.866
582 0 150.242 13.0057 1954 94.4268 390.477 475.144
583 0 155.191 13.2031 2049 94.0356 390.759 473.142
584 0 160.182 12.567 2013 96.4113 391.171 471.576
585 0 166.257 13.7558 2287 94.9729 390.768 469.18
586 0 171.217 13.077 2239 98.0223 391.049 464.558
587 0 176.301 12.541 2211 98.9706 391.33 462.999
588 0 180.359 12.9409 2334 98.5506 391.211 457.551
589 0 187.393 12.6365 2368 100.027 391.562 455.009
590 0 194.291 12.543 2437 100.206 391.289 455.387
591 0 198.291 12.759 2530 100.407 391.417 452.777
592 0 204.465 12.6672 2590 101.585 391.337 445.376
593 0 210.437 12.7639 2686 102.344 390.754 442.661
594 0 218.497 13.1352 2870 102.025 390.027 441.687
595 0 224.5 13.4209 3013 102.264 391.103 437.268
596 0 229.384 13.0436 2992 103.536 390.941 434.393
597 0 238.432 13.2658 3163 102.58 390.862 432.997
598 0 245.511 13.4251 3296 102.414 390.883 430.254
599 0 250.425 13.0538 3269 102.988 390.885 422.383
600 0 260.553 13.4675 3509 103.74 390.688 419.301
601 1 270.407 13.9308 3767 101.055 390.686 418.648
602 0 279.416 13.9434 3896 100.799 390.303 414.825
603 1 203.22 12.42 2524 102.009 390.179 450.641
604 0 210.195 12.6216 2653 99.2348 390.597 443.501
605 0 217.508 12.8777 2801 100.539 390.697 433.604
606 0 222.343 12.8225 2851 100.938 389.839 425.181
607 0 232.418 12.9035 2999 100.843 390.413 421.762
608 0 239.38 13.1465 3147 101.177 389.767 418.698
609 0 247.345 12.6867 3138 103.528 390.576 415.897
610 0 254.372 12.8473 3268 104.845 390.294 411.988
611 1 198.301 10.474 2077 105.109 390.193 448
612 0 205.228 11.4945 2359 103.316 389.479 442.522
613 0 211.246 11.4085 2410 102.698 390.334 443.471
614 0 217.25 12.0552 2619 100.494 390.829 441.498
615 0 225.259 12.4701 2809 99.5539 390.112 435.099
616 0 231.409 11.9961 2776 100.428 390.568 429.991
617 0 240.368 12.4309 2988 98.5606 389.676 424.935
618 0 244.411 11.3948 2785 98.9964 390.925 425.906
619 0 253.462 11.3666 2881 98.0344 391.287 420.925
620 0 263.459 11.9259 3142 96.0181 390.597 418.819
621 1 208.186 11.2448 2341 98.8377 390.158 442.926
622 0 214.244 11.4589 2455 94.3006 390.972 439.655
623 0 221.339 11.8732 2628 94.1545 390.811 436.853
624 0 227.306 12.151 2762 93.5956 391.432 434.431
625 0 236.443 12.54 2965 92.1285 391.466 427.982
626 0 242.436 12.4569 3020 93.3301 391.393 423.793
627 0 248.231 12.581 3123 94.6747 391.227 420.105
628 0 254.366 11.9552 3041 96.442 390.906 415.602
629 0 264.486 12.9307 3420 95.4029 390.954 411.182
630 0 271.437 12.6512 3434 98.6459 391.735 409.61
631 0 280.319 13.7343 3850 96.6351 392.005 407.708
632 0 288.355 12.9632 3738 98.13 392.063 402.662
633 0 298.266 12.9683 3868 98.349 391.198 400.988
634 0 305.353 14.773 4511 95.1745 391.299 371.311
635 0 314.411 14.5796 4584 98.9839 391.638 371.876
636 0 323.319 15.0656 4871 97.5327 391.403 368.098
637 0 331.429 14.5763 4831 99.1691 391.477 364.85
638 0 339.323 14.8708 5046 98.3684 390.738 363.409
639 1 275.352 12.642 3481 101.386 390.451 401.557
640 0 283.246 12.6074 3571 103.458 389.893 397.01
641 0 292.241 12.8251 3748 105.946 390.392 392.307
642 0 300.311 13.2762 3987 105.826 389.891 381.448
643 1 66.1021 8.51713 563 86.5861 392.881 507.577
644 0 67.2019 9.95508 669 84.1555 393.031 503.547
645 0 76.0908 11.1446 848 91.5826 390.396 509.243
646 0 78.1608 11.8858 929 89.5511 391.338 512
647 0 80.0846 11.7501 941 89.7736 391.019 509.751
648 0 80.1145 11.3088 906 86.8035 391.855 510.171
649 0 82.165 11.0266 906 86.1236 392.03 506.625
650 0 85.0894 11.0002 936 85.8205 391.838 507.943
651 0 86.1665 9.02903 778 87.2648 390.465 511.365
652 0 86.1565 9.81934 846 82.4196 391.785 510.253
653 0 86.1322 8.4289 726 82.978 392.036 509.657
654 1 51.0753 9.71116 496 81.6915 393.167 524.484
655 0 52.1463 10.087 526 78.8004 394.08 512.791
656 0 51.0719 10.5146 537 77.8641 392.335 523.469
657 0 55.2575 9.881 546 74.6996 392.364 517.636
658 0 56.1028 11.5502 648 89.6358 393.536 520.716
659 1 103.255 10.4111 1075 91.16 393.095 499.573
660 0 110.409 11.3034 1248 88.649 392.28 482.942
661 0 111.541 10.6687 1190 90.4714 391.954 484.017
662 0 111.379 9.53498 1062 94.2608 392.582 488.714
663 0 113.268 9.72913 1102 93.1071 392.878 494.055
664 1 67.1792 12.0127 807 88.3643 393.799 515.828
665 0 69.0576 11.0053 760 90.4605 393.834 516.889
666 0 68.0591 11.49 782 90.8146 394.161 515.602
667 0 72.0476 11.3952 821 89.2875 394.229 514.665
668 0 73.0911 11.3831 832 90.1671 393.349 514.004
669 0 74.0592 11.8419 877 89.919 393.765 513.132
670 0 76.074 11.87 903 90.3699 393.667 511.292
671 0 79.0542 11.9285 943 87.8526 393.8 511.477
672 0 80.0785 12.4503 997 87.3149 394.55 510.46
673 0 82.1199 12.4574 1023 86.8143 393.363 508.865
674 0 85.1444 11.4276 973 88.6023 393.359 506.186
675 1 44.0672 10.4159 459 82.8824 391.475 526.405
676 0 44.0584 9.82787 433 82.9376 391.972 527.48
677 0 46.1784 10.2212 472 76.5191 392.445 525.167
678 0 47.1201 10.4414 492 71.75 393.504 522.087
679 0 48.1871 10.0857 486 74.9732 393.099 521.846
680 0 48.0751 9.88037 475 74.8232 392.947 521.979
681 0 50.078 11.2025 561 78.3886 392.731 523.469
682 0 52.0516 11.5654 602 77.0764 392.394 523.028
683 0 53.0437 11.4057 605 77.6479 392.917 521.744
684 0 56.0519 11.418 640 75.6297 393.05 522.253
685 0 56.0382 11.6885 655 75.1954 394.643 520.139
686 0 58.0447 11.9391 693 73.0216 394.463 519.952
687 0 60.0355 11.6264 698 74.4713 394.004 519.496
688 0 60.0597 11.8216 710 74.2394 393.783 518.206
689 0 63.052 11.8791 749 73.9506 393.845 516.929
690 0 64.1428 12.2227 784 73.3087 393.46 517.454
691 0 68.1038 12.0698 822 72.7251 392.658 515.679
692 0 70.1241 12.0073 842 72.728 393.576 514.804
693 0 72.0594 12.6007 908 71.5892 393.21 515.053
694 0 74.1158 12.2376 907 72.9658 394.019 513.557
695 0 74.0659 12.6104 934 74.4379 393.071 513.031
696 0 77.0618 12.6652 976 74.4508 393.28 512.722
697 0 79.0324 12.9061 1020 75.2304 392.783 511.533
698 0 81.0892 12.0361 976 77.6455 392.777 510.659
699 0 85.0595 12.6147 1073 75.302 393.113 509.903
700 0 86.0532 12.6782 1091 74.3969 392.775 509.214
701 0 89.1494 13.0567 1164 75.2534 393.46 508.381
702 0 94.0888 12.9133 1215 74.7868 392.979 508.07
703 0 95.0903 12.241 1164 78.0258 392.753 504.065
704 1 50.0642 11.3055 566 79.1537 392.426 526.714
705 0 51.0165 10.6044 541 81.2274 392.564 527.545
706 0 55.0426 11.7182 645 79.4264 392.843 526.212
707 0 54.0313 11.7154 633 76.2938 393.036 526.913
708 0 55.0404 11.4825 632 78.5744 392.223 525.654
709 0 57.0179 11.1895 638 77.036 391.903 525.558
710 0 59.0898 12.0494 712 75.0604 392.062 524.504
711 0 58.045 11.6461 676 76.6686 392.336 523.287
712 0 62.0246 11.5761 718 76 392.308 523.33
713 0 62.06 11.9239 740 74.2027 391.834 522.464
714 0 63.0841 11.873 749 74.7837 392.021 522.543
715 0 67.036 11.74 787 73.8005 392.672 521.308
716 0 65.0663 10.205 664 78.8283 393.051 523.134
717 0 67.0764 10.5849 710 78.6761 392.662 520.151
718 0 69.0958 11.0571 764 80.0105 392.421 520.686
719 0 70.0818 11.087 777 81.9241 392.459 519.871
720 0 73.0719 10.7565 786 82.8117 392.515 519.585
721 0 75.1145 10.4108 782 83.2033 392.056 518.143
722 0 77.0775 10.0548 775 84.0387 392.203 517.906
723 0 80.0671 10.7785 863 83.511 392.367 516.243
724 0 83.1476 10.9444 910 82.044 392.693 515.167
725 0 85.1191 10.4442 889 81.7199 392.998 514.723
726 1 48.0573 10.3626 498 86.4639 393.139 530.155
727 0 49.0798 10.3301 507 86.9546 392.836 528.769
728 0 48.0635 10.4653 503 85.9404 392.185 523.026
729 0 47.0829 10.662 502 86.0219 392.49 522.731
730 0 54.0842 11.5376 624 83.2692 393.192 526.522
731 0 55.1057 11.977 660 83.4591 390.72 523.135
732 0 57.0238 11.4514 653 83.1271 393.354 524.789
733 0 58.0588 11.1094 645 83.676 392.73 526.681
734 0 59.0853 12.1858 720 81.2611 393.418 521.989
735 0 61.0308 11.4532 699 82.3076 393.295 521.08
736 0 62.0274 11.4949 713 83.3941 393.058 517.802
737 0 64.0166 11.0909 710 84.2549 393.054 517.154
738 0 65.0184 11.8274 769 83.4447 392.221 517.402
739 0 68.0248 12.1132 824 81.1954 391.674 515.874
740 0 70.1223 12.193 855 83.1497 391.763 514.835
741 0 74.1083 12.873 954 80.0503 391.545 515.126
742 0 75.0584 12.457 935 82.5946 391.822 512.287
743 0 77.0959 11.8035 910 82.1385 391.106 511.945
744 0 80.051 12.3296 987 81.0426 391.046 511.056
745 0 82.0676 11.783 967 82.8831 391.326 508.83
746 1 45.0352 10.2364 461 82.013 392.612 530.484
747 0 47.0482 11.1588 525 80.4152 393.307 527.964
748 0 48.038 11.3244 544 78.7169 393.379 527.928
749 0 49.0308 11.8089 579 86.7651 391.392 526.102
750 0 51.0375 11.7365 599 87.8848 392.292 526.307
751 0 53.0965 11.3002 600 90.2817 393.232 524.84
752 0 55.0412 12.4997 688 87.9738 392.804 523.616
753 0 56.049 12.5426 703 89.3386 392.865 523.186
754 0 57.0559 12.6718 723 90.1521 392.929 522.638
755 0 56.0296 12.4577 698 92.7908 392.941 522.33
756 0 58.0442 12.8867 748 91.9291 392.83 520.972
757 0 60.0833 12.4993 751 92.2157 392.574 521.095
758 0 60.0705 13.0014 781 92.7746 392.794 520.453
759 0 63.0857 12.9665 818 93.0122 392.747 521.127
760 0 65.1101 12.8091 834 93.9928 392.782 520.082
761 0 66.0772 13.1059 866 92.9665 392.393 517.524
762 0 67.1101 13.2022 886 93.2032 393.157 515.96
763 0 70.1426 12.9165 906 94.9724 393.071 515.732
764 0 72.1181 13.159 949 96.1528 393.32 514.174
765 0 74.0887 12.9844 962 96.3295 392.954 513.959
766 0 78.1081 13.5069 1055 95.001 392.848 513.752
767 0 78.079 13.0253 1017 95.6077 393.169 512.803
768 0 82.0837 13.6324 1119 93.5996 392.704 511.735
769 1 45.0162 11.6847 526 96.4848 392.042 530.297
770 0 47.0177 11.4638 539 97.7087 392.57 529.724
771 0 47.0564 11.8156 556 98.536 391.739 527.671
772 0 47.0639 11.7925 555 97.382 392.16 527.553
773 0 50.072 12.1225 607 98.6656 392.247 525.521
774 0 49.054 12.8634 631 98.8384 392.108 524.845
775 0 50.0154 12.2162 611 97.3764 392.167 526.638
776 0 52.0162 11.8425 616 99.6753 393.11 524.791
777 0 56.1235 12.8645 722 98.9529 392.957 496.597
778 0 56.1913 12.1905 685 100.159 392.601 509.061
779 0 57.1225 12.7446 728 99.2761 392.346 523.143
780 0 60.082 12.7992 769 98.9376 392.07 522.441
781 0 60.1635 12.7652 768 99.5612 392.759 520.488
782 0 62.1582 12.7578 793 98.2673 392.773 519.26
783 0 66.251 13.1621 872 97.3326 392.976 516.581
784 0 68.156 13.3664 911 94.8869 392.883 516.217
785 0 69.2806 13.3948 928 95.7198 392.433 515.11
786 0 71.1661 13.2226 941 95.2317 393.273 514.446
787 0 72.1632 12.8459 927 97.8015 392.895 514.838
788 0 75.2147 13.149 989 97.2336 393.303 511.867
789 0 77.1377 13.3916 1033 97.1423 392.932 512.675
790 0 79.2026 12.891 1021 96.1185 394.21 510.902
791 0 81.0814 12.691 1029 93.8134 395.24 511.701
792 0 83.0648 12.7611 1060 94.2132 395.276 511.362
793 0 85.0677 13.0954 1114 89.6023 394.766 508.937
794 0 86.0763 12.1288 1044 92.2969 395.501 507.522
795 0 91.078 12.8901 1174 91.3058 394.618 505.958
796 1 49.1022 11.3641 558 98.6738 394.806 524.722
797 0 49.0333 11.0741 543 96.3241 395.109 526.589
798 0 51.0595 11.5356 589 97.1019 395.747 525.222
799 0 53.0605 12.7025 674 93.0237 395.601 523.81
800 0 54.0424 12.1756 658 85.383 395.351 524.488
801 0 55.0478 11.8987 655 85.7282 395.643 524.412
802 0 57.1151 12.1159 692 83.5434 395.318 523.579
803 0 59.0399 12.6186 745 83.8174 395.004 523.697
804 0 58.0204 11.9096 691 85.4428 394.722 522.799
805 0 62.0334 13.0091 807 82.2639 394.129 522.653
806 0 64.0643 12.8153 821 83.0682 394.453 522.127
807 0 65.0479 12.8367 835 82.8252 394.182 522.42
808 0 68.0567 13.2537 902 81.4878 394.391 520.834
809 0 68.0498 13.4313 914 82.9836 393.641 520.179
810 0 70.0435 12.6065 883 83.3692 393.222 519.504
811 0 72.0404 13.3953 965 81.3472 392.814 518.739
812 0 73.0714 13.042 953 81.9643 392.866 518.381
813 0 75.0806 13.8651 1041 80.9731 393.549 518.018
814 0 79.0266 13.4005 1059 82.1265 393.161 517.109
815 0 82.0865 13.766 1130 80.2611 393.796 515.75
816 0 83.0545 13.2804 1103 82.8404 393.266 515.194
817 0 85.1115 13.4882 1148 82.4329 393.484 513.842
818 0 86.056 13.3169 1146 83.6082 392.558 514.446
819 0 90.055 12.6145 1136 83.4657 392.067 481.793
820 0 90.0774 12.3449 1112 80.8993 392.622 506.292
821 0 94.0714 12.3736 1164 79.6332 392.173 505.595
822 1 46.0163 9.99646 460 78.1978 391.876 526.587
823 0 51.022 12.0536 615 74.2553 391.468 526.192
824 0 51.0749 11.63 594 75.8165 392.754 524.515
825 0 52.0741 12.3286 642 75.6495 392.525 525.136
826 0 54.0991 12.2553 663 76.6531 392.763 523.742
827 0 53.03 12.0309 638 78.7868 391.464 524.85
828 0 57.0332 11.8352 675 77.8948 391.769 523.259
829 0 58.0168 11.8242 686 76.5452 391.85 523.207
830 0 59.0513 12.1251 716 78.7388 391.968 500.535
831 0 61.0594 11.8409 723 78.3167 391.024 509.516
832 0 65.0724 12.7858 832 85.3822 391.189 522.833
833 0 67.0554 13.6753 917 86.8517 392.435 522.533
834 0 70.0562 13.5891 952 86.4548 392.619 521.578
835 0 70.0804 13.5987 953 89.2613 392.997 521.535
836 0 74.0633 13.745 1018 90.002 392.109 518.231
837 0 76.0959 14.1006 1073 89.1137 392.076 516.016
838 0 77.0653 13.3912 1032 91.8682 392.027 513.957
839 0 79.1071 14.2339 1126 90.3606 392.127 511.645
840 0 84.1424 14.5943 1228 88.3192 391.059 509.127
841 0 86.154 14.4393 1244 89.4405 391.586 508.641
842 0 87.1404 14.0348 1223 91.5953 390.68 507.046
843 1 45.0444 11.3666 512 96.4199 391.83 526.305
844 0 46.0567 11.6595 537 93.8026 392.153 526.02
845 0 49.0454 12.0704 592 91.527 391.885 525.443
846 0 51.0285 13.3847 683 87.4202 392.346 526.808
847 0 53.0174 13.9577 740 84.273 390.305 526.922
848 0 53.0121 12.6575 671 87.6587 391.231 526.688
849 0 54.0389 12.639 683 88.0952 391.105 525.104
850 0 56.0149 12.9608 726 87.478 391.313 524.3
851 0 58.0402 13.4734 782 85.9169 391.285 523.029
852 0 58.0278 13.3901 777 87.1338 391.183 522.193
853 0 61.0491 13.5956 830 84.1626 390.763 522.68
854 0 61.043 13.4987 824 87.4951 391.454 521.773
855 0 63.0574 13.7018 864 88.5602 391.101 520.318
856 0 65.0251 13.441 874 88.1808 391.193 519.779
857 0 66.0955 13.1779 871 89.7922 391.421 520.254
858 0 68.0781 13.4992 919 90.6006 391.237 517.645
859 0 71.1791 13.1921 939 91.4515 391.569 517.344
860 0 73.1102 13.5002 987 91.8926 391.426 515.99
861 0 73.1171 13.1843 964 92.3517 390.695 516.175
862 0 76.1362 13.8567 1055 91.8711 390.659 513.535
863 0 80.1646 14.2956 1146 91.1894 390.407 512.752
864 0 81.1937 14.5824 1184 92.0735 391.355 511.698
865 0 84.2022 13.9901 1178 94.8947 391.069 509.476
866 0 86.207 14.4072 1242 95.3816 391.132 506.454
867 0 89.2226 13.8866 1239 97.1808 390.943 504.734
868 0 92.1522 14.1614 1305 97.377 390.316 503.575
869 0 91.1431 13.0564 1190 95.4731 390.185 500.118
870 0 96.0863 13.4254 1290 96.076 390.997 498.032
871 0 99.124 13.5083 1339 95.2405 390.768 496.386
872 1 52.1215 10.3796 541 94.0018 390.774 520.14
873 0 54.147 11.3026 612 92.6062 391.905 520.413
874 0 55.0672 11.4224 629 94.682 392.176 519.437
875 0 58.1283 11.7327 682 98.3387 391.453 519.617
876 0 61.0768 12.8854 787 102.348 390.898 523.29
877 0 63.0854 13.03 822 102.446 391.24 520.264
878 0 65.0905 13.3353 868 100.831 391.518 519.327
879 0 68.1892 13.3892 913 99.6944 391.429 518.209
880 0 69.1545 13.7374 950 98.8495 391.476 518.801
881 0 72.0988 13.745 991 98.6186 391.61 515.49
882 0 73.1387 13.618 996 97.7751 391.712 514.845
883 0 77.1324 13.4444 1037 95.0434 392.08 513.071
884 0 80.09 13.5223 1083 93.0711 391.447 510.464
885 0 81.1954 12.8702 1045 94.6708 391.643 507.166
886 0 82.1794 12.8134 1053 94.2982 391.3 503.77
887 0 82.1802 12.2536 1007 95.9782 391.313 501.945
888 0 86.1614 12.8016 1103 94.6918 391.422 500.56
889 0 88.1185 12.6648 1116 95.6685 391.307 498.757
890 0 93.2038 13.4329 1252 93.6941 391.482 499.133
891 0 95.2512 13.0182 1240 95.3766 391.514 496.624
892 1 49.059 9.43761 463 89.2289 392.555 522.013
893 0 54.0286 11.4939 621 100.438 393.129 521.451
894 0 56.0116 11.9797 671 91.4322 393.027 523.578
895 0 54.066 10.5242 569 85.0053 392.343 520.532
896 0 56.0483 9.77728 548 85.5602 392.144 520.62
897 0 57.0219 11.2939 644 93.5481 392.725 522.756
898 0 60.0414 11.6253 698 91.6103 393.196 521.539
899 0 63.1093 12.5655 793 88.7314 393.285 519.585
900 0 65.0952 11.8288 770 89.2896 393.449 518.855
901 0 67.0719 11.838 794 89.9207 393.309 517.057
902 0 69.0178 12.4606 860 88.9988 393.177 517.26
903 0 72.0757 12.2926 886 90.2551 393.657 515.439
904 0 72.0448 12.0619 869 91.893 393.44 514.583
905 0 75.0416 12.2865 922 92 393 511.808
906 0 79.0733 13.1524 1040 89.6327 393.189 510.695
907 0 81.0953 12.7134 1031 91.3579 393.559 509.383
908 0 82.0332 12.2268 1003 91.682 393.388 507.908
909 0 87.0558 12.6011 1097 91.3674 393.688 506.406
910 0 88.0352 12.4496 1096 92.6451 393.488 504.885
911 0 92.118 12.7554 1175 88.6306 393.763 504.79
912 0 95.0558 12.6662 1204 88.5399 393.702 503.419
913 0 96.0613 12.492 1200 88.3225 393.454 502.267
914 1 52.0188 10.8999 567 90.1534 393.984 524.18
915 0 54.016 10.9227 590 85.6492 393.229 523.392
916 0 56.008 12.284 688 84.923 391.988 523.368
917 0 59.0437 12.6178 745 84.0389 393.6 521.789
918 0 60.0627 12.3704 743 84.9946 393.884 521.66
919 0 61.0275 12.0929 738 86.5434 393.14 521.194
920 0 62.0857 12.1767 756 87.3386 392.414 519.827
921 0 64.1001 11.9501 766 87.5118 392.718 518.625
922 0 67.0512 11.8268 793 87.3165 392.754 516.916
923 0 68.0707 12.2079 831 87.8014 392.611 516.38
924 0 71.1021 12.8829 916 86.7369 392.366 518.986
925 0 72.0942 12.1508 876 88.226 392.691 517.981
926 0 74.108 12.05 893 87.1646 392.133 518.542
927 0 75.2111 11.8068 888 88.4865 392.284 517.187
928 0 79.1991 12.0582 955 87.3403 392.635 516.769
929 0 80.0992 12.3597 990 86.9152 391.823 515.26
930 0 83.1139 12.8137 1065 85.9878 391.713 514.426
931 0 87.1327 12.9228 1126 86.7709 391.008 512.039
932 0 87.1513 11.8874 1036 88.8494 390.93 510.23
933 0 92.1239 12.7654 1176 88.7806 391.031 507.513
934 0 96.1878 12.6731 1219 89.4003 390.327 506.82
935 1 50.0392 11.471 574 87.9408 391.021 531.012
936 0 50.0378 11.6512 583 88.7513 391.969 529.479
937 0 50.0297 11.1134 556 91.2878 389.173 526.935
938 0 52.0362 12.0109 625 90.8496 388.598 527.915
939 0 55.0683 11.8398 652 90.408 390.437 529.276
940 0 57.1973 12.7803 731 88.0438 390.36 527.689
941 0 57.0585 12.6712 723 86.2614 390.472 527.766
942 0 60.0611 12.8203 770 86.1156 389.942 527.884
943 0 61.0293 12.6169 770 85.9779 390.365 526.82
944 0 64.0863 13.513 866 84.3025 390.615 525.637
945 0 66.0617 13.2755 877 85.0331 391.091 526.008
946 0 68.0476 13.4465 915 86.1115 390.372 522.74
947 0 71.0383 13.7531 977 84.7728 390.294 520.507
948 0 73.0899 12.8335 938 87.3859 390.131 520.698
949 0 73.1282 12.7447 932 89.0333 390.408 519.167
950 0 76.0499 13.0967 996 88.9307 390.722 517.448
951 0 79.091 13.731 1086 95.0175 390.378 518.621
952 0 81.1321 14.2237 1154 95.4376 390.732 515.572
953 0 81.1321 14.2484 1156 139.439 391.731 515.542
954 0 87.0469 13.441 1170 98.6453 391.413 514.089
955 0 88.0986 13.6552 1203 96.9842 391.014 513.577
956 0 92.0961 14.2134 1309 86.4866 391.528 511.769
957 0 94.1111 13.8878 1307 88.3298 390.935 509.223
958 0 97.1666 14.3465 1394 86.9512 391.74 508.594
959 0 100.125 13.0437 1306 87.1409 391.159 495.723
960 0 101.204 13.0035 1316 88.6581 390.708 500.001
961 0 107.082 15.2873 1637 92.0996 390.5 500.496
962 0 110.26 14.3479 1582 95.3982 390.46 498.991
963 1 58.0885 12.7048 738 102.672 391.438 524.176
964 0 62.1225 13.2158 821 100.052 391.581 524.224
965 0 63.1352 13.2414 836 102.274 392.299 522.275
966 0 64.1544 13.2805 852 102.023 392.282 523.234
967 0 66.1392 13.1692 871 102.292 392.223 521.938
968 0 69.1357 12.9311 894 103.001 391.283 519.577
969 0 73.1037 13.5834 993 98.29 391.996 518.688
970 0 75.1111 14.2589 1071 96.1055 391.731 517.792
971 0 78.0851 14.3689 1122 95.1399 391.913 516.748
972 0 80.1568 14.1098 1131 95.8161 391.294 515.399
973 0 82.0729 14.1825 1164 94.3136 391.239 513.875
974 0 85.0952 13.8786 1181 94.558 391.668 512.964
975 0 90.0781 15.0425 1355 91.1114 392.159 509.88
976 0 90.1029 13.6622 1231 94.7563 391.804 508.107
977 0 94.037 13.601 1279 94.4605 391.502 505.726
978 0 95.0938 13.9757 1329 94.2506 391.74 504.422
979 0 100.074 13.5001 1351 103.358 392.6 502.87
980 1 50.0292 11.1935 560 100.102 391.907 527.07
981 0 50.1029 10.7179 537 100.441 392.313 525.002
982 0 53.1051 11.9009 632 96.9731 392.353 525.157
983 0 55.1854 12.3402 681 85.8825 392.076 524.932
984 0 56.0861 12.0707 677 86.0044 391.261 524.14
985 0 57.1263 12.3936 708 84.5904 391.897 522.007
986 0 61.1133 12.7141 777 83.5727 391.843 521.458
987 0 61.1531 12.6731 775 86.6064 391.916 519.548
988 0 64.0872 12.9199 828 78.5616 392.645 519.22
989 0 66.0761 12.198 806 80.964 391.607 518.99
990 0 68.0992 12.7608 869 80.3855 392.525 516.634
991 0 72.1197 12.8536 927 92.3754 392.232 518.278
992 0 73.1404 13.3168 974 94.5267 392.256 517.713
993 0 76.0972 13.6667 1040 92.4413 393.01 517.93
994 0 78.1593 13.191 1031 98.0698 392.985 515.048
995 0 80.1281 14.0899 1129 98.4615 392.558 514.424
996 0 82.1263 13.187 1083 101.881 392.198 511.794
997 0 86.1326 13.99 1205 100.655 392.287 511.593
998 0 88.1276 14.2067 1252 101.196 392.993 509.226
999 0 89.1566 13.9081 1240 102.072 392.748 509.078
1000 0 93.2307 14.255 1329 100.902 391.804 506.382
1001 0 96.1641 14.0801 1354 101.304 392.072 506.392
1002 1 51.06 11.7313 599 103.336 392.603 525.713
1003 0 53.0896 12.3376 655 100.389 392.82 525.724
1004 0 52.096 11.7092 610 86.7344 392.703 520.674
1005 0 55.039 12.2822 676 84.2012 393.809 523.951
1006 0 57.028 12.8884 735 88.8354 393.159 526.041
1007 0 58.0365 13.0607 758 88.7599 393.145 524.828
1008 0 59.0383 12.9746 766 90.0679 393.39 522.773
1009 0 62.1004 13.1722 818 87.8068 392.91 524.55
1010 0 62.0672 13.4854 837 88.9319 393.073 524.053
1011 0 64.059 12.2387 784 92.0689 392.929 523.14
1012 0 66.138 13.0485 863 90.613 393.499 522.139
1013 0 67.0909 12.9228 867 90.5998 392.768 519.937
1014 0 71.0919 13.1098 932 89.7768 392.992 519.641
1015 0 72.0392 13.2428 954 90.3669 392.877 518.007
1016 0 74.2421 13.3886 994 90.9376 392.388 515.891
1017 0 76.1434 12.8311 977 93.0471 392.759 515.86
1018 0 80.1115 13.7683 1103 90.583 393.841 514.933
1019 0 81.1159 12.9691 1052 93.8222 393.593 513.593
1020 0 83.0548 13.16 1093 96.5224 392.908 512.253
1021 0 86.1435 13.0248 1122 98.7451 394.339 510.87
1022 0 88.0712 13.0576 1150 99.7661 394.07 509.378
1023 0 92.1047 13.1481 1211 103.078 394.245 508.05
1024 0 95.0766 12.6109 1199 103.167 393.875 506.325
1025 0 97.2924 13.0637 1271 98.3981 394.242 504.616
1026 0 99.1333 12.3268 1222 99.3838 393.839 502.334
1027 0 102.141 12.7765 1305 99.0169 394.388 502.861
1028 1 55.08 11.0929 611 96.6383 394.272 525.751
1029 0 59.0831 11.4923 679 93.9455 393.954 525.352
1030 0 58.1509 11.453 666 93.8318 393.393 523.973
1031 0 62.117 12.1062 752 92.6955 393.314 521.602
1032 0 64.1086 12.9 827 91.769 393.238 521.318
1033 0 66.0939 11.877 785 90.7809 393.427 520.12
1034 0 67.0996 12.1163 813 91.3604 392.886 518.571
1035 0 71.0992 12.6302 898 90.9722 392.568 517.697
1036 0 70.1099 12.4804 875 91.9029 392.515 517.423
1037 0 72.0872 11.7913 850 92.2659 392.679 515.551
1038 0 74.1368 11.8295 877 91.3717 392.674 514.897
1039 0 77.0617 12.2499 944 89.5604 392.676 512.612
1040 0 82.0656 12.2341 1004 88.5807 392.474 511.203
1041 0 84.1007 12.5445 1055 87.6995 392.629 509.192
1042 0 85.1406 12.2621 1044 89.2012 392.868 508.539
1043 0 88.1384 12.435 1096 89.8385 392.265 507.982
1044 0 92.0796 12.5326 1154 88.1958 392.527 507.449
1045 0 93.087 12.5044 1164 89.9278 392.773 505.934
1046 0 95.0671 12.0862 1149 89.4178 391.641 503.59
1047 0 101.081 12.2278 1236 90.4951 392.616 501.642
1048 0 103.121 12.7326 1313 96.3229 392.048 499.032
1049 1 54.0735 10.6152 574 96.446 392.599 527.207
1050 0 58.0827 11.914 692 92.9104 392.772 524.549
1051 0 60.0341 12.1598 730 91.3479 393.045 523.651
1052 0 61.0727 12.1495 742 93.2857 393.094 523.353
1053 0 64.0607 12.9565 830 90.5108 392.813 522.878
1054 0 67.1076 12.9345 868 93.0438 392.984 520.749
1055 0 68.1129 12.7582 869 94.2773 394.037 518.934
1056 0 71.0758 11.9731 851 98.0094 393.843 519.032
1057 0 72.1016 12.9817 936 95.9722 393.448 518.93
1058 0 75.0718 13.1341 986 95.3347 393.707 517.412
1059 0 77.1232 13.2256 1020 96.9559 393.104 516.848
1060 0 79.0877 12.9729 1026 98.3811 393.566 515.562
1061 0 83.0982 13.5382 1125 97.9467 393.635 513.705
1062 0 84.0918 13.509 1136 101.67 393.467 513.588
1063 0 87.1255 13.7273 1196 102.369 393.023 512.685
1064 0 89.0713 14.1909 1264 102.244 392.857 510.078
1065 0 93.1697 13.9745 1302 102.962 393.156 509.854
1066 0 94.1956 13.6631 1287 106.558 392.454 507.737
1067 0 98.2382 14.2205 1397 103.431 393.141 506.135
1068 0 101.142 14.1484 1431 105.434 393.556 505.379
1069 0 102.171 13.5851 1388 107.219 392.978 505.334
1070 1 55.1195 12.4638 687 102.565 393.397 527.847
1071 0 56.0426 11.7232 657 98.9422 392.178 524.594
1072 0 56.0859 11.9816 672 101.101 393.045 521.417
1073 0 61.0536 13.2343 808 111.766 392.491 525.144
1074 0 62.1026 13.365 830 110.823 393.711 524.394
1075 0 65.0598 13.4338 874 111.054 393.556 522.761
1076 0 68.0589 14.2377 969 107.682 393.02 523.116
1077 0 69.1084 13.7754 952 110.786 392.493 521.65
1078 0 72.0859 13.7475 991 110.201 393.539 519.643
1079 0 74.115 14.0592 1042 109.078 393.567 516.959
1080 0 75.1742 13.4222 1009 111.839 393.893 516.911
1081 0 77.1478 13.9343 1075 108.503 393.361 515.489
1082 0 81.126 13.8057 1120 108.529 394.072 514.202
1083 0 82.1314 13.454 1105 109.156 393.469 513.919
1084 0 85.1528 13.7165 1168 104.592 393.719 510.937
1085 0 87.1139 13.7406 1197 102.771 392.424 509.891
1086 0 90.0674 13.6675 1231 103.408 392.581 508.625
1087 0 93.0579 13.9161 1295 103.714 392.062 507.714
1088 0 97.0925 13.4614 1307 105.457 391.904 507.008
1089 0 97.1276 13.3845 1300 119.307 391.708 505.091
1090 0 101.104 13.5405 1369 119.046 392.653 503.099
1091 1 53.0379 11.2184 595 119.074 392.128 526.575
1092 0 55.08 10.3304 569 114.826 392.585 526.814
1093 0 54.0262 10.606 573 109.876 392.192 522.97
1094 0 54.034 11.2522 608 112.51 392.625 521.398
1095 0 61.0394 12.8769 786 122.884 391.692 523.931
1096 0 63.0501 12.9897 819 116.266 391.271 524.247
1097 0 64.0542 12.5831 806 112.337 391.434 523.466
1098 0 66.0684 12.9109 853 110.834 392.147 522.329
1099 0 67.0314 12.1585 815 114.348 393.637 525.454
1100 0 67.0314 12.1734 816 139.599 394.63 525.509
1101 0 71.083 12.7597 907 110.609 393.206 520.335
1102 0 75.1532 12.7207 956 108.165 393 518.969
1103 0 78.0815 13.6012 1062 105.265 392.686 518.625
1104 0 78.1138 12.6994 992 107.396 392.715 517.447
1105 0 82.1015 12.923 1061 106.283 392.434 515.336
1106 0 85.1585 13.4925 1149 104.298 391.823 515.678
1107 0 86.0323 13.0067 1119 106.794 391.672 513.319
1108 0 90.0721 13.2561 1194 106.705 392.084 510.815
1109 0 93.1154 12.855 1197 109.338 391.988 510.774
1110 0 95.1779 12.9232 1230 106.092 392.219 509.5
1111 0 95.1779 12.8811 1226 146.369 392.222 509.555
1112 0 99.1041 12.4818 1237 110.133 392.03 505.445
1113 0 104.209 13.4153 1398 107.353 392.301 504.15
1114 0 108.081 13.5177 1461 107.888 392.296 504.342
1115 1 62.0762 12.1303 753 112.369 391.636 525.066
1116 0 63.1074 11.6943 738 114.827 392.406 525.137
1117 0 66.1557 12.6822 839 112.821 392.445 523.063
1118 0 68.107 12.9208 880 111.934 391.981 521.795
1119 0 69.1966 13.2377 916 112.271 392.454 520.99
1120 0 72.204 12.8802 930 112.469 392.134 519.759
1121 0 75.1835 13.4205 1009 110.17 391.851 518.75
1122 0 77.2235 13.2732 1025 110.911 392.596 517.292
1123 0 80.2792 13.6274 1094 108.589 392.274 515.399
1124 0 81.2842 12.9422 1052 113.119 391.95 513.245
1125 0 86.2543 13.7268 1184 110.118 392.367 512.492
1126 0 89.2106 13.597 1213 110.029 392.603 511.842
1127 0 89.3673 13.0697 1168 113.208 391.78 510.025
1128 0 93.2139 13.4315 1252 112.196 391.526 510.473
1129 0 97.2334 13.2053 1284 112.89 391.699 507.245
1130 0 98.129 13.2886 1304 114.458 391.248 505.37
1131 0 103.182 12.7154 1312 116.274 391.623 504.309
1132 0 105.206 12.87 1354 115.128 392.189 503.362
1133 1 56.0368 10.6002 594 118.806 391.99 527.315
1134 0 58.0284 11.4254 663 116.677 392.446 524.751
1135 0 60.0267 11.7115 703 115.27 391.43 524.852
1136 0 62.0649 11.6652 724 118.32 392.789 524.616
1137 0 64.0389 12.0708 773 105.746 392.862 523.244
1138 0 66.0456 13.1879 871 103.738 393.1 522.295
1139 0 69.1042 12.4016 857 106.379 393.464 521.533
1140 0 69.0413 12.8908 890 106.176 393.074 521.313
1141 0 70.0428 12.835 899 109.863 393.199 521.513
1142 0 75.0819 12.8127 962 108.481 393.456 520.78
1143 0 77.0634 12.9244 996 109.378 393.561 519.675
1144 0 79.0936 13.6421 1079 108.538 393.632 517.691
1145 0 80.0807 13.0244 1043 111.357 392.944 518.686
1146 0 84.0528 13.3607 1123 110.548 393.145 517.434
1147 0 86.094 13.555 1167 112.677 392.15 515.699
1148 0 88.0573 13.5366 1192 114.502 391.945 514.633
1149 0 91.1508 13.8562 1263 117.646 391.136 492.578
1150 0 94.0732 14.3931 1354 102.566 392.394 501.141
1151 0 96.1318 13.5959 1307 105.641 392.122 509.235
1152 0 97.1313 13.8987 1350 105.383 391.586 506.048
1153 0 102.163 14.4083 1472 104.628 391.224 501.238
1154 0 103.113 14.0429 1448 107.434 392.117 499.128
1155 0 105.149 13.4666 1416 108.792 392.064 498.018
1156 0 109.118 13.5816 1482 108.32 391.848 496.521
1157 0 113.128 13.5952 1538 105.433 391.135 483.492
1158 1 57.0184 10.9438 624 103.098 390.083 520.327
1159 0 60.0566 11.8055 709 109.203 392.24 520.685
1160 0 63.1163 12.8493 811 102.875 390.525 521.683
1161 0 67.1033 13.3525 896 99.6596 390.302 521.112
1162 0 68.059 12.6214 859 109.574 390.483 521.373
1163 0 71.1641 12.8155 912 108.39 390.248 521.26
1164 0 73.0809 13.1909 964 107.932 390.55 519.564
1165 0 73.1152 13.4445 983 107.867 390.252 518.912
1166 0 75.0914 13.0774 982 108.105 390.559 518.53
1167 0 80.1055 13.8817 1112 102.943 390.863 517.434
1168 0 80.155 12.9749 1040 106.238 390.679 517.266
1169 0 83.1417 12.9899 1080 104.967 390.681 514.861
1170 0 85.083 13.3282 1134 103.145 390.909 513.891
1171 0 89.0677 12.9003 1149 103.492 390.656 513.645
1172 0 91.0886 12.5263 1141 97.0447 391.045 509.247
1173 0 93.094 12.6754 1180 97.4136 390.966 508.133
1174 0 96.0332 12.9955 1248 97.4639 390.688 506.818
1175 0 97.0664 12.3112 1195 100.129 390.151 504.14
1176 0 101.093 12.6715 1281 99.7158 390.364 502.703
1177 0 103.083 13.0477 1345 98.71 390.365 503.961
1178 0 107.082 12.8313 1374 99.7977 390.376 502.576
1179 0 109.137 13.176 1438 100.749 389.579 498.503
1180 0 113.101 13.2713 1501 100.799 390.25 496.9
1181 1 60.132 11.8905 715 95.4951 389.655 526.099
1182 0 61.0841 11.2468 687 97.2242 390.588 520.978
1183 0 64.0275 11.2764 722 96.7687 390.222 522.338
1184 0 64.0959 12.2629 786 95.43 390.835 524.011
1185 0 68.0712 12.9717 883 93.3726 391.249 523.359
1186 0 67.048 12.2002 818 96.9364 390.973 523.073
1187 0 70.05 13.1192 919 94.2394 391.376 521.237
1188 0 72.0959 12.8301 925 93.3665 391.094 520.29
1189 0 72.0705 13.2925 958 94.8006 391.558 518.461
1190 0 75.0714 13.0409 979 93.0562 390.413 518.064
1191 0 79.0549 13.2566 1048 89.8531 390.555 517.693
1192 0 83.1051 13.1761 1095 90.41 391.312 516.038
1193 0 83.0611 12.5691 1044 93.569 390.739 514.31
1194 0 86.059 13.3164 1146 92.9154 390.705 512.54
1195 0 89.09 12.7175 1133 95.8782 390.124 509.966
1196 0 92.069 13.2075 1216 95.4507 391.265 509.803
1197 0 93.0668 13.0981 1219 96.5349 391.08 506.08
1198 0 96.0807 12.937 1243 99.4344 391.664 507.117
1199 0 100.166 12.9685 1299 99.9299 390.54 501.5
1200 0 102.168 12.822 1310 101.721 390.243 499.656
1201 0 107.089 13.2227 1416 103.154 390.255 499.932
1202 0 111.077 13.3331 1481 101.576 390.45 500.232
1203 0 114.099 13.3305 1521 102.226 391.03 497.416
1204 0 117.216 13.0613 1531 102.278 390.869 494.283
1205 0 122.053 13.8219 1687 101.275 390.755 494.82
1206 1 68.0252 11.187 761 93.1984 390.662 520.752
1207 0 68.1028 10.7778 734 97.3447 391.151 518.356
1208 0 71.0386 11.5712 822 94.8418 390.888 517.661
1209 0 74.0708 12.5961 933 99.0815 391.51 519.204
1210 0 75.0878 11.9993 901 95.5649 391.148 517.143
1211 0 78.1161 11.867 927 97.8414 390.293 514.471
1212 0 79.146 12.0537 954 101.119 389.884 512.012
1213 0 80.1106 11.8212 947 102.662 390.27 511.107
1214 0 84.1087 12.3531 1039 103.165 391.167 509.541
1215 0 88.1994 11.9502 1054 104.364 391.046 510.191
1216 0 92.1072 13.1152 1208 102.965 391.022 511.644
1217 0 94.1186 12.7711 1202 105.391 391.202 510.171
1218 0 95.1081 12.9432 1231 107.056 390.989 507.158
1219 0 97.1664 12.6587 1230 108.82 391.23 506.673
1220 0 102.167 13.1353 1342 106.604 390.781 502.311
1221 0 104.115 12.9953 1353 109.642 390.149 501.993
1222 0 105.114 12.9289 1359 109.636 390.768 500.244
1223 0 108.115 12.7919 1383 109.524 390.732 501.105
1224 0 114.23 13.3853 1529 106.792 390.084 497.789
1225 0 117.264 13.0049 1525 107.935 390.108 493.205
1226 0 121.286 13.3239 1616 107.322 389.806 491.639
1227 0 125.238 13.2228 1656 106.295 390.679 490.957
1228 1 71.1132 11.0247 784 105.597 390.129 518.267
1229 0 74.1229 11.346 841 103.178 390.074 517.59
1230 0 76.0913 11.9067 906 104.541 389.805 515.678
1231 0 79.1346 11.9669 947 106.55 392.427 515.516
1232 0 80.2169 12.6283 1013 109.428 391.178 513.402
1233 0 84.2335 11.9905 1010 109.617 391.213 512.548
1234 0 88.268 12.9945 1147 106.947 390.925 510.213
1235 0 89.2198 12.1834 1087 109.251 391.513 509.539
1236 0 91.2145 13.0133 1187 106.171 391.983 507.722
1237 0 94.2035 12.9613 1221 105.699 391.898 507.77
1238 0 96.1701 12.6755 1219 106.089 392.198 506.06
1239 0 98.1457 13.1947 1295 106.259 391.751 506.097
1240 0 100.212 12.6831 1271 107.204 391.739 504.401
1241 0 105.204 13.1363 1382 104.937 391.996 501.564
1242 0 108.187 13.3565 1445 104.158 391.215 498.496
1243 0 111.24 13.5742 1510 102.384 391.324 497.835
1244 0 114.239 13.2354 1512 103.058 391.878 493.234
1245 0 116.173 12.8429 1492 102.893 392.272 491.557
1246 0 121.186 12.6417 1532 103.968 392.475 489.971
1247 0 125.207 12.691 1589 104.135 391.607 487.497
1248 0 128.232 13.1558 1687 103.497 392.258 484.358
1249 0 131.199 12.8431 1685 103.667 390.901 484.211
1250 0 139.151 14.3297 1994 97.2071 392.092 484.521
1251 1 71.0904 11.3658 808 98.021 392.585 517.402
1252 0 74.0847 12.5937 933 92.6817 393.355 517.269
1253 0 78.0506 12.7994 999 92.4314 391.29 515.606
1254 0 78.1858 12.1889 953 89.7712 391.008 515.185
1255 0 80.1434 12.4651 999 89.7157 391.545 513.98
1256 0 84.1239 12.7312 1071 87.4622 392.331 513.457
1257 0 85.1644 12.0473 1026 88.0575 393.038 511.338
1258 0 88.0911 12.26 1080 87.7565 392.296 509.439
1259 0 92.1097 11.6709 1075 88.707 391.831 508.226
1260 0 94.1513 12.2144 1150 88.0409 392.06 506.272
1261 0 97.1774 12.009 1167 98.4884 391.997 504.305
1262 0 101.117 12.5795 1272 96.3286 391.65 503.05
1263 0 103.063 12.0509 1242 97.7005 391.769 502.964
1264 0 106.21 11.9103 1265 96.9439 392.134 501.478
1265 0 108.13 12.0318 1301 95.5673 391.324 499.321
1266 0 112.216 12.2354 1373 96.0371 391.858 497.599
1267 0 114.221 11.6967 1336 99.0704 392.058 494.873
1268 0 116.232 11.8384 1376 98.843 391.653 493.967
1269 0 122.128 11.7991 1441 100.781 391.436 490.291
1270 0 125.136 11.6193 1454 102.336 391.043 489.318
1271 0 131.168 12.1143 1589 99.6482 391.296 488.369
1272 0 134.321 11.7331 1576 103.172 391.036 483.172
1273 1 74.0894 10.2984 763 100.851 391.903 514.986
1274 0 77.1971 11.1533 861 100.901 391.165 512.984
1275 0 78.0832 11.1932 874 92.6911 391.959 512.947
1276 0 82.0735 11.9283 979 95.0296 392.896 512.297
1277 0 83.0952 11.6854 971 96.7147 392.826 510.116
1278 0 86.061 12.4679 1073 93.9916 393.049 508.531
1279 0 89.1159 12.0629 1075 95.8763 392.516 508.121
1280 0 91.1609 12.3628 1127 95.1837 393.513 508.364
1281 0 93.1184 12.4465 1159 98.1855 392.794 505.173
1282 0 96.0686 12.1476 1167 99.7969 392.836 503.023
1283 0 99.0899 12.5341 1242 99.7738 392.71 502.301
1284 0 103.154 12.7964 1320 100.161 392.248 498.941
1285 0 105.127 12.5657 1321 101.281 392.636 499.038
1286 0 109.099 12.2549 1337 100.848 392.369 496.656
1287 0 112.172 12.3649 1387 101.141 392.164 495.678
1288 0 113.193 12.2357 1385 104.229 392.022 493.432
1289 0 118.229 13.0509 1543 102.854 392.671 492.721
1290 0 120.251 12.3825 1489 107.428 392.672 492.379
1291 0 125.264 12.6133 1580 106.173 392.215 488.494
1292 1 66.1298 9.76867 646 105.998 393.398 516.19
1293 0 61.083 10.1338 619 102.792 393.061 510.037
1294 0 70.2594 11.9272 838 106.141 393.313 516.851
1295 0 71.1718 11.7322 835 107.103 392.88 515.176
1296 0 75.2605 12.3704 931 103.752 392.853 514.776
1297 0 77.2081 12.3692 955 105.024 391.78 513.413
1298 0 78.2829 12.1738 953 105.894 391.674 511.205
1299 0 81.1507 12.3474 1002 105.306 391.855 510.8
1300 0 84.2473 12.404 1045 106.04 392.173 507.788
1301 0 87.2408 13.3997 1169 102.903 391.908 509.622
1302 0 90.2898 13.6782 1235 102.472 392.453 509.525
1303 0 92.3026 13.7483 1269 104.325 392.581 505.353
1304 0 93.3432 13.7021 1279 105.808 391.87 505.417
1305 0 95.3153 13.9642 1331 107.222 392.088 504.125
1306 0 100.36 14.0195 1407 110.375 391.235 501.68
1307 0 102.232 14.2421 1456 110.912 391.502 493.838
1308 0 105.333 13.5191 1424 113.501 391.59 501.108
1309 0 107.26 13.9847 1500 112.839 391.634 500.367
1310 0 108.313 13.7195 1486 114.69 391.561 498.377
1311 0 111.303 14.2405 1585 113.083 391.53 497.939
1312 0 112.335 13.4687 1513 116.634 391.564 499.906
1313 0 112.201 12.5222 1405 116.276 392.172 497.822
1314 0 117.18 12.9032 1512 115.517 392.189 493.921
1315 0 120.153 13.333 1602 111.185 392.316 491.599
1316 0 125.157 13.3912 1676 116.433 392.736 490.078
1317 0 127.107 12.9025 1640 116.861 392.243 487.159
1318 0 128.106 12.4038 1589 120.288 392.127 486.658
1319 1 72.0624 10.1579 732 116.093 392.691 513.887
1320 0 73.099 11.0672 809 112.122 392.509 511.682
1321 0 73.0707 11.003 804 114.643 392.818 510.134
1322 0 78.08 11.9621 934 110.365 391.656 508.906
1323 0 81.0847 10.3842 842 105.862 390.542 509.432
1324 0 86.2204 11.1806 964 101.27 391.18 508.008
1325 0 87.1325 10.8341 944 104.35 391.802 506.537
1326 0 89.139 11.2409 1002 102.558 392.821 505.264
1327 0 91.1062 11.0091 1003 103.051 390.986 503.963
1328 0 93.1406 10.8116 1007 104.352 393.109 503.292
1329 0 95.1239 10.7649 1024 105.236 391.525 502.262
1330 0 99.1081 10.9577 1086 106.451 391.014 498.157
1331 0 103.2 11.4535 1182 103.525 391.076 498.729
1332 0 104.099 11.6812 1216 102.154 390.537 498.741
1333 0 108.125 11.533 1247 101.058 391.067 495.308
1334 0 112.114 11.3902 1277 101.843 391.647 495.765
1335 0 112.131 11.219 1258 101.835 391.186 493.6
1336 0 116.134 11.3231 1315 100.694 389.865 492.153
1337 0 119.23 11.8007 1407 99.2395 390.457 490.164
1338 0 121.1 11.8332 1433 99.1675 390.415 488.781
1339 0 127.195 11.5963 1475 100.224 390.389 486.744
1340 0 129.125 11.5315 1489 100.63 390.087 488.005
1341 0 135.145 11.965 1617 98.5683 390.246 485.035
1342 0 139.165 11.6696 1624 100.49 390.703 482.346
1343 0 142.21 11.926 1696 101.18 390.214 479.986
1344 0 147.15 11.6479 1714 103.375 390.071 477.326
1345 0 150.287 11.8506 1781 104.667 390.047 475.356
1346 0 155.161 11.6911 1814 105.122 390.728 478.291
1347 0 160.155 12.9187 2069 104.459 389.855 475.969
1348 0 167.121 13.3855 2237 106.941 390.179 472.732
1349 0 171.198 12.5995 2157 107.788 389.385 470.366
1350 0 177.36 12.5282 2222 109.81 389.432 467.709
1351 0 181.261 12.4296 2253 110.748 389.77 464.226
1352 0 185.31 12.4116 2300 111.657 389.581 460.48
1353 0 191.234 13.4443 2571 109.294 389.675 457.374
1354 0 197.184 13.1908 2601 110.015 389.522 451.925
1355 0 202.331 13.2654 2684 110.268 389.739 452.802
1356 0 209.289 13.264 2776 110.09 389.694 447.647
1357 0 215.235 13.2739 2857 111.118 390.242 445.448
1358 0 223.353 13.5078 3017 109.692 389.618 445.322
1359 0 228.37 13.0184 2973 114.509 389.552 441.533
1360 0 233.323 13.6034 3174 117.8 389.666 441.363
1361 1 50.0106 9.67795 484 135.87 392.124 533.597
1362 0 56.0326 10.1013 566 95.0159 390.708 530.376
1363 0 56.0251 10.4596 586 95.8959 390.676 529.625
1364 0 58.0795 10.5028 610 95.9016 390.695 529.354
1365 0 65.0903 11.5532 752 90.9548 389.044 524.436
1366 0 64.0675 11.1913 717 93.5021 389.948 524.813
1367 0 68.1583 11.3706 775 92.8658 389.547 522.577
1368 0 69.1609 12.1167 838 90.9272 390.603 521.638
1369 0 70.1266 11.7359 823 93.4617 390.123 522.004
1370 0 74.0734 12.8656 953 91.1553 390.815 519.424
1371 0 78.1224 13.146 1027 90.1207 389.424 517.25
1372 0 80.1382 12.2913 985 93.2467 390.28 517.093
1373 0 81.0918 12.64 1025 98.5541 390.26 516.355
1374 0 86.1745 11.4651 988 103.743 391.027 514.046
1375 0 88.2572 11.7837 1040 102.244 390.242 512.556
1376 0 90.1785 11.2333 1013 103.269 390.417 510.188
1377 0 91.13 11.094 1011 94.4649 391.013 511.799
1378 0 95.1286 11.1954 1065 95.6272 390.392 511.547
1379 1 48.0156 8.85128 425 91.9976 390.889 532.193
1380 0 48.0386 9.72134 467 95.2934 391.415 533.942
1381 0 49.025 10.1785 499 96.505 391.335 533.932
1382 0 50.0507 10.6492 533 98.0338 391.606 532.18
1383 0 51.0401 11.3048 577 88.5875 389.53 533.414
1384 0 51.0229 10.7991 551 89.7441 389.183 533.218
1385 0 54.0995 10.5546 571 86.9492 388.727 531.921
1386 0 54.0331 10.7157 579 85.5268 389.062 531.078
1387 0 54.029 10.9015 589 84.3328 389.183 531.258
1388 0 56.0395 10.7424 602 84.5282 388.85 530.284
1389 0 61.0202 13.3562 815 73.5374 388.845 527.027
1390 0 67.0801 13.7746 924 70.276 388.924 526.763
1391 0 65.0302 13.9474 907 71.9471 388.899 525.615
1392 0 67.0545 13.8842 931 72.102 389.133 526.74
1393 0 65.023 13.5644 882 74.8379 390.367 526.341
1394 0 64.0355 11.6498 746 81.3284 389.954 527.945
1395 0 65.0437 11.5461 751 81.8589 389.674 528.68
1396 0 67.0554 11.7664 789 82.7224 390.355 526.795
1397 0 68.0178 12.8937 877 82.2178 389.733 525.29
1398 0 69.0468 11.9919 828 84.5809 389.849 526.356
1399 0 70.0222 12.2961 861 87.3159 389.323 522.429
1400 0 72.0717 11.7522 847 89.2172 390.117 522.006
1401 0 73.0279 11.8722 867 91.3472 389.856 521.464
1402 0 74.0817 12.0543 893 93.5398 390.272 520.449
1403 0 75.0457 11.7795 884 96.5701 390.451 520.721
1404 0 78.0858 11.8972 929 97.6136 390.665 517.878
1405 0 81.0858 12.2833 996 97.1094 390.681 517.783
1406 0 83.1197 12.8369 1067 96.4686 389.714 515.178
1407 0 86.0898 12.9516 1115 98.0072 390.055 516.412
1408 0 87.151 12.7824 1114 99.6023 390.071 515.257
1409 0 91.1213 12.9059 1176 100.876 390.334 512.164
1410 1 51.0254 10.4066 531 109.885 390.584 531.62
1411 0 52.0566 10.6615 555 108.106 390.45 530.802
1412 0 52.0404 11.8754 618 105.184 390.123 528.989
1413 0 54.0613 11.8569 641 99.1264 390.442 531.262
1414 0 53.1364 11.9316 634 102.035 389.94 528.016
1415 0 57.0462 12.0955 690 97.2014 390.372 529.833
1416 0 60.0954 12.7464 766 94.5666 390.377 527.873
1417 0 60.0521 12.4559 748 96.2848 390.722 527.804
1418 0 61.0907 12.5715 768 95.6328 391.126 526.32
1419 0 63.0812 12.0797 762 96.1037 389.707 525.58
1420 0 65.0718 12.9703 844 92.9265 390.25 524.96
1421 0 66.0773 12.7427 842 92.9715 389.777 525.51
1422 0 68.0769 13.0735 890 93.518 390.183 524.022
1423 0 69.0649 12.6258 872 93.9163 390.404 522.656
1424 0 71.0497 12.639 898 93.4555 390.937 521.315
1425 0 74.0545 12.9904 962 92.8378 391.122 519.554
1426 0 75.0926 12.5978 946 92.8636 390.633 520.038
1427 0 76.0977 13.4432 1023 91.5445 391.456 516.583
1428 0 77.0705 12.7156 980 94.3214 391.649 516.443
1429 0 80.0718 13.1882 1056 93.1354 390.755 513.304
1430 0 83.0363 12.633 1049 93.7512 390.807 514.462
1431 0 84.0505 12.4806 1049 93.346 391.396 514.424
1432 0 83.0321 11.7906 979 95.5792 391.208 512.089
1433 0 88.0552 12.3105 1084 92.8792 390.513 511.525
1434 0 89.0838 11.9438 1064 93.7246 391.415 509.124
1435 0 91.0374 11.5447 1051 95.5214 391.503 508.624
1436 0 96.0386 12.3076 1182 92.8113 391.096 506.848
1437 0 98.092 11.9072 1168 92.9452 391.164 505.652
1438 0 101.127 11.4608 1159 92.6928 391.236 504.91
1439 0 105.045 12.2995 1292 90.9721 390.766 504.342
1440 1 60.0276 11.578 695 91.5698 390.004 523.902
1441 0 61.0367 11.2391 686 91.6283 389.876 523.736
1442 0 61.1264 11.239 687 88.0961 391.071 519.993
1443 0 64.0704 11.3781 729 87.5871 390.487 521.07
1444 0 67.0832 11.7019 785 85.0293 390.791 518.48
1445 0 68.0561 12.2105 831 84.2094 390.353 516.528
1446 0 69.0769 12.059 833 84.5582 390.748 516.46
1447 0 72.078 12.2784 885 83.026 390.337 515.167
1448 0 76.0356 12.1785 926 81.8045 390.905 513.32
1449 0 75.0894 11.8659 891 83.2581 390 511.598
1450 0 79.0709 12.5457 992 81.7419 390.088 510.316
1451 0 81.0624 11.5837 939 83.2332 390.407 508.886
1452 0 85.0356 12.6418 1075 81.2781 389.82 506.878
1453 0 87.034 12.0872 1052 83.5913 390.553 504.064
1454 0 91.0256 12.2163 1112 83.7491 390.63 503.847
1455 0 93.0266 12.0718 1123 85.3972 390.782 503.312
1456 0 94.1368 12.0569 1135 86.4899 389.941 501.771
1457 0 98.0987 12.467 1223 87.314 390.285 500.754
1458 0 101.103 12.1955 1233 87.5604 390.899 498.58
1459 0 104.112 12.1792 1268 93.7602 390.678 497.258
1460 0 108.051 11.4575 1238 96.9176 389.734 494.766
1461 0 112.038 12.1744 1364 94.1906 390.513 494.172
1462 0 115.125 12.317 1418 94.8808 390.575 493.655
1463 0 119.26 13.0387 1555 94.9543 391.114 489.639
1464 0 123.06 12.5793 1548 92.4664 389.786 490.311
1465 1 68.0308 10.3483 704 88.1335 389.246 518.824
1466 0 70.0466 10.5216 737 84.6364 389.096 515.528
1467 0 74.0604 11.3286 839 83.3445 388.468 514.807
1468 0 75.0292 11.3156 849 83.6949 388.39 513.558
1469 0 79.0452 11.3859 900 84.01 389.064 512.682
1470 0 79.0254 11.6545 921 85.6764 389.271 510.041
1471 0 83.0376 12.2234 1015 84.2512 389.539 510.115
1472 0 84.0693 12.1804 1024 86.0107 389.181 508.615
1473 0 87.0293 11.6053 1010 87.0911 389.714 506.262
1474 0 91.0991 12.6017 1148 85.142 388.976 507.377
1475 0 93.0375 12.4788 1161 85.789 389.346 504.661
1476 0 94.0454 11.6008 1091 89.0312 389.012 503.497
1477 0 99.0469 12.4385 1232 86.9513 389.442 501.538
1478 0 99.0709 11.4564 1135 90.2485 388.529 499.725
1479 0 104.091 12.2969 1280 87.1734 389.459 498.285
1480 0 107.125 11.6686 1250 87.232 389.07 499.239
1481 0 109.126 11.867 1295 86.9212 389.742 496.181
1482 0 109.067 10.9933 1199 89.3862 389.222 491.912
1483 0 113.062 11.2328 1270 89.1567 389.546 492.976
1484 0 117.095 12.1611 1424 85.2626 389.242 491.519
1485 0 119.082 11.026 1313 87.4653 389.653 488.344
1486 0 124.075 11.3641 1410 85.6986 389.16 486.735
1487 0 127.099 11.1802 1421 85.9712 389.809 485.255
1488 0 130.111 11.3749 1480 86.3419 389.779 482.981
1489 0 134.089 11.5371 1547 86.1804 389.827 481.439
1490 0 139.054 10.895 1515 87.6449 389.267 481.073
1491 0 145.116 11.4116 1656 87.7711 389.487 477.514
1492 1 82.1067 10.5594 867 87.2168 389.943 509.201
1493 0 84.0833 10.9772 923 88.9968 389.898 506.189
1494 0 88.1363 11.8453 1044 88.7376 389.993 507.81
1495 0 87.1477 11.1879 975 83.8605 389.625 500.429
1496 0 89.0404 10.6244 946 86.7357 389.377 497.134
1497 0 93.082 10.8829 1013 85.8756 389.811 496.043
1498 0 95.0685 11.3076 1075 85.1293 389.825 495.312
1499 0 99.1564 11.3255 1123 84.9982 389.753 494.134
1500 0 102.135 11.1715 1141 85.6731 389.591 489.545
1501 0 105.115 11.8631 1247 83.0104 389.56 488.16
1502 0 106.088 11.7544 1247 83.4988 391.213 486.349
1503 0 113.101 11.0962 1255 76.0382 389.999 489.155
1504 0 118.124 11.4879 1357 82.5615 389.839 492.287
1505 0 121.069 11.9188 1443 83.1178 389.457 491.351
1506 0 127.21 12.0195 1529 81.0268 389.153 489.906
1507 1 70.1142 10.9536 768 76.5443 390.85 516.608
1508 0 74.0869 11.2301 832 76.6346 390.84 515.304
1509 0 75.1803 11.3594 854 75.9742 389.801 513.988
1510 0 78.1378 12.3116 962 74.4667 389.687 512.897
1511 0 80.1201 11.7573 942 76.1433 390.276 512.24
1512 0 84.1757 12.3551 1040 76.6587 389.99 511.575
1513 0 83.1361 11.8841 988 79.6235 389.766 509.705
1514 0 87.0929 11.7576 1024 79.3984 389.568 509.854
1515 0 88.105 12.644 1114 80.2478 389.791 507.274
1516 0 93.2483 12.1718 1135 80.5885 390.367 506.796
1517 0 94.1411 12.3432 1162 81.642 390.077 505.129
1518 0 97.117 12.2842 1193 86.088 390.063 503.041
1519 0 100.143 12.7917 1281 81.1226 389.858 501.74
1520 0 102.158 12.4709 1274 82.894 389.991 501.074
1521 0 105.121 12.0623 1268 84.7279 390.783 499.543
1522 0 109.167 11.8259 1291 84.7955 391.009 496.157
1523 0 113.174 12.0257 1361 87.5503 390.619 495.379
1524 0 117.254 12.1189 1421 85.342 390.834 495.173
1525 0 118.099 12.2609 1448 88.9378 390.818 491.742
1526 0 122.197 12.087 1477 88.7184 390.953 490.441
1527 0 126.266 12.4578 1573 88.2556 391.104 487.81
1528 0 129.284 11.5172 1489 90.6454 390.986 484.315
1529 1 65.151 10.3145 672 83.5372 391.062 518.507
1530 0 66.1643 11.154 738 82.2669 391.473 518.015
1531 0 68.1621 10.5924 722 85.3643 391.442 515.953
1532 0 71.257 12.1953 869 86.8377 391.517 516.514
1533 0 74.2307 13.4311 997 89.5045 391.273 516.053
1534 0 76.0544 13.464 1024 87.957 390.017 517.598
1535 0 77.0579 13.8467 1067 88.6373 390.679 517.346
1536 0 78.0929 13.3815 1045 91.066 389.54 516.421
1537 0 81.0628 13.3723 1084 91.5489 389.979 512.98
1538 0 83.0951 14.0682 1169 90.6612 389.566 512.041
1539 0 84.0618 13.5139 1136 93.6479 389.581 510.145
1540 0 86.1008 13.7513 1184 92.8623 389.869 510.638
1541 0 87.0627 13.6109 1185 93.9553 389.695 509.046
1542 0 87.0486 12.4298 1082 100.006 389.522 508.028
1543 0 90.0786 12.1783 1097 98.9772 389.573 507.995
1544 0 91.0507 12.3448 1124 99.9956 389.555 507.196
1545 0 94.0367 13.0162 1224 98.04 389.993 506.459
1546 0 94.0367 13.0375 1226 156.44 390.993 506.426
1547 0 99.0268 12.4108 1229 99.9699 389.487 504.828
1548 0 100.065 12.5619 1257 101.928 390.102 503.021
1549 0 103.058 12.7113 1310 100.736 389.932 502.156
1550 0 106.067 12.5864 1335 101.46 390.615 502.757
1551 0 110.03 12.8874 1418 100.638 390.482 500.136
1552 0 112.118 12.6117 1414 101.07 390.105 497.071
1553 0 117.041 12.8587 1505 100.59 390.628 492.591
1554 0 121.047 12.8627 1557 100.674 389.689 491.454
1555 0 121.13 12.4164 1504 103.102 389.499 490.681
1556 0 128.038 13.5741 1738 100.446 389.335 489.72
1557 0 129.097 12.417 1603 102.499 389.027 486.51
1558 0 134.112 12.2807 1647 102.732 389.595 484.044
1559 0 140.128 12.7241 1783 101.136 389.2 481.136
1560 0 144.119 12.9338 1864 102.315 389.662 480.954
1561 0 148.125 13.5899 2013 100.375 389.112 477.279
1562 0 152.137 13.2643 2018 102.412 389.624 474.929
1563 0 156.117 12.9582 2023 100.761 389.692 473.719
1564 0 161.111 12.6683 2041 100.19 389.221 469.378
1565 0 163.212 11.8374 1932 101.055 390.28 464.138
1566 0 162.254 11.3402 1840 97.2799 390.012 456.739
1567 0 170.307 11.4382 1948 96.54 389.956 453.627
1568 0 174.189 10.8101 1883 97.5826 390.141 450.688
1569 0 178.164 11.018 1963 99.2975 390.56 448.283
1570 0 183.184 11.9606 2191 96.5892 389.665 447.277
1571 0 190.317 11.6385 2215 96.484 389.4 442.35
1572 0 191.323 10.9867 2102 98.4857 389.548 435.479
1573 0 205.301 11.6804 2398 96.8907 389.932 435.214
1574 0 208.219 11.6608 2428 98.7718 390.429 427.652
1575 1 47.0747 8.83701 416 71.375 390.99 526.673
1576 0 44.067 9.75787 430 77.4907 390.181 529.135
1577 0 50.0354 9.53326 477 77.0147 389.264 526.618
1578 0 53.0673 10.4961 557 76.4524 390.452 526.233
1579 0 55.0496 11.1717 615 75.735 390.049 526.05
1580 0 54.0567 10.2485 554 79.1661 389.354 525.428
1581 0 56.0272 10.4592 586 78.7218 389.597 523.971
1582 0 59.0432 10.45 617 77.9157 389.663 522.511
1583 0 60.0262 11.2951 678 77.6475 390.798 521.404
1584 0 60.0253 11.2286 674 113.383 391.815 521.371
1585 0 64.0308 10.8229 693 79.6306 390.453 521.98
1586 0 65.0407 10.8547 706 81.5028 390.473 520.819
1587 0 66.0412 10.3117 681 84.0969 391.068 521.584
1588 0 68.0298 10.5101 715 83.1399 391.179 523.15
1589 0 70.0294 10.3242 723 84.5643 390.314 519.069
1590 0 70.0294 10.3814 727 127.824 390.31 519.03
1591 0 72.0798 10.0999 728 88.2857 389.96 519.14
1592 0 74.0406 10.6968 792 87.7992 390.394 516.938
1593 0 76.0728 10.6477 810 88.1099 389.993 515.885
1594 0 78.0472 10.5962 827 87.9468 390.653 516.904
1595 0 80.0362 11.1575 893 87.2609 390.652 514.541
1596 0 84.0907 11.4162 960 85.9802 391.209 513.603
1597 0 86.0792 11.1641 961 87.5754 390.932 511.018
1598 0 89.0493 12.1618 1083 92.2096 390.336 508.301
1599 0 91.0484 12.5538 1143 92.2852 390.578 507.317
1600 0 94.1665 12.1593 1145 93.1948 390.778 503.943
1601 0 97.2016 12.1912 1185 93.7806 391.065 501.862
1602 0 98.0741 11.9705 1174 94.8944 390.796 501.765
1603 0 102.131 12.1511 1241 94.2699 391.41 499.024
1604 0 105.081 12.8567 1351 92.8771 391.043 499.852
1605 0 109.062 13.0843 1427 92.5004 391.747 499.769
1606 0 109.196 12.995 1419 93.1388 391.363 497.678
1607 0 114.108 12.6897 1448 92.7921 391.669 494.152
1608 0 115.079 12.8521 1479 93.3063 391.619 492.834
1609 0 117.103 12.7153 1489 91.955 390.934 491.694
1610 0 121.087 13.131 1590 89.6195 390.843 487.955
1611 0 124.089 12.6281 1567 90.6688 390.695 482.389
1612 0 129.184 12.7493 1647 91.7177 390.264 481.539
1613 0 129.217 12.2197 1579 93.3287 390.774 479.404
1614 0 135.211 12.2549 1657 92.3005 390.765 474.992
1615 0 141.129 12.6339 1783 89.77 390.368 475.133
1616 1 79.0872 10.0269 793 87.9874 390.456 505.486
1617 0 83.1519 10.8957 906 87.2219 391.046 503.763
1618 0 85.1013 11.8095 1005 85.997 390.426 500.293
1619 0 86.1431 10.9237 941 88.8108 390.288 501.02
1620 0 89.1499 11.5984 1034 87.089 390.306 499.646
1621 0 93.1825 11.6867 1089 86.2691 389.544 500.357
1622 0 97.1957 11.873 1154 84.6872 389.995 498.692
1623 0 101.238 12.11 1226 85.2781 390.28 495.782
1624 0 102.216 13.4421 1374 87.7234 390.18 499.285
1625 0 103.269 12.8984 1332 88.2155 390.903 497.076
1626 0 107.174 12.8669 1379 88.3691 390.601 496.529
1627 0 110.229 12.093 1333 89.5956 390.512 494.862
1628 0 112.237 12.7409 1430 86.949 389.05 493.561
1629 0 118.195 12.5047 1478 86.5501 389.613 490.712
1630 0 122.245 13.4238 1641 84.6478 389.694 488.112
1631 0 124.225 12.7994 1590 86.7365 389.904 484.069
1632 1 64.0984 10.3747 665 88.7068 390.55 516.186
1633 0 71.2939 11.5999 827 86.7412 390.47 516.504
1634 0 72.1016 11.6641 841 86.3329 389.967 514.118
1635 0 73.2631 11.8614 869 89.305 390.741 511.671
1636 0 79.2652 12.3257 977 85.0256 390.158 515.037
1637 0 78.2849 11.5731 906 87.9779 389.651 513.517
1638 0 82.2267 12.5385 1031 85.7042 390.016 512.452
1639 0 84.2234 12.7874 1077 85.4401 389.487 512.691
1640 0 86.2756 12.3557 1066 86.9887 389.558 510.054
1641 0 89.2285 11.3193 1010 79.8832 389.345 510.852
1642 0 90.1516 10.7818 972 82.3457 389.975 508.657
1643 0 92.1779 11.1849 1031 81.7342 389.588 506.715
1644 0 95.2578 12.209 1163 81.0602 389.937 506.386
1645 0 99.2314 12.5364 1244 80.0064 389.489 505.221
1646 0 102.286 11.8687 1214 82.7586 390.303 502.39
1647 0 104.264 11.8353 1234 83.9611 389.943 500.972
1648 0 108.336 12.0182 1302 84.5346 389.762 499.426
1649 1 62.2909 11.2055 698 83.7292 390.123 522.815
1650 0 63.2603 11.508 728 84.5137 389.591 519.606
1651 0 65.1694 10.8793 709 85.481 390.145 520.295
1652 0 68.302 11.6541 796 82.5163 390.095 517.475
1653 0 69.1327 11.6732 807 84.1375 390.545 518.021
1654 0 71.259 12.0546 859 83.44 390.286 519.157
1655 0 75.2047 12.5923 947 81.8163 390.853 517.314
1656 0 78.2565 13.0596 1022 80.5558 390.33 515.434
1657 0 78.1954 12.5455 981 82.0601 390.818 515.106
1658 0 80.1425 12.5027 1002 83.001 389.498 513.847
1659 0 82.2394 13.3026 1094 80.8985 390.391 512.61
1660 0 85.1875 12.4549 1061 82.3516 390.738 510.33
1661 0 89.2626 13.2642 1184 79.7669 390.3 508.848
1662 0 92.2378 13.0424 1203 81.2643 390.316 506.891
1663 0 95.2703 13.1835 1256 80.0016 389.79 504.776
1664 0 98.2813 12.6881 1247 81.1323 389.97 504.142
1665 0 101.348 12.7975 1297 81.6847 390.537 501.422
1666 1 56.1692 11.4298 642 87.581 390.607 521.235
1667 0 55.0791 10.8208 596 86.1544 390.072 518.82
1668 0 55.1033 11.179 616 79.1834 389.808 516.071
1669 0 61.0864 10.8535 663 86.009 389.719 516.621
1670 0 62.1536 11.4072 709 85.3893 390.427 516.151
1671 0 65.0968 11.7824 767 85.0847 389.618 515.853
1672 0 67.099 12.0121 806 86.9082 389.573 517.148
1673 0 68.1486 11.3722 775 84.64 389.239 514.587
1674 0 69.0592 11.5843 800 84.5788 390.026 514.525
1675 0 72.1847 11.7338 847 83.0992 390.208 513.731
1676 0 74.1286 11.3182 839 84.1526 389.99 512.445
1677 0 75.0989 11.9176 895 84.0559 390.355 513.182
1678 0 79.2257 12.0289 953 83.3578 390.74 513.65
1679 0 84.2267 12.5376 1056 82.8134 391.176 511.561
1680 0 83.1034 11.9129 990 84.7556 390.076 510.791
1681 0 87.0572 12.2448 1066 85.0891 390.178 509.685
1682 0 89.1559 12.809 1142 84.62 389.678 507.982
1683 0 92.1159 13.0705 1204 86.652 389.996 507.6
1684 0 92.1159 13.0705 1204 156.336 391.001 507.549
1685 0 95.1342 12.0041 1142 91.6322 390.123 504.967
1686 0 100.129 12.6536 1267 89.3568 389.133 505.711
1687 0 103.124 13.0522 1346 88.5802 389.859 503.206
1688 0 105.107 12.6919 1334 89.9738 390.465 501.728
1689 0 108.12 12.6156 1364 87.75 390.296 501.334
1690 1 62.132 11.4756 713 85.2216 390.076 524.881
1691 0 62.0733 10.9226 678 86.9425 390.242 523.923
1692 0 63.0363 11.3744 717 86.06 390.538 522.089
1693 0 64.0987 11.7631 754 87.2626 390.814 519.418
1694 0 67.2756 12.3076 828 85.9662 390.528 519.101
1695 0 69.1653 12.8966 892 84.1435 389.592 515.28
1696 0 70.2812 12.6776 891 87.6083 389.598 514.447
1697 0 73.2321 13.3002 974 86.6632 389.39 514.05
1698 0 74.073 12.9602 960 87.3917 389.989 513.607
1699 0 77.0567 13.0942 1009 87.6838 389.28 513.886
1700 0 79.0564 14.1292 1117 84.8308 389.551 513.32
1701 0 82.0947 13.8255 1135 85.1938 389.157 510.664
1702 0 82.0598 12.6249 1036 88.5734 389.96 509.278
1703 0 85.1214 13.2282 1126 87.0577 390.124 508.702
1704 0 87.1118 13.0866 1140 86.7246 390.575 506.914
1705 0 88.0645 12.6158 1111 81.2871 389.603 508.159
1706 0 92.0711 12.5881 1159 81.7722 390.541 507.483
1707 0 91.0916 12.3831 1128 83.6206 390.546 505.439
1708 0 96.0409 12.4739 1198 82.4482 390.895 504.521
1709 0 99.0492 12.5493 1243 81.8673 390.145 503.395
1710 0 104.078 12.8942 1342 80.1088 389.584 498.94
1711 0 105.121 12.4428 1308 81.4159 390.615 498.965
1712 0 111.217 13.2534 1474 80.4471 389.98 496.979
1713 0 112.221 13.2061 1482 81.7915 390.802 495.823
1714 0 115.095 11.8076 1359 84.6932 390.642 494.177
1715 0 119.08 12.5378 1493 83.5291 391.145 492.536
1716 0 124.084 13.5956 1687 82.3995 390.392 491.397
1717 0 127.131 13.1439 1671 86.6655 391.062 489.086
1718 0 130.071 12.6085 1640 87.8085 391.138 487.126
1719 0 136.137 12.6784 1726 88.7839 391.492 482.857
1720 0 141.167 13.0626 1844 89.1546 390.405 481.334
1721 0 145.203 13.9805 2030 92.1335 391.496 478.042
1722 0 149.16 13.9112 2075 92.4824 390.491 478.046
1723 0 152.127 13.5019 2054 94.1334 390.717 474.287
1724 0 157.174 14.0736 2212 92.5949 390.63 471.016
1725 0 162.236 13.1907 2140 96.5122 390.807 468.275
1726 0 169.145 14.7625 2497 92.509 390.755 468.791
1727 0 175.181 15.0816 2642 92.2453 389.92 464.397
1728 0 180.206 14.772 2662 93.34 389.792 461.905
1729 0 186.227 15.0837 2809 95.9808 390.32 459.569
1730 0 190.294 15.0136 2857 96.9013 389.856 455.323
1731 0 194.253 14.6356 2843 97.9824 390.091 454.691
1732 0 201.393 14.6083 2942 97.382 389.683 449.991
1733 0 209.459 15.0053 3143 94.1359 389.505 445.155
1734 0 215.448 14.5882 3143 94.7887 389.871 441.628
1735 1 49.2381 10.6422 524 89.5477 391.281 523.906
1736 0 52.159 11.5991 605 90.2198 390.117 526.101
1737 0 52.0805 11.7894 614 94.0537 389.275 525.56
1738 0 55.0716 12.1478 669 92.843 390.055 525.623
1739 0 57.0862 12.8578 734 91.8202 390 525.842
1740 0 57.047 12.1654 694 96.183 390.499 523.768
1741 0 57.0706 11.3193 646 91.9969 390.257 524.793
1742 0 58.0733 11.8643 689 92.9927 389.597 523.26
1743 0 61.0745 11.5105 703 92.5107 390.306 522.791
1744 0 63.0787 11.8423 747 93.7095 390.62 521.487
1745 0 64.2152 11.6639 749 94.0894 389.903 520.754
1746 0 67.1102 11.6376 781 95.0666 389.545 519.138
1747 0 70.1567 11.9732 840 94.556 388.763 518.073
1748 1 23.0399 8.15974 188 83.8404 389.649 543.213
1749 0 23.0584 9.15068 211 84.6303 389.976 542.768
1750 0 23.0642 9.10502 210 85.0429 389.705 541.51
1751 0 23.0642 9.19173 212 121.877 388.684 541.594
1752 0 25.046 9.62231 241 81.5934 390.979 541.394
1753 0 26.0483 9.13686 238 83.5462 390.971 541.504
1754 0 26.0281 10.1429 264 80.2576 391.08 541.792
1755 0 25.0153 10.0339 251 82.9044 390.996 540.809
1756 0 25.0512 9.8598 247 79.3482 391.101 541.19
1757 0 24.0319 9.15449 220 80.9364 391.105 541.277
1758 0 24.0161 9.03561 217 81.6406 391.631 540.313
1759 0 27.0018 9.36974 253 78.2055 391.387 537.21
1760 0 26.0702 9.01414 235 81.3489 391.23 532.732
1761 0 29.2376 9.98715 292 79.9178 389.024 535.712
1762 0 26.168 9.40079 246 83.5406 389.301 534.073
1763 0 29.1425 10.157 296 81.8378 389.152 534.301
1764 0 28.2034 9.1833 259 87.7683 389.467 534.181
1765 0 28.1244 10.8447 305 84.5574 388.738 534.331
1766 0 27.2112 9.73864 265 88.4415 389.389 535.815
1767 0 27.2046 9.5572 260 88.4962 389.665 535.515
1768 0 29.0945 9.79566 285 87.2877 389.695 536.186
1769 0 29.0554 9.63676 280 90.3571 390.686 536.45
1770 0 29.1361 10.0219 292 89.3596 390.281 537.445
1771 0 30.1219 10.3911 313 87.6262 390.045 537.326
1772 0 28.0933 9.82442 276 89.2355 389.518 538.014
1773 0 28.2018 10.0703 284 90.1408 389.711 536.06
1774 0 30.1942 9.04148 273 89.9341 389.623 534.542
1775 0 28.1496 9.05874 255 89.9686 389.953 535.341
1776 0 31.1042 9.48424 295 91.4847 389.783 535.82
1777 0 29.0076 9.89395 287 87.9965 391.279 536.99
1778 0 31.0092 9.28755 288 87.5 391.792 537.257
1779 0 31.0373 9.3436 290 88.3448 392.031 538.152
1780 0 31.0454 9.66328 300 86.5167 391.41 537.26
1781 0 31.0112 9.31922 289 85.0519 392.121 537.519
1782 0 31.015 10.0919 313 83.5623 391.297 536.355
1783 0 32.0296 10.4278 334 83.509 391.889 536.686
1784 0 32.0122 9.71506 311 84.2444 391.309 536.469
1785 0 32.0195 10.3999 333 83.2282 390.934 535.667
1786 0 33.0775 9.61378 318 86.0598 390.327 535.748
1787 0 33.1107 8.81891 292 86.0411 390.64 534.949
1788 0 32.0579 10.6994 343 84.9009 391.213 536.86
1789 0 35.1256 9.62261 338 85.7929 391.237 536.142
1790 0 33.0902 10.1238 335 85.8478 390.451 535.567
1791 0 33.1082 9.42365 312 87.5897 390.66 535.077
1792 0 34.0975 10.3527 353 87.3966 390.068 534.867
1793 0 36.0767 9.97874 360 85.9528 391.172 535.744
1794 0 36.0815 10.0883 364 85.8434 390.764 535.17
1795 0 36.105 9.50007 343 88.035 390.91 535.72
1796 0 36.0871 10.059 363 87.0303 389.584 535.342
1797 0 37.1564 9.66187 359 87.8969 389.526 533.46
1798 0 38.1827 9.53312 364 88.5824 389.231 533.494
1799 0 38.2415 9.8061 375 87.6293 389.219 534.603
1800 0 38.1358 9.70218 370 86.7784 389.573 534.959
1801 0 38.1311 9.83449 375 88.12 389.592 534.027
1802 0 38.2527 9.01897 345 88.9275 389.788 534.371
1803 0 39.126 9.68666 379 87.9208 389.166 534.383
1804 0 41.2267 8.95051 369 87.8347 389.943 532.214
1805 0 43.1612 9.4761 409 85.8484 389.337 532.389
1806 0 43.1482 9.22401 398 87.0879 389.412 531.998
1807 0 44.2296 8.86284 392 86.801 389.092 532.311
