time division length width area intensity CMx CMy
0 0 45.0327 14.767 665 170.229 252.176 499.478
1 0 47.0371 15.1795 714 110.164 251.206 497.992
2 0 47.0428 15.7091 739 111.303 251.67 499.436
3 0 47.0231 15.2691 718 107.032 251.277 499.234
4 0 49.0247 15.0536 738 107.442 251.453 498.984
5 0 51.0748 15.8395 809 100.644 251.269 497.19
6 0 50.0127 15.2361 762 104.23 251.325 497.546
7 0 51.0055 16.312 832 114.708 251.329 497.897
8 0 52.0466 16.3699 852 112.739 251.322 497.484
9 0 52.0204 15.8976 827 113.346 251.248 497.565
10 0 54.0289 15.5472 840 110.857 252.126 497.488
11 0 54.0126 15.4408 834 112.442 250.685 496.731
12 0 56.0273 15.8137 886 108.985 250.834 496.441
13 0 57.0439 16.163 922 107.337 250.137 495.862
14 0 57.0069 15.8402 903 109.369 249.416 495.825
15 0 57.0291 16.325 931 106.605 249.972 494.883
16 0 59.0398 15.8198 934 105.617 249.785 495.153
17 0 60.0104 15.8639 952 104.016 248.972 494.058
18 0 61.0376 16.2523 992 101.415 250.043 493.827
19 0 62.0532 15.9057 987 101.893 249.147 493.413
20 0 64.0378 16.9431 1085 97.5622 249.657 493.499
21 0 66.0359 16.2487 1073 98.2526 249.315 493.415
22 0 66.029 16.5079 1090 97.5404 250.477 491.372
23 0 68.0608 16.2061 1103 97.4125 249.792 491.939
24 0 70.0612 16.5998 1163 95.3981 249.952 491.81
25 0 69.0451 16.2792 1124 97.2109 249.274 490.133
26 0 72.0615 16.472 1187 93.9596 249.686 490.456
27 0 73.0276 16.1583 1180 95.5814 249.421 488.112
28 0 75.0796 16.1162 1210 94.9281 249.287 487.896
29 0 77.0515 16.5474 1275 92.8071 249.533 487.295
30 0 78.0692 16.9465 1323 91.3243 250.32 486.914
31 0 79.0624 15.4562 1222 94.7152 249.682 486.842
32 0 82.0464 16.8319 1381 89.3266 249.61 484.438
33 0 85.1093 16.9547 1443 87.9778 249.853 483.917
34 0 87.0756 16.1584 1407 89.2296 249.119 484.011
35 0 88.0528 16.3879 1443 88.7228 249.26 482.611
36 0 92.0534 16.7512 1542 86.0914 248.659 481.623
37 0 93.089 16.3177 1519 87.0474 249.062 479.587
38 0 96.0767 16.4764 1583 86.2963 248.862 477.382
39 0 100.072 17.7672 1778 81.9471 249.075 476.192
40 0 102.049 16.9527 1730 84.4809 248.98 475.042
41 0 105.064 17.0087 1787 84.455 249.707 473.801
42 0 108.088 17.3562 1876 83.2463 249.571 472.533
43 0 110.075 16.3071 1795 85.395 248.544 472.1
44 0 114.192 17.2955 1975 82.4522 249.104 469.083
45 0 117.15 16.9184 1982 83.6978 248.601 467.825
46 0 122.183 17.8175 2177 80.3693 248.885 467.441
47 0 125.111 16.7052 2090 82.3995 248.235 463.562
48 0 128.222 16.3233 2093 85.0029 248.929 460.103
49 0 133.162 17.4674 2326 82.1002 248.355 460.096
50 0 137.095 16.7913 2302 84.4557 248.934 458.143
51 0 139.161 16.0821 2238 87.2895 249.092 456.027
52 0 144.221 16.2321 2341 87.4938 248.971 454.289
53 0 149.118 17.4091 2596 85.042 248.348 450.991
54 0 154.084 17.0427 2626 84.8286 248.942 447.826
55 1 90.1452 13.7001 1235 89.8113 249.049 479.342
56 0 90.2137 13.6232 1229 89.9382 248.408 478.644
57 0 95.0715 14.852 1412 86.6728 248.315 479.04
58 0 96.0276 14.9853 1439 87.0069 248.725 478.065
59 0 99.1051 14.8327 1470 87.5456 247.746 477.209
60 0 106.091 14.5536 1544 88.0913 248.443 475.241
61 0 106.128 14.1244 1499 89.0754 248.62 473.115
62 0 111.107 14.3736 1597 89.2073 248.236 469.556
63 0 114.077 14.5078 1655 89.1033 248.03 467.836
64 0 120.081 13.8406 1662 89.6438 248.773 465.839
65 0 125.135 14.6243 1830 89.0738 248.201 464.844
66 1 53.0662 11.8343 628 85.0414 248.202 501.129
67 0 54.019 12.7178 687 88.9956 247.658 497.769
68 0 56.0338 13.4205 752 87.5585 247.434 495.374
69 0 57.0549 12.5493 716 83.1578 248.327 497.035
70 0 59.0324 13.2131 780 80.7385 248.835 497.149
71 0 61.1481 12.9522 792 82.3194 248.282 495.864
72 0 64.0671 12.4401 797 82.8557 248.232 495.143
73 0 65.0315 12.6862 825 83.3006 248.16 493.497
74 0 68.0446 13.256 902 81.1729 248.224 493.504
75 0 71.039 13.6404 969 80.2085 248.338 491.559
76 0 72.0637 13.5019 973 80.4913 247.996 490.171
77 0 75.136 13.0031 977 81.7083 247.954 489.104
78 0 77.0562 13.0424 1005 81.9751 248.454 487.866
79 0 79.0416 13.651 1079 81.6061 248.494 485.795
80 0 81.0779 13.5055 1095 89.053 248.594 484.657
81 0 84.158 13.5341 1139 89.8973 248.407 484.772
82 0 86.0185 13.7994 1187 89.3572 248.728 484.094
83 0 90.0463 13.6596 1230 89.4902 248.382 481.205
84 0 92.0391 13.8419 1274 88.135 248.82 480.436
85 0 94.078 13.4144 1262 89.4406 248.72 479.143
86 0 99.131 13.4771 1336 88.4738 248.763 477.037
87 0 103.075 14.6205 1507 85.2648 248.999 475.361
88 0 105.135 13.9725 1469 87.6998 249.498 473.945
89 0 108.089 14.3216 1548 86.2901 249.384 470.635
90 0 111.102 12.754 1417 89.7043 249.056 470.61
91 0 114.084 13.0781 1492 88.1253 248.964 468.239
92 0 118.113 13.4447 1588 86.5479 249.389 465.349
93 0 123.175 13.1926 1625 87.6006 249.025 463.89
94 0 125.153 13.0001 1627 90.4978 248.782 460.295
95 0 130.156 13.138 1710 89.9415 248.463 459.14
96 0 136.11 13.9813 1903 86.4566 248.566 455.938
97 1 75.1139 11.4892 863 88.8111 247.911 485.829
98 0 77.0474 12.4339 958 87.9196 249.137 485.977
99 0 80.0766 12.5505 1005 88.2279 248.761 483.477
100 0 83.0564 12.5818 1045 90.1215 248.42 485.151
101 0 85.1354 12.3568 1052 89.6302 248.812 484.193
102 0 88.104 12.769 1125 87.6347 248.433 481.634
103 0 89.0865 12.92 1151 88.5074 248.911 481.405
104 0 92.0583 12.9375 1191 87.9202 248.722 480.941
105 0 93.1488 12.5391 1168 89.4752 249.114 478.964
106 0 98.1032 13.0271 1278 87.5775 248.15 476.923
107 0 100.078 12.5602 1257 87.1949 248.895 474.902
108 0 103.121 13.0623 1347 85.7528 248.131 473.811
109 0 108.077 13.2961 1437 84.4461 248.747 472.825
110 0 107.055 11.9378 1278 78.9124 248.461 474.167
111 0 111.061 11.8224 1313 77.0404 248.101 472.34
112 0 114.067 11.6422 1328 81.738 248.123 469.299
113 0 117.135 12.1313 1421 82.8846 248.149 466.985
114 0 122.169 12.3763 1512 82.8591 248.148 464.885
115 0 127.106 12.2103 1552 82.3563 247.886 462.043
116 0 129.168 12.2554 1583 83.3405 247.678 463.74
117 0 132.14 12.0175 1588 86.2544 247.77 461.105
118 0 138.126 12.7492 1761 85.5213 248.337 458.612
119 0 141.056 13.2288 1866 86.4121 248.999 456.538
120 0 145.114 13.2172 1918 87.3384 248.673 454.671
121 0 152.121 13.4498 2046 86.5787 248.314 454.577
122 0 155.15 13.9736 2168 85.9105 248.488 450.348
123 0 158.163 13.385 2117 88.052 248.148 448.058
124 0 160.303 13.4433 2155 89.4074 248.45 447.165
125 0 167.165 14.07 2352 88.4252 248.074 445.363
126 0 170.322 13.6095 2318 90.8067 248.126 440.783
127 0 177.39 14.6739 2603 87.4783 247.67 437.9
128 0 182.314 14.2392 2596 88.6753 248.211 433.84
129 0 189.355 14.354 2718 88.1744 248.414 431.84
130 0 194.285 14.0978 2739 90.4578 248.34 428.055
131 0 201.255 14.4891 2916 89.4688 247.499 425.573
132 1 49.0631 11.2916 554 85.5469 246.859 500.619
133 0 52.0112 11.8628 617 84.6661 247.237 497.744
134 0 49.0591 11.1906 549 80.5756 247.479 501.495
135 0 50.0056 10.6788 534 81.5 247.94 500.987
136 0 52.0225 11.5527 601 80.0349 247.932 500.226
137 0 54.0243 11.3838 615 80.361 248.002 500.306
138 0 56.0527 10.9361 613 80.9135 248.088 499.32
139 0 58.0331 12.0965 702 79.7593 248.593 497.037
140 0 60.0145 11.9638 718 83.3287 247.217 496.156
141 0 61.0747 11.6251 710 82.6901 247.376 496.873
142 0 62.0343 11.9934 744 82.7487 247.638 496.327
143 0 65.0346 11.8552 771 83.393 247.227 494.741
144 0 68.0425 12.1689 828 81.9819 247.236 492.958
145 0 71.0696 12.4948 888 81.3288 247.755 492.149
146 0 73.0923 12.1764 890 81.9685 248.878 491.321
147 0 75.1074 12.4888 938 81.9659 248.004 489.894
148 0 78.0737 12.5266 978 84.1534 247.914 487.143
149 0 81.0709 13.0133 1055 82.8427 247.691 486.631
150 0 82.0674 13.0746 1073 83.7549 247.28 486.209
151 0 85.1272 12.5224 1066 84.909 247.699 485.659
152 1 42.0216 11.6131 488 85.5984 246.596 505.779
153 0 42.0424 11.084 466 89.8755 247.474 505.891
154 0 44.0298 11.038 486 90.5123 247.294 505.354
155 0 46.0961 11.1506 514 93.7451 247.751 502.912
156 0 44.0208 10.8131 476 88.4391 248.021 506.733
157 0 46.0158 10.6485 490 88.8633 247.841 505.039
158 0 47.0487 11.0736 521 89.4357 247.188 505.797
159 0 47.0207 10.9314 514 91.784 247.399 503.683
160 0 51.0687 11.0048 562 89.427 249.011 502.995
161 0 52.0396 11.3952 593 90.3626 247.796 500.472
162 0 54.0507 11.8592 641 88.7067 247.46 501.179
163 0 55.0314 11.8296 651 89.8141 247.187 500.344
164 0 57.0467 12.5336 715 88.0755 247.929 498.273
165 0 58.0436 12.3872 719 89.6092 247.8 496.047
166 0 60.0916 12.015 722 90.9889 248.028 495.01
167 0 62.0816 12.999 807 87.6171 247.092 496.299
168 0 63.0246 11.7256 739 92.0541 247.198 494.641
169 0 63.0598 12.2741 774 94.3708 247.994 494.035
170 0 65.0536 12.2514 797 93.6462 247.324 494.305
171 0 69.031 12.8783 889 91.9078 247.709 491.394
172 0 70.0564 13.432 941 91.0298 247.224 489.491
173 0 73.0725 13.3292 974 91.2197 247.602 487.565
174 0 75.0344 13.0074 976 93.1086 247.448 488.508
175 0 75.0254 12.4758 936 92.8408 247.37 487.564
176 0 82.146 15.0585 1237 91.0922 248.237 484.025
177 0 84.0848 14.2475 1198 91.9215 247.921 483.219
178 0 85.1179 13.9101 1184 94.2044 247.688 480.937
179 0 87.1145 13.5454 1180 95.2551 247.697 481.946
180 1 47.0348 10.7155 504 95.2063 248.435 502.556
181 0 48.059 11.0697 532 96.2444 247.904 500.731
182 0 47.0639 11.1338 524 85.5859 247.219 498.256
183 0 49.0344 11.8896 583 94.1578 247.976 500.369
184 0 47.0237 11.2709 530 89.0377 248.043 501.711
185 0 47.0486 10.436 491 91.9695 246.373 501.776
186 0 49.0294 11.0954 544 90.204 247.21 500.938
187 0 53.081 11.5484 613 87.7993 246.788 500.635
188 0 53.0576 11.3839 604 88.5066 246.99 498.644
189 0 56.0167 12.2642 687 85.3785 247.405 497.798
190 0 57.0656 11.9862 684 86.2822 247.007 497.007
191 0 58.0264 11.4431 664 87.7139 247.375 495.889
192 0 60.0601 12.0213 722 85.1302 246.848 494.575
193 0 63.0677 11.8761 749 84.7343 246.621 493.411
194 0 63.0416 12.1348 765 85.234 246.787 492.877
195 0 67.024 11.9062 798 85.9875 246.835 492.653
196 0 67.0436 11.5149 772 88.8679 246.448 491.516
197 0 70.0705 12.7158 891 85.3692 246.6 490.576
198 0 72.034 12.619 909 86.1496 246.76 490.241
199 0 74.0621 12.0709 894 87.9955 246.343 488.196
200 0 77.1 12.0622 930 86.3452 246.822 489.358
201 0 79.0314 12.1218 958 87.642 247.136 486.895
202 0 81.041 12.4628 1010 110.903 247.677 484.914
203 0 83.112 12.1402 1009 110.756 246.82 485.197
204 0 85.1571 12.3184 1049 108.293 247.199 484.955
205 0 91.0526 13.0804 1191 106.544 246.955 481.922
206 0 93.14 12.8946 1201 105.88 247.608 481.044
207 0 95.0988 12.4187 1181 106.988 246.76 480.077
208 0 97.0617 12.5796 1221 106.133 247.197 478.272
209 0 102.146 12.5409 1281 105.219 247.253 477.591
210 1 56.1054 11.1576 626 108.342 247.637 498.144
211 0 57.0608 11.9697 683 105.892 247.498 498.644
212 0 59.0462 12.5834 743 105.503 247.101 495.977
213 0 58.0189 11.6858 678 107.422 247.298 497.283
214 0 61.0293 11.601 708 106.068 247.109 496.968
215 0 62.0586 11.7792 731 105.64 246.906 494.822
216 0 64.0278 11.6043 743 107.301 246.673 494.813
217 0 66.0699 11.5938 766 106.856 247.114 493.218
218 0 68.0967 11.5277 785 106.437 246.972 492.739
219 0 70.0451 11.3213 793 106.107 246.555 492.09
220 0 74.0595 11.7203 868 103.758 246.441 490.539
221 0 76.1303 11.1651 850 105.48 246.827 487.821
222 0 77.107 10.855 837 106.554 246.707 487.949
223 0 81.109 11.688 948 105.225 246.948 485.482
224 0 84.0442 11.375 956 104.714 247.279 483.923
225 0 86.049 11.4237 983 107.342 246.521 483.656
226 0 89.0209 11.2108 998 108.865 246.658 481.817
227 0 91.0496 11.5871 1055 107.288 246.313 480.019
228 0 94.0688 11.4278 1075 109.324 246.822 478.481
229 1 50.0403 10.6114 531 105.586 247.126 499.949
230 0 54.0598 11.3763 615 104.158 246.654 498.642
231 0 56.1786 11.3388 637 102.333 246.427 496.898
232 0 54.035 10.3266 558 95.3047 246.849 499.817
233 0 55.0313 10.2124 562 95.3167 246.534 498.374
234 0 60.0165 11.5968 696 90.0216 246.207 495.682
235 0 60.0541 11.6895 702 91.0171 246.37 494.839
236 0 63.1013 11.1884 706 91.5411 246.268 494.178
237 0 66.1235 11.1609 738 91.0176 246.051 492.702
238 0 68.0322 11.6121 790 90.5747 245.965 493.095
239 0 70.08 11.3727 797 91.3388 246.46 490.033
240 0 70.0867 11.1148 779 92.6816 246.797 489.61
241 0 75.1506 11.7231 881 100.711 247.326 488.568
242 0 78.2025 11.4446 895 101.245 246.121 486.68
243 0 79.1236 11.9686 947 98.622 246.254 485.625
244 0 83.1307 11.2233 933 100.01 245.672 484.29
245 0 86.0905 11.2788 971 98.8424 245.851 483.216
246 0 87.0636 11.4284 995 97.6894 246.086 482.798
247 0 90.1218 11.6953 1054 96.5323 245.62 482.744
248 0 94.1132 10.7424 1011 99.2502 245.588 481.355
249 1 48.0484 9.13663 439 94.492 245.462 504.301
250 0 50.1052 9.30043 466 92.8948 245.382 502.339
251 0 51.1645 9.49878 486 92.5741 245.385 501.502
252 0 54.1862 10.0395 544 92.6213 245.151 499.882
253 0 55.1336 10.4473 576 92.1684 245.75 497.403
254 0 58.0964 10.2588 596 89.8255 246.44 498.3
255 0 58.0253 10.6161 616 91.4724 246.748 496.818
256 0 62.0431 11.0568 686 91.2872 247.012 495.395
257 0 63.0307 11.5499 728 91.9258 246.887 493.725
258 0 63.063 11.4172 720 90.3486 246.839 494.05
259 0 66.0295 11.5403 762 90.4331 246.752 492.644
260 0 66.0722 11.6993 773 91.7025 246.907 492.217
261 0 70.0652 12.103 848 89.5731 246.81 490.851
262 0 73.0527 12.5389 916 89.2478 246.318 489.99
263 0 74.0366 12.0076 889 92.3442 247.15 488.2
264 0 76.0437 11.7432 893 94.1758 247.059 487.605
265 0 77.0395 11.8251 911 95.3776 247.543 486.711
266 0 79.0342 12.1593 961 97.1873 247.754 485.915
267 0 81.0809 12.247 993 97.7623 247.065 485.09
268 0 83.0646 11.8462 984 102.578 246.697 484.06
269 0 86.0359 12.2391 1053 101.111 246.288 481.977
270 0 90.0449 11.8385 1066 100.286 246.569 481.713
271 0 92.0552 11.9928 1104 100.355 246.476 480.374
272 0 92.0652 11.0791 1020 102.461 246.662 478.728
273 0 96.0939 11.4367 1099 98.9636 247.015 476.755
274 0 99.132 10.9753 1088 98.1903 247.543 476.752
275 1 52.0524 10.3165 537 99.5028 246.467 499.074
276 0 54.1 10.5915 573 98 245.401 499.339
277 0 58.0777 11.0542 642 94.8894 246.009 498.864
278 0 58.063 11.3842 661 95.3933 246.475 497.086
279 0 60.1151 11.7608 707 95.1612 246.083 496.928
280 0 58.0291 10.5637 613 98.8303 245.982 497.352
281 0 60.0774 11.2521 676 97.4852 245.762 495.182
282 0 62.1347 10.8635 675 95.4948 245.898 495.487
283 0 63.0412 10.0252 632 97.4304 246.358 496.009
284 0 65.052 10.7606 700 95.8986 245.873 494.75
285 0 68.0796 10.6199 723 97.3389 245.617 491.451
286 0 68.0803 10.5757 720 97.6347 246.315 490.715
287 0 71.0729 11.1013 789 96.4487 245.805 489.186
288 0 73.0847 10.4399 763 97.7248 246.068 490.204
289 0 77.073 11.5994 894 95.8848 246.252 486.442
290 0 82.1343 12.09 993 95.5398 245.908 486.98
291 0 81.1046 11.9229 967 98.5843 245.085 483.957
292 0 84.0522 11.9687 1006 99.3022 245.789 483.573
293 0 87.1012 11.3202 986 100.999 245.043 482.3
294 0 89.0646 12.0587 1074 102.13 245.389 481.539
295 0 92.0959 11.7161 1079 103.563 244.976 479.051
296 0 95.2366 12.7157 1211 101.325 245.491 477.559
297 0 99.1193 12.258 1215 100.435 246.449 477.607
298 0 102.16 12.4413 1271 101.301 245.821 475.43
299 0 104.114 12.227 1273 102.504 245.584 474.162
300 0 107.178 12.5306 1343 106.747 245.183 471.843
301 0 109.134 12.7366 1390 106.658 245.377 469.904
302 0 114.219 12.6161 1441 104.365 245.52 467.741
303 0 117.245 13.024 1527 104.143 246.288 465.301
304 0 121.204 13.3906 1623 105.072 245.863 463.054
305 0 125.198 12.7238 1593 106.893 246.137 462.428
306 1 66.1637 10.9879 727 105.187 246.886 491.343
307 0 69.065 11.1055 767 103.927 245.832 493.847
308 0 70.1463 11.4475 803 105.328 245.621 492.77
309 0 71.0973 12.1242 862 106.189 246.441 489.869
310 0 73.1511 11.4011 834 110.199 246.288 489.022
311 0 76.1144 12.1133 922 109.475 246.072 488.213
312 0 79.1234 12.7522 1009 113.219 246.056 486.974
313 0 80.1384 13.1023 1050 117.134 246.681 484.439
314 0 84.0695 13.0606 1098 106.621 245.197 487.443
315 0 87.1244 13.6816 1192 107.313 245.509 486.408
316 0 88.0641 12.9338 1139 111.631 245.665 485.238
317 0 90.0849 12.8101 1154 112.714 245.694 484.334
318 0 94.1552 13.4884 1270 108.623 244.574 483.231
319 0 95.1055 13.1959 1255 113.771 245.437 482.755
320 0 99.143 13.1628 1305 112.408 245.668 481.122
321 0 101.158 13.2565 1341 112.865 245.845 478.625
322 0 103.195 12.7817 1319 122.519 245.428 475.199
323 0 107.243 13.1478 1410 119.133 245.737 473.529
324 0 111.207 13.2006 1468 118.08 245.838 474.176
325 0 114.316 12.7453 1457 120.538 245.942 470.319
326 1 62.1827 11.0481 687 120.77 246.441 495.352
327 0 64.2041 11.993 770 117.406 246.109 495.816
328 0 66.0494 11.8245 781 117.118 244.315 496.56
329 0 69.0738 12.3781 855 115.469 243.683 495.959
330 0 70.0128 12.512 876 115.954 244.158 496.281
331 0 72.0287 11.9397 860 119.676 243.942 494.463
332 0 75.0421 12.3797 929 117.731 242.445 491.526
333 0 77.0692 12.2877 947 118.069 243.141 490.603
334 0 79.0484 12.3469 976 118.27 243.688 489.474
335 0 81.0689 12.3105 998 120.801 243.374 488.046
336 0 82.0848 12.1947 1001 121.599 243.157 486.404
337 0 86.1401 12.8047 1103 117.015 243.328 485.96
338 0 88.1254 12.9702 1143 115.905 242.804 484.914
339 0 91.1447 12.6392 1152 115.37 242.475 482.541
340 0 93.0835 12.6553 1178 113.95 242.146 482.415
341 0 96.0811 12.1356 1166 112.519 243.837 481.563
342 0 98.1585 12.2659 1204 116.404 242.912 480.017
343 0 102.156 12.1775 1244 112.358 242.423 476.651
344 1 55.113 10.3424 570 99.4088 241.414 504.147
345 0 54.1146 9.86795 534 101.06 241.328 503.343
346 0 55.1439 10.5179 580 96.6707 241.628 502.14
347 0 58.1129 11.4949 668 92.7979 242.145 501.978
348 0 60.0624 11.7711 707 92.8982 241.921 500.984
349 0 60.0627 12.0208 722 93.2036 241.501 500.676
350 0 62.0506 11.7485 729 92.1413 241.576 499.65
351 0 64.0358 11.6497 746 90.2064 241.708 498.925
352 0 68.0463 12.2564 834 86.988 242.101 496.803
353 0 69.1292 11.7172 810 87.8 241.101 495.175
354 0 71.0909 11.6471 828 88.6196 242.014 493.646
355 0 73.1202 12.3769 905 87.1624 241.569 491.561
356 0 72.1034 10.8871 785 93.5771 241.154 494.539
357 0 74.0564 11.4777 850 91.6765 241.905 493.091
358 0 77.0141 10.985 846 93.1442 242.288 492.332
359 0 79.0326 11.6028 917 92.096 242.661 491.785
360 0 81.0951 11.727 951 91.3722 242.298 488.558
361 0 83.1395 11.7874 980 92.3112 242.562 488.121
362 0 87.0888 12.1945 1062 88.5348 242.292 486.425
363 0 90.092 12.5871 1134 86.9832 242.992 485.056
364 0 93.0882 12.9662 1207 86.894 242.329 484.482
365 0 97.087 12.5969 1223 86.6353 242.482 482.352
366 0 98.0748 12.6536 1241 86.6737 242.648 482.405
367 0 100.132 11.6247 1164 89.2741 243.306 481.994
368 1 55.0429 10.8279 596 89.8456 243.143 501.166
369 0 56.056 11.0425 619 88.4911 243.404 500.375
370 0 59.092 11.7275 693 84.2756 242.434 499.368
371 0 59.1058 11.0818 655 84.8611 242.466 497.921
372 0 62.1213 12.0571 749 81.7103 243.311 499.381
373 0 63.0824 11.699 738 85.4079 243.001 497.827
374 0 66.0528 11.7936 779 85.0116 242.85 497.335
375 0 68.0827 12.7051 865 81.2728 243.763 496.443
376 0 68.08 11.8537 807 84.5266 243.253 494.959
377 0 70.1342 12.4476 873 83.9771 244.034 494.066
378 0 72.0989 11.4981 829 86.4403 243.429 493.329
379 0 72.1188 10.9125 787 89.0292 244.282 494.353
380 0 74.0428 11.2638 834 90.8034 244.876 491.478
381 0 76.0714 10.7399 817 92.4761 245.053 490.726
382 0 77.0947 10.779 831 93.9699 244.2 488.492
383 0 83.0869 11.7467 976 92.4293 244.08 488.835
384 0 85.0518 12.2984 1046 92.7868 244.081 487.409
385 0 88.1511 11.8546 1045 94.2402 243.841 485.467
386 0 90.092 11.9878 1080 95.9185 243.98 483.684
387 0 92.1188 11.7348 1081 96.877 244.296 483.505
388 1 47.0593 10.4761 493 97.071 244.162 504.365
389 0 49.0165 10.9555 537 96.1453 243.926 503.516
390 0 52.0255 10.9946 572 95.1294 244.942 501.577
391 0 53.0402 11.0671 587 91.1567 243.765 500.411
392 0 53.053 11.2152 595 95.8723 243.85 500.371
393 0 53.0721 11.0227 585 89.3197 245.465 502.422
394 0 53.0541 10.8568 576 90.6597 245.547 503.016
395 0 53.0086 10.5077 557 92.465 245.28 502.153
396 0 55.0785 10.6757 588 93.1224 245.4 501.665
397 0 58.0825 10.554 613 91.261 245.45 500.493
398 0 61.0372 11.1899 683 88.6281 245.088 498.988
399 0 61.0127 10.6863 652 89.9617 245.38 498.773
400 0 64.0521 11.3033 724 88.3315 245.202 495.394
401 0 66.0475 11.1435 736 88.7812 245.37 494.023
402 0 67.0467 11.4696 769 87.156 246.183 492.41
403 0 69.0301 11.3574 784 86.4617 246.258 492.384
404 0 73.0928 11.9848 876 88.4041 246.155 488.791
405 0 72.0672 11.3228 816 87.4743 245.865 491.094
406 0 77.0713 11.5477 890 85.9652 245.397 489.72
407 0 79.089 11.7589 930 84.814 245.513 490.278
408 0 82.1092 11.7648 966 85.6346 245.332 488.529
409 0 87.0929 12.9058 1124 82.3096 245.363 485.812
410 0 87.1159 12.3973 1080 84.6759 245.403 484.396
411 0 89.1183 12.4554 1110 87.6892 246.872 484.123
412 1 50.0259 11.2741 564 92.3067 246.424 503.277
413 0 50.0176 11.0561 553 91.434 245.807 500.322
414 0 49.0265 11.1776 548 90.4142 245.677 498.518
415 0 54.0638 12.1893 659 90.1244 243.677 498.97
416 0 52.0295 10.6863 556 84.8795 244.914 503.119
417 0 52.0299 11.282 587 86.6593 245.627 501.823
418 0 54.0253 11.5131 622 86.7572 244.833 500.511
419 0 56.0765 11.1455 625 89.696 245.533 500.072
420 0 57.052 11.6385 664 88.2244 245.492 499.075
421 0 60.0386 11.4759 689 88.2308 245.8 497.649
422 0 59.0904 10.8647 642 90.4439 244.542 498.056
423 0 63.0599 12.0203 758 88.6161 244.359 496.628
424 0 64.0493 11.5224 738 91.8862 244.58 495.913
425 0 66.0838 12.0756 798 89.6917 244.023 495.514
426 0 69.0658 11.9886 828 93.285 244.117 493.266
427 0 71.1283 12.0768 859 92.1548 243.936 492.687
428 0 73.0965 12.5587 918 92.0926 243.867 489.747
429 0 73.0464 11.2257 820 95.2951 243.97 490.887
430 0 76.0562 11.5573 879 95.3663 244.355 488.967
431 0 77.0797 11.7281 904 96.3097 243.706 488.159
432 0 82.0598 12.4787 1024 93.5654 243.678 488.089
433 0 82.0805 11.6105 953 97.1406 243.957 487.24
434 0 87.055 12.4864 1087 94.0699 244.467 485.752
435 0 90.0862 13.0875 1179 93.8796 244.223 483.892
436 0 94.0758 12.9895 1222 93.6588 244.012 482.675
437 0 95.1049 12.7754 1215 94.8848 244.947 481.193
438 0 99.0971 11.6149 1151 93.4735 244.881 475.751
439 0 100.08 11.1711 1118 94.4114 245.174 475.03
440 1 52.0222 10.0918 525 85.059 245.162 500.375
441 0 53.0329 10.6538 565 88.1805 245.802 499.112
442 0 55.106 12.2491 675 97.5748 244.993 499.313
443 0 56.0751 12.6973 712 98.2893 244.552 498.566
444 0 57.0549 12.2689 700 93.35 245.189 498.903
445 0 60.0821 11.8837 714 92.7871 244.968 496.877
446 0 63.0288 12.645 797 88.6788 245.511 495.934
447 0 65.0679 12.1104 788 89.8439 244.442 494.986
448 0 65.0454 12.3298 802 87.0611 245.328 495.496
449 0 68.145 11.9598 815 88.0098 244.658 493.941
450 0 69.0539 11.5562 798 88.7581 244.974 493.589
451 0 71.0433 11.8379 841 86.9881 244.832 490.969
452 0 74.0292 11.509 852 87.3005 244.655 489.165
453 0 76.0521 11.479 873 86.5281 244.766 489.822
454 0 80.0308 11.8079 945 85.982 245.323 487.802
455 0 83.0549 11.7994 980 85.1694 244.822 486.543
456 0 87.076 12.1388 1057 85.2715 245.43 483.754
457 0 89.082 12.2022 1087 87.9761 245.032 481.7
458 1 45.0264 10.3051 464 91.778 245.649 504.81
459 0 47.0603 11.7509 553 97.9458 244.984 502.156
460 0 47.0344 11.9912 564 96.1525 245.571 501.69
461 0 48.0333 11.7835 566 96.8445 245.991 502.041
462 0 52.032 12.1464 632 94.3671 245.491 500.397
463 0 54.0468 12.3782 669 92.1181 245.652 499.327
464 0 55.0314 12.5201 689 92.2801 245.685 498.451
465 0 58.0752 12.4838 725 93.0469 245.633 498.764
466 0 60.0773 12.3508 742 93.4906 245.549 497.817
467 0 61.0344 12.5011 763 92.1258 245.641 497.194
468 0 61.0427 12.8107 782 93.4808 246.113 494.932
469 0 63.0345 12.3424 778 95.8419 245.551 492.675
470 0 65.0407 12.4076 807 96.2181 245.613 493.87
471 0 68.0358 12.8609 875 94.144 244.623 490.901
472 0 67.0757 12.2697 823 98.1337 244.931 492.202
473 0 68.0516 12.1819 829 98.614 245.919 490.735
474 0 70.0338 11.8657 831 99.9783 245.347 489.757
475 0 70.0144 11.7976 826 101.611 244.815 487.841
476 0 77.0207 12.4382 958 96.4217 244.661 487.2
477 0 78.0474 12.9793 1013 95.3435 244.31 486.335
478 0 80.0695 12.8888 1032 96.4467 244.676 485.318
479 0 81.0266 12.6748 1027 97.2434 244.965 485.085
480 0 83.0439 12.9811 1078 97.5408 244.424 483.724
481 0 86.1297 12.9456 1115 98.3336 244.036 482.185
482 0 89.1299 13.284 1184 98.6427 244.221 479.91
483 0 91.1543 12.8793 1174 100.248 243.798 478.967
484 0 96.0623 12.5752 1208 102.239 243.625 479.41
485 1 50.0285 10.8938 545 102.029 243.646 499.281
486 0 53.047 11.9894 636 102.898 244.046 499.261
487 0 54.0838 12.5176 677 103.204 243.802 500.189
488 0 54.0419 10.9174 590 97.0881 243.793 501.219
489 0 56.059 11.2917 633 96.2101 243.346 501.07
490 0 55.0249 10.7588 592 98.3412 243.549 501.691
491 0 58.0212 10.8753 631 96.8843 244.285 500.569
492 0 60.025 11.4952 690 94.6638 243.738 499.842
493 0 60.02 11.1963 672 95.1726 244.378 498.763
494 0 64.0189 11.0905 710 93.6704 244.113 498.185
495 0 66.145 11.2934 747 92.0643 243.751 495.084
496 0 66.0901 11.8475 783 91.9285 244.01 494.628
497 0 69.1338 11.4994 795 91.7283 244.052 494.195
498 0 69.0326 11.27 778 92.8329 243.594 492.467
499 0 73.0855 11.726 857 90.154 243.652 493.096
500 0 73.0692 12.0297 879 89.8965 243.636 491.865
501 0 76.0434 11.5592 879 89.9204 244.203 491.627
502 0 77.0248 11.9442 920 89.2924 243.878 491.166
503 0 80.0297 12.2579 981 88.1346 244.517 489.768
504 0 83.0251 12.1048 1005 88.1433 243.826 488.32
505 0 83.032 11.6461 967 89.8407 243.936 486.855
506 0 85.0772 11.8128 1005 90.0358 243.857 483.625
507 0 87.1374 12.0614 1051 89.255 243.685 483.576
508 0 90.0743 11.9568 1077 88.4095 242.847 482.915
509 0 93.0879 11.3011 1052 89.9962 243.852 481.869
510 0 94.0948 11.956 1125 89.7707 243.172 480.796
511 0 99.136 12.2559 1215 89.2395 242.9 480.622
512 0 100.06 10.9534 1096 95.7445 243.468 477.321
513 0 103.102 10.8243 1116 95.1407 243.036 476.516
514 0 105.047 10.6143 1115 96.6332 243.358 475.317
515 0 109.1 10.8249 1181 96.2515 243.116 471.982
516 1 55.0244 9.81383 540 85.3444 242.191 501.626
517 0 56.0363 11.0286 618 87.0663 241.615 502.604
518 0 59.033 10.7059 632 88.7547 241.984 501.801
519 0 60.0488 11.8737 713 87.5947 242.309 501.289
520 0 62.1007 11.6263 722 89.6953 242.675 500.119
521 0 64.1133 12.1816 781 89.1178 242.16 500.303
522 0 65.1574 11.7408 765 90.9974 242.732 500.06
523 0 66.046 12.0068 793 93.0404 242.792 498.546
524 0 67.1111 12.2185 820 94.2988 242.394 497.377
525 0 69.0702 11.8575 819 94.3419 242.359 497.762
526 0 70.0843 12.5848 882 94.9399 242.306 495.595
527 0 72.1069 11.9406 861 98.1591 243.118 495.301
528 0 75.1036 12.7557 958 96.4081 242.681 494.242
529 0 77.2037 12.2015 942 112.059 242.093 493.982
530 0 77.1288 12.0578 930 115.342 241.92 493.93
531 0 79.1055 11.8323 936 116.244 242.169 492.675
532 0 83.1759 11.9265 992 116.783 241.979 491.899
533 0 83.1075 12.0807 1004 116.679 241.222 491.689
534 0 84.1201 11.7689 990 117.921 241.848 488.208
535 0 87.1005 11.9976 1045 116.684 241.593 487.102
536 0 91.0618 11.8052 1075 113.89 242.325 487.207
537 0 95.1406 11.9928 1141 111.473 241.962 486.507
538 0 96.1044 12.1951 1172 108.691 242.478 483.996
539 0 96.0899 11.1979 1076 102.502 243.084 484.154
540 1 51.0604 10.6736 545 99.0826 242.262 507.591
541 0 53.0066 10.5647 560 98.8089 241.689 507.459
542 0 55.2319 10.3744 573 101.119 241.66 504.799
543 0 55.0215 11.0502 608 99.6612 242.035 505.949
544 0 58.0994 11.7729 684 97.7939 242.76 505.212
545 0 59.0588 12.3944 732 98.541 243.611 504.992
546 0 59.037 12.2635 724 100.253 243.286 502.707
547 0 61.1432 12.1027 740 100.522 243.009 502.458
548 0 63.0992 12.2347 772 99.2124 243.521 501.417
549 0 65.156 11.9406 778 100.339 243.577 498.776
550 0 67.0582 12.3922 831 99.8676 243.401 499.268
551 0 68.0785 12.0596 821 101.711 243.819 498.665
552 0 69.1478 12.1045 837 107.278 242.993 497.627
553 0 70.1096 11.967 839 103.896 243.825 497.327
554 0 74.101 12.1996 904 101.094 243.846 496.822
555 0 77.112 12.1771 939 101.569 243.425 496.285
556 0 77.0785 12.1305 935 102.645 242.959 495.033
557 0 80.1437 12.3154 987 101.556 243.061 494.432
558 0 82.0721 12.2819 1008 116.82 241.938 492.822
559 0 85.1801 12.2329 1042 116.759 242.404 491.441
560 0 88.1102 11.6332 1025 117.911 241.884 490.854
561 0 91.077 11.6385 1060 118.151 242.849 487.993
562 0 94.0648 11.8748 1117 115.057 242.523 485.975
563 0 98.0547 11.5344 1131 115.42 242.136 486.106
564 0 100.087 11.4901 1150 115.597 242.571 482.867
565 1 52.0631 9.68057 504 102.446 242.351 505.768
566 0 55.0471 10.6818 588 106.439 241.842 505.534
567 0 59.0264 11.3509 670 103.913 241.503 504.418
568 0 59.0646 11.6821 690 100.62 242.114 504.668
569 0 61.0373 11.9927 732 99.0055 241.766 502.68
570 0 63.0521 12.2756 774 98.2506 241.552 502.057
571 0 66.0683 11.8362 782 98.0064 241.246 502.073
572 0 67.1193 11.4721 770 100.273 241.326 500.838
573 0 67.0529 11.6923 784 100.599 241.332 499.869
574 0 69.0872 11.4783 793 101.354 241.272 499.097
575 0 73.0669 11.8385 865 99.3514 241.647 498.51
576 0 74.0614 12.3411 914 97.8687 241.88 496.444
577 0 77.0471 12.0186 926 99.6285 241.721 494.349
578 0 81.0607 12.1391 984 100.447 241.779 493.504
579 0 83.0682 11.8818 987 111.593 242.309 492.401
580 0 84.0383 11.7089 984 111.253 242.511 491.206
581 0 84.028 11.7342 986 137.392 242.521 491.173
582 0 91.0816 12.1539 1107 109.015 242.333 487.48
583 0 92.0565 11.6233 1070 109.852 242.391 486.064
584 1 50.0231 10.3952 520 108.987 242.085 506.977
585 0 53.0659 10.3645 550 107.993 241.042 506.484
586 0 54.027 10.5133 568 106.528 242.183 506.278
587 0 55.0201 11.4322 629 106.102 241.82 506.364
588 0 59.0397 11.8564 700 104.714 242.223 505.079
589 0 59.0355 11.9081 703 127.768 243.213 505.078
590 0 62.0541 12.0701 749 102.116 242.072 503.79
591 0 62.0322 12.5419 778 101.022 240.857 502.401
592 0 63.0387 11.7547 741 103.591 240.578 501.81
593 0 67.0637 12.7938 858 99.0128 241.867 501.676
594 0 70.047 13.391 938 96.5235 242.572 500.032
595 0 71.0187 12.9684 921 98.5961 241.345 498.91
596 0 71.0187 12.5178 889 99.9415 242.003 497.024
597 0 77.0348 12.6956 978 95.8701 241.882 496.5
598 0 78.0728 13.5258 1056 94.8333 241.89 496.043
599 0 81.0437 13.2768 1076 96.0874 241.807 494.533
600 0 83.0183 13.1055 1088 97.2509 241.647 492.356
601 0 86.1353 13.3046 1146 97.7897 241.597 491.981
602 0 89.0548 12.5428 1117 101.394 242.313 487.953
603 0 92.0698 13.0336 1200 100.941 241.926 486.645
604 0 92.0768 12.0226 1107 105.321 241.933 487.169
605 0 96.0343 12.2977 1181 105.576 241.369 488.758
606 1 53.075 11.9642 635 107.683 241.345 507.532
607 0 54.0439 12.0273 650 108.014 242.046 505.488
608 0 54.0659 11.4675 620 103.177 240.877 503.606
609 0 58.0154 12.8759 747 103.788 240.49 505.96
610 0 58.035 12.1478 705 96.2823 241.706 507.864
611 0 58.0408 12.3189 715 97.2112 241.379 506.41
612 0 61.0595 12.8399 784 93.3469 241.306 505.483
613 0 63.0636 12.1148 764 95.2291 241.384 504.056
614 0 65.1032 12.3189 802 94.5848 241.02 502.444
615 0 67.0514 12.647 848 94.1368 241.501 501.774
616 0 67.0725 11.3459 761 98.4547 241.162 500.71
617 0 72.0947 12.9829 936 95.5641 241.714 498.349
618 0 73.0965 12.0662 882 98.1406 241.278 497.888
619 0 76.0927 12.5768 957 98.8548 241.655 494.363
620 0 78.0278 12.8416 1002 98.995 241.626 494.736
621 0 80.2201 12.4158 996 97.8163 241.885 491.619
622 0 84.129 12.992 1093 94.764 241.623 489.263
623 0 85.2266 12.9537 1104 97.0317 241.833 489.834
624 0 90.1555 13.2105 1191 97.6717 240.961 487.578
625 0 90.174 13.0636 1178 98.1443 241.503 485.834
626 0 93.1653 13.2238 1232 97.8766 241.752 483.241
627 0 95.1215 12.9834 1235 98.4462 241.011 481.702
628 0 97.1174 12.6136 1225 97.8824 240.19 481.767
629 0 98.087 12.3666 1213 98.573 240.462 478.849
630 0 102.079 13.2544 1353 99.3999 240.865 478.898
631 0 105.181 13.2058 1389 98.9006 241.104 474.031
632 0 109.189 13.4079 1464 95.526 241.46 473.033
633 0 112.327 13.1135 1473 95.8663 242.595 469.324
634 0 116.193 13.3485 1551 95.6551 242.301 468.629
635 0 121.171 13.3118 1613 96.1841 242.652 465.105
636 0 122.161 12.4508 1521 99.3702 242.289 464.459
637 0 126.241 12.3494 1559 99.5587 242.647 461.167
638 0 134.245 12.6336 1696 98.4923 241.835 462.256
639 0 136.21 12.5982 1716 99.954 242.544 458.307
640 1 74.1568 10.8824 807 98.0471 242.099 488.276
641 0 76.0588 11.1887 851 94.7897 242.267 487.639
642 0 79.115 12.2101 966 97.8644 243.344 486.767
643 0 80.0706 11.927 955 91.8754 242.874 483.913
644 0 83.0404 11.8978 988 92.0739 243.297 483.613
645 0 85.0736 12.0014 1021 93.1391 243.487 483.626
646 0 87.1266 11.7875 1027 93.7108 243.167 480.737
647 0 91.1559 12.1769 1110 92.3946 242.986 478.718
648 0 94.1569 12.9359 1218 92.5961 242.81 479.411
649 0 96.0469 13.0561 1254 107.802 243.656 483.594
650 0 100.026 13.3065 1331 107.99 242.797 480.542
651 0 102.032 13.1038 1337 110.261 243.196 477.567
652 0 106.041 12.712 1348 111.684 242.572 476.984
653 0 108.048 12.7259 1375 112.501 243.217 473.493
654 0 112.073 12.8131 1436 112.014 243.308 470.104
655 0 115.126 13.3245 1534 110.457 243.025 470.883
656 0 117.046 13.012 1523 110.686 243.861 467.865
657 0 122.107 12.571 1535 112.99 243.752 465.327
658 0 125.103 12.7894 1600 112.965 243.221 463.114
659 1 70.045 10.1934 714 106.541 244.377 491.298
660 0 71.0185 11.0675 786 105.547 244.916 490.125
661 0 74.0364 11.3998 844 104.96 244.449 488.236
662 0 80.1043 11.9095 954 112.818 243.842 491.36
663 0 83.1316 12.39 1030 110.738 244.177 489.466
664 0 85.1185 12.3357 1050 109.798 243.338 488.231
665 0 87.1134 12.2254 1065 111.592 243.012 486.769
666 0 89.0609 12.295 1095 110.123 242.813 486.88
667 0 92.052 12.7211 1171 109.644 242.863 484.172
668 0 95.1305 12.814 1219 108.395 243.842 483.567
669 0 97.1631 12.6797 1232 109.655 242.47 481.671
670 0 99.0912 12.3422 1223 110.741 243.078 480.244
671 0 102.111 12.2219 1248 111.587 242.925 479.871
672 0 104.18 12.1712 1268 111.555 243.196 477.543
673 0 108.136 11.9757 1295 109.463 243.025 475.832
674 0 110.16 11.7647 1296 109.556 242.84 476.618
675 0 113.233 12.1784 1379 108.809 242.526 472.647
676 0 116.139 11.8049 1371 109.6 243.383 472.67
677 0 119.07 11.4387 1362 109.002 243.147 469.754
678 0 122.234 11.6497 1424 103.408 242.841 469.121
679 0 124.159 13.5713 1685 99.1893 243.07 467.382
680 0 131.223 11.9491 1568 101.237 242.131 464.867
681 0 135.108 12.2273 1652 100.65 242.975 461.688
682 0 138.158 12.1238 1675 99.5099 242.664 462.23
683 0 143.24 12.8665 1843 97.8285 242.814 458.116
684 0 146.225 11.5712 1692 99.9639 242.603 458.124
685 0 151.24 11.981 1812 98.3422 243.107 454.1
686 0 155.117 10.8499 1683 100.714 244.249 452.673
687 0 162.231 11.8719 1926 98.9403 244.584 451.462
688 1 89.073 11.4625 1021 93.4407 244.025 486.761
689 0 92.0561 12.4381 1145 94.3118 243.941 486.035
690 0 93.0361 12.6295 1175 93.1694 243.795 485.689
691 0 93.1906 11.4818 1070 93.5019 243.924 487.779
692 0 93.1121 11.0619 1030 95.9126 243.731 487.254
693 0 99.1355 11.8424 1174 95.6235 243.355 483.337
694 0 106.087 9.82216 1042 99.6209 243.214 483.967
695 0 104.114 10.5845 1102 99.7078 243.19 480.338
696 0 108.043 11.7083 1265 99.7391 243.425 479.13
697 0 112.05 11.5484 1294 99.949 242.513 475.795
698 0 115.093 10.7131 1233 100.734 242.118 477.269
699 0 120.118 10.8726 1306 100.957 242.302 473.441
700 0 122.136 10.8568 1326 99.5611 243.442 473.757
701 1 66.049 11.446 756 95.623 242.177 500.874
702 0 67.1319 11.9168 800 93.3938 243.155 499.638
703 0 66.1004 11.0741 732 95.1557 243.01 498.171
704 0 69.0949 11.6651 806 91.9318 243.299 499.627
705 0 71.0392 11.8808 844 88.6967 243.688 498.169
706 0 73.0502 11.6495 851 90.2691 242.851 495.552
707 0 75.076 11.535 866 88.4261 243.033 495.751
708 0 76.0953 11.8404 901 91.8257 242.442 493.424
709 0 80.0962 11.9731 959 91.6309 241.604 491.537
710 0 81.0816 11.9756 971 92.8867 242.262 492.119
711 0 86.1783 13.0427 1124 89.0472 242.047 491.019
712 0 89.0884 12.8973 1149 90.9669 242.205 490.616
713 0 91.0805 12.8348 1169 90.047 241.821 489.75
714 0 93.1006 12.8356 1195 90.3113 242.498 488.778
715 0 95.1154 12.5637 1195 91.5255 242.709 485.915
716 0 98.1164 12.9438 1270 91.6504 242.437 487.682
717 0 101.139 12.29 1243 101.993 241.984 483.134
718 0 103.304 12.7294 1315 102.092 241.647 481.501
719 0 106.091 12.3762 1313 99.4882 243.437 480.478
720 0 111.084 12.594 1399 97.9492 242.946 479.201
721 0 113.146 12.4 1403 98.0157 242.447 477.177
722 0 115.182 12.2241 1408 98.4034 243.553 476.275
723 0 116.198 12.1774 1415 100.346 241.765 475.078
724 0 121.194 11.7992 1430 99.6469 242.85 473.067
725 0 124.172 12.3538 1534 98.7503 242.488 472.102
726 0 128.124 12.5425 1607 97.4387 243.499 470.633
727 0 132.199 12.4433 1645 97.2377 242.588 469.197
728 0 136.092 12.2564 1668 97.2734 242.633 465.07
729 0 142.183 12.4698 1773 97.1523 242.879 457.231
730 0 142.171 12.4357 1768 151.174 243.873 457.265
731 1 80.142 10.5812 848 88.8903 243.404 493.782
732 0 83.064 10.6304 883 86.0906 241.613 494.061
733 0 86.2792 11.0919 957 87.303 242.952 488.489
734 0 88.0994 11.9411 1052 84.1768 242.522 491.189
735 0 93.0749 11.7647 1095 85.8247 241.514 489.018
736 0 94.1078 11.6143 1093 88.2973 242.258 486.909
737 0 95.0676 11.3603 1080 91.9167 241.217 484.181
738 0 99.0972 11.9176 1181 91.1744 241.7 482.119
739 0 101.069 11.1607 1128 94.914 241.623 480.357
740 0 106.056 11.7485 1246 93.4189 241.929 478.459
741 0 109.071 11.2312 1225 95.9535 240.864 475.6
742 0 110.088 11.4818 1264 96.9763 241.059 473.937
743 0 114.068 11.7298 1338 97.0314 241.558 474.47
744 0 116.084 12.1119 1406 97.9395 241.641 472.824
745 0 118.06 11.562 1365 101.191 241.47 472.158
746 0 121.062 11.9195 1443 100.69 241.737 470.342
747 0 126.133 11.9635 1509 100.317 241.289 466.846
748 0 129.212 11.694 1511 101.14 241.422 464.093
749 0 132.173 11.7725 1556 101.438 241.338 462.803
750 0 137.176 12.4001 1701 100.212 241.867 461.78
751 0 139.198 12.3421 1718 102.307 241.716 459.951
752 0 142.194 12.293 1748 104.367 241.134 455.968
753 0 147.217 12.2608 1805 105.064 241.605 456.681
754 0 150.176 11.8328 1777 105.881 241.759 454.092
755 0 156.209 12.3873 1935 104.444 241.61 452.716
756 0 160.245 12.0378 1929 104.899 241.702 450.003
757 0 165.219 12.3775 2045 105.135 242.866 446.971
758 0 169.164 12.5559 2124 107.357 241.984 443.98
759 0 176.246 12.8627 2267 106.52 242.705 439.674
760 0 179.084 11.9832 2146 109.417 242.233 440.766
761 0 187.251 12.7209 2382 105.846 241.765 436.462
762 0 192.169 13.051 2508 104.91 242.868 433.741
763 0 196.288 12.5682 2467 107.59 242.075 431.433
764 0 202.158 12.9156 2611 107.051 242.875 429.287
765 0 207.242 13.3901 2775 107.387 242.306 421.412
766 0 212.184 13.0311 2765 108.556 242.94 423.024
767 0 217.251 13.1231 2851 108.754 241.687 421.96
768 0 221.282 13.2229 2926 110.116 242.569 418.48
769 0 227.318 12.4319 2826 112.651 242.605 415.407
770 0 234.28 13.6119 3189 110.132 241.944 412.178
771 0 242.291 12.745 3088 112.701 242.301 409.893
772 1 187.215 9.90305 1854 115.127 242.997 443.321
773 0 192.233 10.6954 2056 116.171 243.115 437.774
774 0 200.298 11.2782 2259 114.627 243.172 433.556
775 0 204.194 11.7144 2392 115.454 243.545 429.02
776 0 211.243 12.3602 2611 113.537 243.344 424.771
777 0 217.193 11.9709 2600 114.202 243.307 420.122
778 0 224.214 12.497 2802 113.567 244.467 417.675
779 0 224.212 11.9887 2688 164.719 245.448 416.276
780 1 241.182 12.6958 3062 114.992 243.848 408.811
781 0 248.236 12.6412 3138 114.246 242.856 403.216
782 0 256.24 12.7264 3261 114.97 244.002 402.417
783 0 264.285 12.2973 3250 116.054 243.538 393.355
784 0 273.291 12.8105 3501 115.594 243.676 390.78
785 0 281.307 13.3058 3743 114.055 243.678 385.894
786 0 289.341 13.4236 3884 112.048 243.543 385.57
787 0 298.401 13.5489 4043 110.847 244.129 376.037
788 0 311.245 17.0252 5299 99.6858 242.764 359.989
789 0 314.311 15.7678 4956 103.04 243.653 363.509
790 0 323.29 14.8381 4797 105.563 243.227 357.693
791 0 332.262 15.1597 5037 104.605 243.412 356.733
792 0 341.285 15.298 5221 102.782 243.77 352.636
793 0 350.307 14.65 5132 104.333 243.739 349.225
794 1 299.304 12.5759 3764 109.216 243.24 379.431
795 0 309.292 13.2076 4085 107.852 244.098 370.834
796 0 317.249 12.8732 4084 108.975 243.307 368.074
797 0 326.279 15.594 5088 98.9625 243.896 357.727
798 0 336.281 15.6506 5263 99.5009 243.382 351.016
799 0 347.289 15.0048 5211 103.331 243.283 347.298
800 0 356.24 14.5772 5193 105.879 242.927 342.862
801 0 369.317 14.5756 5383 103.804 242.7 339.468
802 0 381.323 14.2032 5416 104.649 242.791 333.075
803 0 393.305 14.2714 5613 102.64 242.584 326.822
804 1 319.307 11.4874 3668 107.241 243.493 378.214
805 0 325.466 11.4544 3728 110.968 243.752 374.26
806 0 335.57 12.3521 4145 110.295 243.366 359.731
807 0 345.465 15.1593 5237 104.919 242.797 308.955
808 0 355.574 14.8042 5264 105.824 242.317 310.848
809 0 367.744 15.1192 5560 102.376 242.803 305.006
810 0 368.985 14.6374 5401 103.915 242.296 291.25
811 0 372.878 15.5547 5800 101.887 242.506 293.122
812 0 378.896 15.9833 6056 101.058 242.493 294.757
813 0 189.341 10.658 2018 105.966 242.641 413.675
814 0 192.38 11.8983 2289 109.233 243.285 411.468
815 0 195.299 11.5669 2259 111.198 243.103 409.202
816 0 196.285 11.2999 2218 109.237 242.74 410.156
817 0 202.179 12.0636 2439 107.883 241.692 411.831
818 0 207.224 14.1055 2923 101.411 242.354 408.196
819 0 211.212 12.5087 2642 108.265 242.667 409.586
820 0 217.277 12.4496 2705 106.746 241.86 417.64
821 0 220.213 11.943 2630 112.193 242.746 415.456
822 0 225.22 12.2192 2752 112.59 242.772 416.719
823 0 232.243 14.6226 3396 106.162 242.809 403.924
824 0 237.344 14.1904 3368 106.401 241.89 404.287
825 0 243.288 15.0357 3658 104.952 242.738 402.738
826 1 55.1224 9.3247 514 87.3074 243.739 503.496
827 0 54.1556 9.67582 524 87.0344 243.429 503.565
828 0 55.228 9.23444 510 85.6373 243.625 504.345
829 0 54.1885 9.35623 507 88.6667 243.396 504.604
830 0 58.1961 10.0694 586 87.9198 243.372 505.584
831 0 58.2126 10.1868 593 88.2445 242.934 502.331
832 0 63.136 10.2319 646 102.641 243.698 501.534
833 0 62.171 12.7551 793 82.7692 242.87 501.351
834 0 60.1483 11.721 705 88.4837 243.326 502.288
835 0 60.1583 11.7856 709 91.7264 243.392 503.436
836 0 61.1876 10.7375 657 105.826 244.268 502.253
837 0 63.1097 10.7115 676 112.022 244.154 500.923
838 0 63.1506 10.7521 679 114.315 244.054 501.038
839 0 64.0806 11.3919 730 111.664 243.066 501.562
840 0 65.1763 11.2618 734 112.546 243.591 501.319
841 0 66.1267 11.2814 746 111.819 243.358 500.645
842 0 64.1019 10.9201 700 114.847 243.559 500.596
843 0 65.1159 11.7022 762 113.518 242.996 497.371
844 0 64.0964 11.0927 711 111.681 243.273 498.776
845 0 65.1088 11.4885 748 110.933 243.277 497.717
846 0 64.0909 11.4681 735 111.933 242.377 497.453
847 0 64.1103 11.7142 751 110.862 242.716 498.449
848 0 66.0819 12.1062 800 108.895 242.712 497.818
849 0 65.1541 12.1098 789 106.97 242.866 496.762
850 0 66.1277 11.6441 770 108.478 242.687 497.681
851 0 64.0946 11.3114 725 109.661 243.139 498.739
852 0 59.1191 11.4515 677 100.659 242.775 501.818
853 0 118.315 11.3173 1339 96.814 241.816 474.156
854 0 116.382 10.7663 1253 100.416 241.52 479.61
855 0 116.361 10.8886 1267 105.222 241.627 479.471
856 0 118.439 11.5502 1368 108.531 241.438 479.692
857 0 116.379 11.3336 1319 110.296 241.846 480.009
858 0 116.269 11.4304 1329 112.121 241.488 479.599
859 0 117.22 11.5594 1355 111.893 241.828 479.401
860 1 56.0793 10.7526 603 114.97 242.944 505.287
861 0 57.0291 11.047 630 113.127 242.098 504.575
862 0 56.0405 10.7244 601 114.561 243.042 503.699
863 0 57.059 10.7082 611 114.813 243.794 504.273
864 0 57.0593 10.6731 609 113.772 243.346 504.123
865 0 56.0276 10.5127 589 115.228 242.757 504.226
866 0 54.0297 10.0685 544 113.404 243.162 505.52
867 0 55.0231 9.97763 549 110.689 243.073 506.04
868 0 57.0869 9.93222 567 109.728 243.153 504.143
869 0 57.0507 10.2716 586 108.841 242.782 503.009
870 0 57.0291 10.8366 618 105.71 242.786 503.794
871 0 56.0443 10.4382 585 106.586 243.003 501.959
872 0 56.0189 10.7464 602 103.457 243.091 503.238
873 0 58.0525 10.525 611 102.951 242.486 503.542
874 0 57.0502 10.3943 593 102.069 242.774 504.411
875 0 58.0167 10.8762 631 99.2552 242.664 506.49
876 0 58.0483 10.095 586 102.271 242.606 503.985
877 0 57.018 11.1544 636 98.9638 242.025 503.596
878 0 56.0484 10.2768 576 99.9757 242.132 505.01
879 0 58.0186 11.031 640 97.4734 242.412 504.789
880 0 56.0507 10.205 572 97.9161 242.236 504.68
881 0 57.0429 10.3782 592 98.2162 242.883 503.091
882 0 56.0137 9.87258 553 98.6998 242.331 504.506
883 0 57.0464 10.1146 577 97.825 243.159 503.704
884 0 56.0431 9.27857 520 98.5635 242.74 504.806
885 0 57.0505 10.7098 611 95.6874 241.707 500.36
886 0 57.0868 9.26659 529 97.2552 242.548 502.191
887 0 57.101 9.38687 536 114.752 243.535 502.011
888 0 58.0416 10.1307 588 93.284 242.476 503.332
889 0 57.0243 9.25921 528 94.3144 242.511 502.1
