time division length width area intensity CMx CMy
0 0 81.0927 13.2564 1075 160.66 322.177 481.984
1 0 80.0558 13.1908 1056 140.292 324.496 481.281
2 0 84.0827 12.5829 1058 138.308 324.439 481.786
3 0 84.0839 13.3676 1124 134.234 323.908 480.576
4 0 88.1428 13.0697 1152 132.856 324.375 477.576
5 0 89.1277 13.0599 1164 130.021 324.495 476.644
6 0 93.07 12.6679 1179 128.681 323.856 476.128
7 0 95.116 13.1734 1253 123.899 324.71 476.856
8 0 98.1621 13.0906 1285 122.053 324.268 473.921
9 0 99.0897 12.4735 1236 120.585 324.406 472.358
10 0 104.235 13.0954 1365 117.948 323.567 472.672
11 1 51.073 12.257 626 115.973 323.772 496.046
12 0 54.0783 12.8148 693 111.404 324.713 494.685
13 0 56.1026 13.1545 738 102.772 323.417 493.82
14 0 53.0338 11.9169 632 107.733 322.953 496.791
15 0 55.0283 12.3391 679 104.43 322.577 495.68
16 0 55.0349 12.4467 685 104.762 323.279 495.096
17 0 56.0364 12.706 712 104.122 322.222 493.407
18 0 58.0462 12.4039 720 102.435 322.143 494.653
19 0 61.167 12.7029 777 99.7259 322.054 491.779
20 0 62.0476 12.6355 784 100.037 322.068 491.801
21 0 64.0964 13.1365 842 97.7542 321.23 491.777
22 0 67.0609 12.7347 854 96.3665 321.487 490.155
23 0 70.1128 12.9648 909 94.6326 321.697 488.99
24 0 70.1075 12.0814 847 98.4227 321.832 488.669
25 0 72.1397 12.5035 902 95.9335 322.477 487.024
26 0 75.0926 12.4247 933 95.0932 322.2 487.135
27 0 76.1047 12.2857 935 95.1112 321.618 484.756
28 0 80.0615 13.0774 1047 92.2617 321.224 484.66
29 0 83.1384 12.5093 1040 92.8058 320.647 482.575
30 0 84.0886 12.9625 1090 92.8303 321.14 480.755
31 0 87.1283 12.5103 1090 93.2275 322.009 479.28
32 0 88.1328 12.6173 1112 92.7356 321.323 481.201
33 0 91.1339 12.8821 1174 91.4685 321.205 478.06
34 0 96.0995 12.6119 1212 91.8226 320.982 475.708
35 0 99.0795 12.9391 1282 89.6919 321.868 473.89
36 0 102.094 12.4004 1266 90.4755 322.01 472.133
37 0 104.112 12.2657 1277 88.3226 321.395 468.352
38 0 107.125 12.7982 1371 87.5091 321.212 464.51
39 0 110.087 11.2639 1240 90.3436 321.189 466.576
40 0 116.247 12.4906 1452 85.5771 321.134 462.688
41 1 59.1421 10.6185 628 83.1545 321.559 488.118
42 0 63.1518 11.7495 742 85.5499 321.79 489.759
43 0 63.0467 11.7849 743 85.7698 321.044 494.864
44 0 64.0536 11.6153 744 86.3495 320.926 493.302
45 0 67.0408 11.9032 798 87.2531 320.583 492.914
46 0 70.0528 11.991 840 86.7976 320.874 491.638
47 0 71.069 12.4105 882 85.5805 321.031 490.909
48 0 74.1104 12.3869 918 85.9216 321.147 487.977
49 0 77.0843 12.5188 965 85.7161 320.127 486.439
50 0 79.0873 13.327 1054 83.1063 320.051 485.567
51 0 81.0871 13.0477 1058 83.6588 320.396 485.015
52 0 85.0415 13.123 1116 83.1702 320.612 482.274
53 0 88.1215 13.6743 1205 83.5112 320.734 480.221
54 0 92.1074 13.2671 1222 84.7111 320.525 479.445
55 0 95.1022 13.4802 1282 83.188 321.201 477.797
56 0 98.1428 13.7351 1348 82.0415 321.168 476.467
57 0 101.073 13.9701 1412 82.6388 320.804 474.226
58 0 104.067 12.7994 1332 94.0143 321.132 473.688
59 0 106.041 13.7211 1455 91.6955 321.363 471.399
60 0 108.088 13.3317 1441 92.1409 320.908 469.819
61 1 46.0158 10.1704 468 88.3526 319.776 501.861
62 0 47.0264 11.1001 522 84.3065 320.224 501.312
63 0 48.0406 11.4695 551 84.0653 320.045 500.742
64 0 49.0081 12.0592 591 86.6599 319.888 500.108
65 0 50.0914 11.9182 597 87.3082 321.707 500.271
66 0 52.106 11.918 621 87.4718 321.002 499.886
67 0 53.0474 12.7245 675 86.4444 320.841 499
68 0 55.1086 12.7022 700 86.4757 320.256 498.17
69 0 56.1317 12.5419 704 86.8182 320.378 497.732
70 0 56.1123 12.7423 715 82.3287 319.919 499.291
71 0 56.0729 12.5907 706 83.6586 320.024 499.126
72 0 60.0911 12.714 764 82.7238 320.03 497.637
73 0 60.0512 12.6392 759 84.7708 320.381 496.103
74 0 62.0759 13.854 860 83.0151 320.254 495.376
75 0 63.0599 13.3365 841 85.8407 320.798 493.715
76 0 66.0657 13.5623 896 85.2176 320.533 492.424
77 0 69.1037 13.7909 953 83.936 320.922 490.975
78 0 71.0732 13.6479 970 89.4928 321.327 489.857
79 0 73.0523 13.0454 953 90.3893 321.086 488.834
80 0 75.142 13.9602 1049 87.8713 321.391 487.67
81 0 76.0827 13.4328 1022 89.6849 321.311 486.603
82 0 80.0766 13.6744 1095 88.1306 321.732 485.732
83 0 81.0908 12.7635 1035 90.0155 320.911 482.26
84 0 84.1239 13.7535 1157 87.261 321.362 482.034
85 0 87.064 14.2194 1238 85.374 321.059 481.401
86 1 42.0236 10.97 461 85.1974 320.976 504.79
87 0 45.0675 11.3385 511 82.5832 321.278 504.043
88 0 46.041 11.2726 519 77.3931 321.434 502.566
89 0 47.0214 12.5262 589 81.2615 320.448 500.604
90 0 45.0174 12.2175 550 78.3964 323.698 502.729
91 0 47.0457 12.0521 567 79.0459 323.111 501.757
92 0 50.0362 12.391 620 77.2 322.598 500.808
93 0 49.0405 12.2552 601 78.9667 321.93 501.027
94 0 50.0744 12.4015 621 79.715 321.953 500.377
95 0 53.0408 12.4998 663 78.9834 321.801 499.219
96 0 54.008 12.6463 683 79.0161 321.537 498.015
97 0 56.042 12.8475 720 76.6403 320.799 497.778
98 0 56.031 12.4574 698 81.3009 320.705 497.67
99 0 58.0321 13.2341 768 79.5104 321.044 496.451
100 0 62.0432 12.8459 797 80.0477 321.109 495.607
101 0 63.0476 12.6254 796 81.0302 321.748 493.671
102 0 65.0336 13.6237 886 79.6275 321.219 492.986
103 0 66.0591 13.2911 878 80.5558 321.175 492.027
104 0 67.0379 13.2462 888 81.5935 320.841 492.16
105 0 70.0673 13.8724 972 81.7901 321.315 489.801
106 0 73.0352 13.8974 1015 81.9902 321.406 488.085
107 0 74.0334 13.8586 1026 83.577 321.109 486.975
108 0 78.1262 14.2462 1113 82.5022 320.639 484.531
109 0 79.0575 13.7748 1089 84.2121 319.785 485.159
110 0 83.0416 14.4747 1202 82.8453 320.884 482.716
111 0 85.1879 14.2626 1215 83.0543 321.346 480.277
112 0 90.1231 14.225 1282 82.5094 320.747 480.94
113 1 45.0385 11.6345 524 86.7805 320.756 500.782
114 0 46.0726 11.7858 543 81.744 321.586 500.742
115 0 48.0393 12.7188 611 77.5352 321.057 499.93
116 0 51.0316 13.0703 667 76.2474 320.996 500.183
117 0 52.0165 12.8229 667 75.4378 321.486 500.082
118 0 54.0951 12.7923 692 75.8945 320.231 498.172
119 0 56.023 12.9411 725 75.9724 320.415 497.341
120 0 58.0341 12.5788 730 75.826 319.959 496.418
121 0 60.039 12.8916 774 74.5336 320.662 496.708
122 0 60.1213 13.4728 810 73.8062 320.678 495.498
123 0 62.0206 12.512 776 76.1985 320.972 494.452
124 0 62.0562 12.6176 783 77.7497 321.277 495.377
125 0 64.0194 12.7149 814 78.1732 321.056 493.432
126 0 66.0418 11.6896 772 80.7966 319.699 492.828
127 0 70.0532 13.1186 919 78.6714 319.324 490.908
128 0 73.0416 12.5271 915 80.5148 319.397 490.922
129 0 74.0354 12.7507 944 81.0403 320.226 489.112
130 0 76.0405 12.0988 920 82.3044 319.171 489.289
131 0 81.0671 12.6932 1029 80.3518 320.405 487.266
132 0 81.0553 12.3989 1005 81.4547 319.93 484.702
133 0 84.1161 12.3401 1038 80.5491 320.092 484.857
134 0 86.0776 11.7568 1012 82.7253 320.522 483.885
135 0 89.0642 11.6994 1042 82.0134 320.507 482.459
136 1 47.0428 11.0538 520 82.8365 319.931 502.035
137 0 49.0862 11.9382 586 81.8464 320.046 500.353
138 0 50.098 11.1581 559 81.4973 319.853 499.916
139 0 50.0672 10.5458 528 83.4848 320.131 499.778
140 0 51.0861 10.6683 545 82.4716 320.606 500.585
141 0 56.0697 11.9851 672 80.2545 320.144 497.772
142 0 58.0164 11.152 647 81.7125 320.949 496.801
143 0 59.0513 11.2783 666 82.5015 320.721 497.024
144 0 61.0594 12.2504 748 81.1096 320.414 493.44
145 0 64.0577 11.7238 751 81.9161 320.009 494.766
146 0 66.0448 11.9161 787 82.1512 319.952 492.793
147 0 67.1194 11.7105 786 83.9326 320.206 491.654
148 0 70.1375 11.7626 825 83.8048 320.331 490.641
149 0 75.1713 12.2254 919 82.7791 320.276 488.512
150 0 77.1701 11.7792 909 84.5236 320.482 487.713
151 0 81.159 12.3092 999 84.8869 320.403 485.206
152 0 82.1265 11.9815 984 87.0986 320.359 482.468
153 0 86.0664 12.3045 1059 88.3201 319.481 480.764
154 1 46.0544 11.5081 530 83.8019 318.715 503.349
155 0 49.0406 11.9493 586 81.9454 318.945 502.457
156 0 48.0362 12.6987 610 82.0246 319.169 502.587
157 0 51.0863 11.9406 610 82.7787 319.513 500.838
158 0 52.0381 12.5869 655 83.3572 319.773 500.266
159 0 55.0744 12.2743 676 83.7456 320.04 500.133
160 0 56.0628 12.486 700 84.5871 319.734 498.164
161 0 58.0626 12.2971 714 84.5252 319.308 497.027
162 0 59.1742 13.08 774 83.3501 318.571 497.258
163 0 61.0581 12.9057 788 83.7716 318.53 495.938
164 0 64.0832 12.9051 827 81.8767 317.885 494.365
165 0 65.0911 13.1354 855 82.214 318.44 492.12
166 0 66.0752 12.6674 837 83.2401 318.305 491.897
167 0 69.1586 13.375 925 81.4789 319.125 489.812
168 0 71.1056 13.3745 951 81.4721 318.801 488.165
169 0 74.208 13.5295 1004 80.762 319.246 488.679
170 0 78.0869 13.4722 1052 81.7804 318.749 487.283
171 0 79.0945 13.5408 1071 81.831 319.349 486.415
172 0 82.1144 12.7262 1045 84.6938 318.873 483.478
173 0 86.1166 13.0637 1125 84.1164 319.181 482.635
174 0 87.1007 12.652 1102 92.5799 318.833 480.064
175 0 91.1675 13.0748 1192 90.3993 318.628 479.81
176 1 48.13 10.4924 505 87.8911 318.905 502.653
177 0 48.064 10.9229 525 86.9162 318.787 500.714
178 0 52.1429 11.3918 594 87.1835 319.131 500.439
179 0 53.0627 11.722 622 86.4695 319.394 499.331
180 0 55.104 12.1225 668 85.4641 319.106 498.488
181 0 56.1075 12.1552 682 83.1334 318.843 497.299
182 0 59.0986 13.1644 778 80.0424 318.564 495.927
183 0 61.2178 12.4964 765 81.0706 318.603 495.586
184 0 62.1245 13.0061 808 79.9691 319.131 494.205
185 0 63.0872 12.6967 801 80.7541 318.693 494.156
186 0 65.128 12.6981 827 80.5973 318.796 492.006
187 0 67.0518 13.0198 873 80.5682 318.892 490.802
188 0 69.0617 13.4373 928 79.569 318.955 489.413
189 0 72.0529 12.8933 929 79.732 319.074 488.01
190 0 75.0867 12.6387 949 79.8651 319.112 487.81
191 0 77.1183 13.0319 1005 81.3015 318.987 484.439
192 0 78.084 13.1909 1030 82.966 319.073 484.403
193 0 81.1195 12.9685 1052 84.23 318.396 483.115
194 0 84.1139 12.8635 1082 84.9492 318.636 481.718
195 0 88.084 13.4417 1184 83.5828 318.683 481.591
196 0 90.1024 13.074 1178 84.9762 318.753 478.66
197 0 92.1024 13.3656 1231 84.2023 318.49 476.945
198 0 97.1302 13.765 1337 90.6163 317.908 476.132
199 0 98.0435 13.1166 1286 91.5288 318.222 475.015
200 0 103.146 12.9137 1332 90.759 318.492 472.996
201 0 105.139 12.8591 1352 90.5954 318.629 471.884
202 0 111.171 13.2229 1470 111.52 319.285 469.879
203 0 114.205 13.9048 1588 106.559 318.78 467.861
204 0 115.21 13.0284 1501 109.928 320.103 465.979
205 1 61.0317 12.7966 781 95.726 320.823 494.566
206 0 63.0404 12.3889 781 96.6761 320.282 493.517
207 0 65.0782 12.6002 820 96.8037 319.218 493.184
208 0 67.0425 12.4697 836 95.872 319.307 491.824
209 0 69.0408 12.2536 846 93.1099 319.53 489.538
210 0 73.0452 12.6771 926 90.3099 319.184 488.106
211 0 73.0363 12.2679 896 93.9821 319.49 487.462
212 0 77.0931 12.7119 980 92.6163 319.04 486.523
213 0 79.0628 12.1928 964 93.2956 319.302 485.776
214 0 80.0726 12.6011 1009 94.334 318.529 484.877
215 0 84.059 13.3002 1118 91.864 317.771 482.959
216 0 87.0813 12.6434 1101 93.3197 318.013 481.882
217 0 90.1042 12.9295 1165 93.3391 318.242 480.249
218 0 94.0637 12.9593 1219 93.1395 318.155 478.604
219 0 97.102 12.8422 1247 94.8356 318.268 476.188
220 0 100.069 12.1716 1218 98.5296 318.012 474.428
221 0 103.156 12.1854 1257 99.0334 318.53 471.8
222 0 107.261 13.0057 1395 96.4717 319.087 468.227
223 0 110.217 12.7658 1407 96.6034 319.111 467.529
224 0 111.307 12.4161 1382 97.4124 319.472 466.41
225 0 116.35 12.9093 1502 95.1811 319.171 464.332
226 0 119.212 12.7084 1515 95.3908 318.818 463.22
227 1 62.2633 11.9171 742 88.5135 318.717 491.571
228 0 64.2143 12.1001 777 87.2716 319.507 490.83
229 0 67.1804 12.4143 834 86.1619 319.052 488.826
230 0 68.1391 13.0322 888 84.7624 319.53 488.849
231 0 70.0896 11.7849 826 88.0024 318.397 490.13
232 0 72.0596 12.1566 876 87.0057 318.495 488.655
233 0 74.0687 11.9079 882 87.3923 318.893 487.397
234 0 77.0154 12.7767 984 85.0213 318.823 485.702
235 0 78.0424 12.0704 942 87.1603 318.432 484.352
236 0 82.0813 11.9516 981 87.8807 317.942 484.014
237 0 83.0662 12.4359 1033 87.4724 317.574 482.407
238 0 85.1379 12.0745 1028 87.0982 317.725 481.906
239 0 89.1001 12.0202 1071 88.0299 317.238 479.596
240 0 91.05 12.3449 1124 88.1085 317.426 476.479
241 0 95.0728 12.2222 1162 87.0095 317.635 477.047
242 0 98.0711 12.3584 1212 86.3317 317.928 474.529
243 0 100.088 11.9795 1199 86.9875 317.308 473.616
244 0 105.178 12.5501 1320 85.4545 318.224 471.466
245 0 108.137 12.7338 1377 85.0828 317.826 469.407
246 0 112.146 11.7793 1321 87.0621 318.248 467.715
247 1 60.0414 10.7592 646 83.2879 318.127 495.87
248 0 62.1097 10.884 676 82.3817 317.907 494.657
249 0 65.0457 11.7148 762 80.336 317.034 493.178
250 0 65.0927 11.3223 737 81.3745 318.691 491.399
251 0 69.107 11.0698 765 79.034 318.588 489.251
252 0 70.092 11.6418 816 77.6176 319.081 488.408
253 0 75.0548 12.3643 928 75.6272 318.78 487.071
254 0 76.0922 12.2352 931 75.4544 318.348 485.883
255 0 81.0996 12.5278 1016 74.6841 319.727 483.8
256 0 81.0486 11.635 943 77.5737 319.356 481.498
257 0 86.0498 11.9466 1028 76.4358 320.018 480.447
258 0 89.1266 12.0054 1070 77.3 319.668 479.211
259 0 92.068 11.926 1098 76.7614 319.584 477.1
260 0 95.1128 12.0068 1142 78.2347 318.871 475.844
261 0 97.066 11.7343 1139 80.6795 320.021 476.798
262 0 101.186 11.553 1169 82.0282 319.435 474.388
263 1 52.1822 11.4599 598 81.2324 319.632 497.299
264 0 54.1584 11.4294 619 79.538 319.976 496.068
265 0 57.0207 11.3994 650 78.8062 320.44 495.742
266 0 56.0687 11.2362 630 80.5778 319.711 494.722
267 0 57.0524 12.3395 704 77.777 319.797 493.828
268 0 58.0435 11.8876 690 75.5768 317.814 493.658
269 0 61.0687 11.266 688 75.1352 318.206 493.538
270 0 60.048 11.5907 696 75.0273 318.835 493.091
271 0 61.0277 11.6996 714 74.3585 318.734 491.997
272 0 66.0798 11.9552 790 72.7443 317.629 491.639
273 0 66.0478 11.9762 791 73.0999 317.997 489.719
274 0 68.105 11.7612 801 73 317.926 489.251
275 0 69.0915 11.492 794 73.4219 318.324 487.072
276 0 69.0354 10.9944 759 75.9763 317.975 488.593
277 0 71.0726 11.0169 783 76.175 318.24 487.083
278 0 75.0656 12.0428 904 74.6858 318.331 486.782
279 0 76.0757 11.7252 892 75.8969 317.621 486.434
280 0 79.0653 11.6612 922 76.974 317.714 484.971
281 0 81.0464 11.8944 964 77.5467 317.332 482.784
282 0 85.0957 12.6093 1073 77.6468 318.109 481.736
283 0 87.0467 11.534 1004 80.263 317.199 481.787
284 0 90.064 11.6695 1051 81.0362 318.191 480.168
285 0 92.0687 11.9911 1104 81.4565 318.131 479.007
286 0 93.1421 11.8206 1101 82.7293 317.716 475.533
287 0 98.0595 12.4516 1221 81.4488 318.016 477.135
288 0 101.122 12.2327 1237 83.9095 317.413 474.422
289 0 104.148 12.4631 1298 84.8544 317.087 469.767
290 1 56.0938 10.839 608 85.3454 317.617 494.919
291 0 59.0991 11.6245 687 81.6055 317.515 494.33
292 0 60.1276 11.8581 713 82.9748 317.265 493.475
293 0 60.1861 12.2454 737 91.3948 317.626 490.92
294 0 62.1459 12.2454 761 90.9014 316.909 491.385
295 0 65.119 12.5616 818 91.0452 316.638 489.297
296 0 66.1592 12.6362 836 92.0156 316.481 488.562
297 0 68.1435 12.8259 874 92.3741 316.121 486.9
298 0 70.1366 13.3596 937 91.4995 316.974 487.455
299 0 72.1139 12.5912 908 94.2764 317.461 486.112
300 0 75.1303 12.9242 971 94.6241 317.213 485.166
301 0 77.1484 13.2213 1020 93.1559 317.605 483.866
302 0 79.2053 13.0926 1037 95.5333 317.246 482.731
303 0 82.148 12.5749 1033 97.4395 317.402 481.178
304 0 84.1997 13.0286 1097 96.7402 318.065 480.072
305 0 88.2879 12.8557 1135 96.541 317.734 477.284
306 0 89.2972 12.8784 1150 98.4574 318.073 475.189
307 0 94.2176 12.8851 1214 95.8583 318.214 475.011
308 1 51.0227 10.2307 522 90.7893 316.621 500.052
309 0 51.0079 11.312 577 90.5009 316.835 500.328
310 0 53.0758 11.1162 590 90.1085 316.846 499.459
311 0 54.0259 11.439 618 91.4272 317.477 497.903
312 0 56.0451 11.5264 646 96.8839 315.806 496.094
313 0 58.0402 12.3535 717 81.5314 318.132 498.414
314 0 59.0551 12.2089 721 81.595 317.283 497.398
315 0 61.0595 12.8891 787 79.5972 318.071 497.221
316 0 64.0513 12.0528 772 80.9404 317.53 496.878
317 0 64.106 12.1206 777 80.7117 318.407 495.408
318 0 67.0648 11.8095 792 81.8775 317.753 494.758
319 0 67.0761 12.0907 811 81.9482 317.73 493.573
320 0 70.0531 12.1051 848 83.9552 317.928 492.658
321 0 71.0584 12.5953 895 83.3721 317.378 492.889
322 0 73.0882 12.4918 913 85.1862 317.291 492.044
323 0 76.0808 11.7901 897 85.7135 316.852 491.644
324 0 78.0722 12.8215 1001 84.2078 316.882 489.328
325 0 79.0717 12.8365 1015 86.2434 316.632 487.974
326 0 83.1058 12.1411 1009 89.0357 316.437 486.881
327 0 85.1646 12.7987 1090 89.2725 316.572 485.648
328 0 89.0611 12.3062 1096 91.614 316.393 485.431
329 0 90.0636 13.1018 1180 89.8856 316.465 483.634
330 0 93.0623 12.5078 1164 94.4287 315.948 481.573
331 0 94.0987 11.6261 1094 98.7038 316.288 479.821
332 1 52.0484 9.91386 516 100.236 315.671 501.504
333 0 55.0947 11.0537 609 98.0542 315.432 499.535
334 0 56.0375 11.064 620 101.432 315.66 500.01
335 0 56.0364 12.135 680 100.001 315.81 499.206
336 0 58.0248 12.3396 716 92.6732 315.003 498.064
337 0 60.0877 12.2155 734 91.4074 315.606 496.316
338 0 62.0692 11.8738 737 91.9634 316.267 496.864
339 0 63.0635 12.7332 803 90.2441 316.193 495.719
340 0 64.018 12.1528 778 93.2969 315.537 495.12
341 0 65.0402 11.9926 780 93.9987 316.674 493.963
342 0 69.0383 12.4858 862 91.0986 316.06 493.846
343 0 70.0643 12.4314 871 92.4719 315.813 493.298
344 0 68.0317 12.2296 832 96.9291 315.856 493.541
345 0 70.0515 11.2917 791 98.9924 315.394 493.332
346 0 74.0504 11.4517 848 98.2476 315.502 491.79
347 0 76.0774 11.7512 894 96.3076 315.214 490.454
348 0 77.0494 11.9923 924 97.6158 314.843 489.55
349 0 81.1067 12.4527 1010 96.4792 314.966 488.402
350 0 83.0824 11.8196 982 96.8931 315.411 488.185
351 0 87.0419 12.8788 1121 96.0937 315.415 486.69
352 0 90.0613 12.4582 1122 96.6185 315.256 486.285
353 0 91.03 12.5563 1143 98.6964 315.104 483.618
354 0 95.1532 12.6638 1205 100.021 315.144 482.359
355 0 99.0777 12.7375 1262 101.583 315.445 479.54
356 0 102.101 12.8402 1311 104.844 314.712 477.417
357 0 105.133 12.898 1356 103.483 314.463 476.09
358 0 108.181 13.1539 1423 104.587 314.201 475.131
359 1 62.0745 11.5668 718 105.66 315 498.34
360 0 63.1238 11.6279 734 105.388 315.125 496.617
361 0 63.0961 11.221 708 97.5636 315.083 492.306
362 0 63.1058 11.2351 709 93.921 315.028 491.317
363 0 66.118 10.8442 717 83.6848 315.148 490.887
364 0 66.0492 10.7344 709 87.7743 315.626 488.333
365 0 65.0282 10.6877 695 89.9453 315.695 488.443
366 0 70.0383 11.0797 776 89.143 315.317 485.215
367 0 70.0939 11.0138 772 89.5194 315.234 485.124
368 0 74.0249 11.4421 847 87.9244 315.566 483.14
369 0 76.0677 10.6484 810 90.721 315.344 482.722
370 0 80.0316 11.1706 894 89.5447 315.409 480.408
371 0 82.0865 10.8179 888 90.0158 315.864 476.313
372 0 83.0766 11.3269 941 88.1095 315.518 476.149
373 0 85.06 10.8277 921 89.861 316.152 475.127
374 0 89.13 11.5449 1029 86.173 317.257 475.641
375 0 95.1555 12.2326 1164 88.732 317.072 476.941
376 0 98.1204 12.8617 1262 89.7227 316.498 477.353
377 0 102.096 12.8703 1314 90.019 316.619 475.193
378 0 106.219 12.7472 1354 100.222 316.641 473.84
379 0 110.079 13.1632 1449 98.4534 316.375 472.188
380 0 113.108 13.244 1498 98.2797 316.503 468.449
381 0 117.182 13.5601 1589 95.8962 316.199 466.059
382 0 120.166 12.9738 1559 98.0872 316.716 463.941
383 0 125.131 13.2022 1652 95.5617 316.404 462.834
384 0 129.173 13.0678 1688 96.7115 316.779 461.149
385 0 135.172 13.2868 1796 94.7734 316.304 458.723
386 1 75.0942 11.5588 868 93.7938 316.65 488.733
387 0 78.1283 11.4939 898 92.3096 316.115 487.337
388 0 81.078 12.1241 983 80.2462 316.357 484.969
389 0 82.0426 11.043 906 84.6799 316.691 486.063
390 0 85.0672 11.7319 998 84.4669 316.761 484.627
391 0 86.0595 11.9452 1028 85.0185 315.928 482.597
392 0 89.1318 11.6457 1038 86.1378 316.472 480.17
393 0 92.1543 11.6652 1075 85.5702 316.818 478.97
394 0 96.0604 11.7634 1130 85.385 316.903 477.816
395 0 99.139 12.1647 1206 84.6119 317.388 475.174
396 0 102.079 12.4413 1270 83.9756 316.964 474.893
397 0 104.093 11.5377 1201 85.6395 316.098 473.271
398 0 108.137 12.9743 1403 82.1589 316.966 471.315
399 0 112.09 12.2581 1374 83.706 317.164 469.924
400 0 115.066 12.3755 1424 82.2051 317.282 467.21
401 0 117.158 12.0351 1410 83.3617 316.579 464.933
402 0 120.225 12.6097 1516 83.785 316.016 461.645
403 0 123.257 12.0156 1481 84.58 316.005 459.914
404 0 127.17 12.2513 1558 85.0725 316.922 459.657
405 0 131.246 12.2214 1604 86.0854 316.743 454.984
406 0 136.232 12.3686 1685 85.9104 316.45 453.281
407 0 141.214 12.7466 1800 84.2439 316.703 451.704
408 0 144.29 12.8283 1851 84.7488 316.833 450.2
409 0 148.282 12.7258 1887 86.4452 316.43 447.332
410 0 155.244 12.825 1991 86.0723 316.184 445.767
411 0 159.287 13.2779 2115 86.4931 315.682 443.207
412 0 162.188 12.1032 1963 90.7417 315.801 439.944
413 0 170.168 12.8344 2184 89.1209 316.315 438.609
414 0 174.261 12.9748 2261 90.5816 316.294 435.963
415 0 178.228 12.888 2297 93.0035 316.741 433.8
416 0 184.273 13.1435 2422 92.3724 316.095 430.159
417 0 190.255 13.3978 2549 91.5151 316.3 427.905
418 0 195.28 13.0326 2545 93.2043 316.758 426.816
419 0 200.338 13.2975 2664 93.7695 316.148 421.251
420 0 209.278 12.9254 2705 93.6847 316.369 417.622
421 0 211.396 13.4203 2837 93.3666 316.486 410.993
422 0 218.291 12.9185 2820 94.8291 316.075 408.662
423 0 222.279 13.1952 2933 95.1084 316.778 403.876
424 0 232.212 13.8106 3207 94.6458 316.138 398.779
425 0 240.513 14.045 3378 95.082 315.877 392.502
426 0 245.29 14.489 3554 94.2133 315.99 385.523
427 1 171.234 11.0317 1889 97.306 316.269 425.327
428 0 178.187 11.314 2016 97.8438 316.662 421.522
429 0 186.227 12.517 2331 96.0738 316.475 416.852
430 0 193.285 12.3186 2381 96.0626 316.366 413.745
431 0 198.278 11.9277 2365 95.4736 316.597 411.401
432 0 204.245 12.2598 2504 95.8514 316.619 406.785
433 0 213.27 12.5662 2680 98.9187 317.159 403.068
434 0 219.185 12.802 2806 100.517 316.769 397.393
435 0 227.22 12.6309 2870 100.794 316.816 393.993
436 0 235.209 12.457 2930 102.37 316.64 392.627
437 0 240.204 13.1763 3165 101.046 315.671 382.139
438 1 58.0312 8.44373 490 78.9 316.11 486.743
439 0 66.0111 10.9224 721 85.1498 316.252 492.322
440 0 67.0352 10.9346 733 85.4789 316.555 491.097
441 0 68.0813 11.1191 757 83.1546 316.794 491.745
442 0 71.0374 11.3321 805 82.4273 317.785 490.411
443 0 69.0396 10.0812 696 75.2284 316.625 490.892
444 0 72.0307 10.1901 734 74.9428 316.074 488.593
445 0 75.0697 10.6168 797 77.3425 314.21 487.508
446 0 77.1066 10.9589 845 75.5136 314.401 487.86
447 0 80.0709 10.5906 848 74.8632 315.192 485.892
448 0 80.0962 10.4999 841 76.5077 314.963 485.332
449 0 83.1084 11.0217 916 74.44 315.096 483.533
450 0 88.0848 10.7964 951 84.5268 316.502 480.405
451 0 91.1286 11.3137 1031 83.3831 316.825 479.243
452 0 92.0619 11.2424 1035 84.344 314.715 478.663
453 0 97.1751 11.752 1142 85.5158 316.198 477.967
454 0 101.136 11.7663 1190 85.8773 316.025 475.394
455 0 103.161 11.5257 1189 86.3036 316.686 474.422
456 1 55.018 9.5605 526 85.4164 318.065 497.53
457 0 57.0195 10.3473 590 82.8644 318.136 495.79
458 0 59.1284 11.8217 699 80.9127 317.004 494.824
459 0 61.2368 11.3167 693 81.4242 315.61 491.776
460 0 61.1416 11.1872 684 72.6126 314.882 490.041
461 0 64.1322 12.1312 778 72.883 315.075 489.884
462 0 65.1542 12.739 830 72.7337 314.851 490.711
463 0 67.1008 12.5632 843 73.0759 314.664 488.751
464 0 68.1036 12.0405 820 74.5659 315.19 488.517
465 0 70.1537 12.7007 891 73.0819 315.097 489.119
466 0 73.0486 13.402 979 72.7457 316.139 490.845
467 0 75.0819 13.412 1007 72.7418 315.576 488.903
468 0 76.1798 13.0218 992 74.1845 314.585 486.987
469 0 78.1247 13.2993 1039 73.6294 316.085 486.954
470 0 81.1082 13.3032 1079 70.8035 318.256 485.461
471 0 82.1489 12.2947 1010 74.3554 317.519 485.089
472 0 82.0957 12.8265 1053 76.5233 316.403 485.656
473 0 83.1401 12.4489 1035 78.3739 317.517 485.842
474 0 87.1158 12.3858 1079 78.5218 316.237 483.555
475 0 89.0685 12.6307 1125 78.9387 317.594 483.701
476 0 92.1149 12.745 1174 78.9753 316.933 482.549
477 0 93.2022 12.9181 1204 80.4576 316.868 479.993
478 0 98.1878 12.3233 1210 80.6702 316.726 479.583
479 0 99.1307 12.8517 1274 78.617 316.912 475.784
480 1 57.1372 11.0611 632 80.9984 316.448 497.742
481 0 58.1406 11.7818 685 81.1358 315.835 496.428
482 0 58.0575 11.0925 644 76.0901 314.582 496.329
483 0 60.0834 12.3994 745 82.3638 316.23 495.376
484 0 63.0271 12.0742 761 81.2996 316.7 494.767
485 0 62.0308 11.1719 693 72.8672 315.24 496.853
486 0 63.0159 10.9496 690 71.3464 315.539 497.41
487 0 65.1135 11.288 735 71.8272 316.258 495.182
488 0 65.1221 11.3786 741 71.8785 316.52 492.744
489 0 66.0642 11.4586 757 71.5839 317.003 493.108
490 0 71.0413 11.6974 831 72.9928 316.18 491.844
491 0 72.1068 11.8297 853 72.4807 316.76 490.202
492 0 75.0468 11.806 886 71.9729 316.573 490.99
493 0 75.0924 11.6656 876 74.0148 317.308 488.548
494 0 79.1107 12.1855 964 72.3434 317.04 486.884
495 0 80.0698 11.9895 960 73.201 316.462 485.799
496 0 82.0986 12.0465 989 74.7391 315.864 483.63
497 0 86.0429 12.1683 1047 75.2512 316.544 483.19
498 0 87.0954 11.6194 1012 77.2826 316.671 481.47
499 0 91.0432 12.4227 1131 75.7913 316.601 480.666
500 0 93.0591 12.3685 1151 76.2789 316.121 479.677
501 0 97.0941 12.4003 1204 75.3048 315.832 479.744
502 0 100.178 12.7173 1274 74.7457 315.64 475.335
503 0 102.107 12.4184 1268 76.5402 315.601 473.613
504 0 106.148 12.3884 1315 75.4449 315.76 471.352
505 0 109.069 12.46 1359 76.6902 315.698 469.133
506 0 113.136 12.5778 1423 74.2326 315.942 466.396
507 0 116.146 12.5101 1453 75.6077 315.588 463.565
508 0 121.151 12.1997 1478 75.0968 315.426 465.073
509 1 64.1802 10.4549 671 70.9329 315.683 493.605
510 0 65.118 10.8111 704 69.331 316.018 493.229
511 0 66.1101 11.6926 773 69.4398 315.049 490.321
512 0 69.0835 12.0724 834 68.4904 315.695 492.609
513 0 70.0924 12.2124 856 69.5409 315.436 492.13
514 0 72.0784 12.4586 898 69.1002 315.947 490.306
515 0 75.0829 11.787 885 70.7333 315.794 489.872
516 0 75.0628 12.0166 902 71.449 316.096 487.441
517 0 78.0651 12.259 957 70.5768 315.731 489.492
518 0 82.1529 12.0142 987 70.4904 315.762 487.801
519 0 85.1756 12.5271 1067 70.91 315.721 484.661
520 0 86.0941 12.707 1094 71.3611 315.912 483.747
521 0 89.0822 12.09 1077 72.1337 315.437 483.301
522 0 94.079 13.2867 1250 69.8408 315.65 479.382
523 0 96.1319 12.1812 1171 72.1716 315.611 479.388
524 0 99.1362 12.8409 1273 71.5185 315.749 477.178
525 0 104.203 12.2358 1275 72.7482 316.115 476.507
526 0 106.185 12.2522 1301 73.1998 315.531 474.84
527 0 112.148 12.965 1454 71.9408 315.602 471.79
528 0 116.164 12.6459 1469 73.2655 315.106 470.165
529 0 119.289 13.5134 1612 70.8232 314.744 464.056
530 0 122.187 12.8819 1574 70.7154 313.801 464.875
531 1 70.0867 12.1421 851 75.0611 314.33 495.425
532 0 74.1169 11.6303 862 76.9316 314.594 493.777
533 0 73.1677 12.2048 893 77.5106 314.608 492.604
534 0 76.1132 12.1398 924 75.9232 315.513 492.353
535 0 79.1946 12.2104 967 77.1748 314.993 491.443
536 0 80.1553 12.4009 994 77.9326 314.896 490.068
537 0 84.1765 12.8658 1083 76.9428 314.431 487.402
538 0 86.1067 12.7284 1096 77.5484 313.984 487.101
539 0 89.1463 12.2495 1092 79.4881 314.046 484.832
540 0 93.0553 12.5732 1170 77.0829 312.969 483.78
541 0 96.0606 12.5546 1206 76.6418 313.907 481.62
542 0 98.1 11.8247 1160 78.4974 313.792 480.75
543 0 100.137 11.8737 1189 78.9588 313.675 478.634
544 0 105.085 11.9903 1260 78.4913 313.423 477.918
545 0 109.193 12.0887 1320 79.8871 313.89 476.317
546 1 56.1512 10.6676 599 75.1169 313.983 502.367
547 0 57.2152 10.7139 613 74.6199 315.44 498.396
548 0 61.1351 11.3192 692 70.5491 314.526 500.305
549 0 63.0538 12.0215 758 68.8826 313.72 500.475
550 0 64.1018 11.8717 761 69.9225 314.093 498.69
551 0 66.0592 12.3223 814 69.7862 314.532 498.258
552 0 66.1332 11.8549 784 71.6977 314.967 495.56
553 0 68.0805 11.6186 791 71.6132 314.188 495.936
554 0 71.073 11.5937 824 71.3216 314.604 494.822
555 0 72.0806 11.9866 864 72.1898 314.442 493.435
556 0 75.0884 11.4398 859 73.1991 315.757 492.293
557 0 78.0989 11.6647 911 72.5159 314.93 492.046
558 0 80.085 11.9373 956 81.5764 314.651 488.752
559 0 81.1113 11.552 937 82.5976 314.108 489.292
560 0 83.0416 11.0788 920 83.8109 314.551 487.972
561 0 88.0462 11.9369 1051 82.5604 314.567 486.234
562 0 89.0878 11.8759 1058 85.4386 314.825 485.614
563 0 91.2685 11.5593 1055 87.1147 314.615 484.021
564 0 93.1114 12.0716 1124 85.1628 314.584 483.447
565 0 97.1024 11.3282 1100 87.3136 314.387 483.377
566 0 100.117 11.6564 1167 87.4636 313.956 479.868
567 0 101.061 11.3693 1149 89.5126 314.488 477.275
568 0 105.164 11.2301 1181 89.7316 313.816 476.865
569 1 56.0522 10.4367 585 85.7812 314.48 501.85
570 0 58.0489 10.7323 623 85.6501 314.372 502.318
571 0 59.0754 11.1722 660 87.0318 315.117 500.448
572 0 61.0624 10.825 661 89.9849 313.661 499.661
573 0 62.0812 11.5494 717 89.7782 314.384 497.485
574 0 64.0787 11.5483 740 91.0311 313.008 497.323
575 0 67.0425 11.8134 792 90.6061 312.076 496.335
576 0 69.0647 11.6702 806 90.5682 312.086 496.447
577 0 71.0307 12.0089 853 89.7515 312.184 495.29
578 0 73.0238 12.0646 881 90.5494 312.368 494.401
579 0 74.0454 11.8981 881 91.7934 311.967 492.906
580 0 77.0726 11.833 912 90.9825 312.651 492.849
581 0 80.1064 12.1588 974 91.5092 312.887 492.171
582 0 82.0925 11.8647 974 92.9517 313.321 488.676
583 0 84.074 12.2511 1030 90.0845 312.15 487.862
584 0 85.0653 11.5676 984 92.6839 312.74 486.3
585 0 90.147 12.4907 1126 89.0329 312.175 484.859
586 0 90.2062 11.2187 1012 84.1571 312.948 485.545
587 0 93.1618 11.0453 1029 84.0554 312.997 484.764
588 0 93.1618 11.0238 1027 127.096 312.989 484.848
589 0 97.1836 11.5452 1122 84.0285 312.85 482.139
590 0 101.134 11.1732 1130 85.9522 313.429 480.755
591 0 103.204 11.3271 1169 85.0505 313.59 478.792
592 0 109.17 12.1095 1322 83.4834 313.753 477
593 1 60.1298 10.0283 603 83.796 312.794 502.333
594 0 60.19 10.3007 620 83.2403 312.648 501.484
595 0 61.161 10.6931 654 82.2324 313.726 499.622
596 0 63.195 10.5546 667 82.2249 311.916 495.828
597 0 65.1676 11.1405 726 83.208 314.138 496.251
598 0 63.1342 10.5331 665 85.0782 313.098 499.057
599 0 67.1136 11.2943 758 83.215 312.629 496.922
600 0 69.0989 11.5197 796 83.2877 312.922 495.063
601 0 72.2254 11.5887 837 83.2031 313.03 496.44
602 0 73.1872 10.7123 784 86.5319 313.427 494.82
603 0 74.1195 10.9013 808 80.901 313.687 492.174
604 0 77.0904 10.4293 804 81.8271 313.596 491.913
605 0 81.0847 10.2485 831 82.0854 313.161 493.659
606 0 82.1372 10.239 841 83.2259 312.297 491.379
607 0 86.0662 11.3169 974 80.6571 313.007 490.935
608 0 88.1071 11.259 992 81.3256 313.32 489.16
609 0 90.0849 10.9452 986 83.0385 313.159 488.001
610 0 92.0948 10.9887 1012 83.5099 313.026 485.563
611 0 97.1102 11.698 1136 81.6681 312.952 485.864
612 0 100.126 11.1759 1119 82.3351 312.717 484.189
613 0 102.136 11.142 1138 83.5598 313.027 482.627
614 1 56.0711 11.1644 626 78.3418 312.775 507.503
615 0 54.0583 11.0066 595 80.2521 312.56 505.413
616 0 56.0256 10.281 576 82.8698 312.031 506.311
617 0 54.0382 10.289 556 81.4119 312.171 506.599
618 0 59.0846 10.8658 642 79.3442 312.706 504.65
619 0 60.0836 10.7017 643 80.7574 312.893 503.572
620 0 61.0421 10.8286 661 80.8336 312.625 501.588
621 0 65.14 11.3602 740 79.6014 312.831 501.082
622 0 66.1354 11.4765 759 80.4519 312.821 499.416
623 0 67.0586 10.7518 721 82.6574 312.069 500.286
624 0 70.1664 11.7008 821 81.7503 312.485 498.389
625 0 71.133 11.9354 849 83.3251 312.426 496.591
626 0 74.061 12.4222 920 83.2098 312.787 494.767
627 0 76.0869 12.5777 957 85.0972 312.655 495.017
628 0 76.0946 12.0639 918 88.9466 312.929 493.541
629 0 80.0512 12.1547 973 89.9106 313.396 491.522
630 0 82.0456 13.4072 1100 90.7718 314.401 490.616
631 0 84.0727 12.9412 1088 93.3162 314.093 490.422
632 0 87.0997 12.6177 1099 95.6733 313.511 487.745
633 0 88.0635 12.7067 1119 94.7319 313.354 486.315
634 0 92.0799 12.891 1187 93.7515 314.636 485.22
635 0 94.0685 12.9055 1214 95.3896 314.13 483.05
636 0 98.1487 13.1739 1293 94.256 314.87 482.277
637 1 52.0649 11.236 585 94.9043 314.528 504.971
638 0 53.0276 11.428 606 93.8746 315.251 504.597
639 0 56.1258 12.2047 685 93.0861 315.098 501.781
640 0 56.1033 12.2453 687 95.6172 314.604 500.189
641 0 60.0095 12.448 747 93.6265 314.336 501.687
642 0 60.059 11.6719 701 99.3552 314.221 497.989
643 0 63.0241 11.7415 740 102.908 313.9 499.235
644 0 63.0195 12.1074 763 101.034 313.836 497.83
645 0 66.0598 11.9134 787 101.255 313.346 496.895
646 0 68.0653 11.7387 799 99.587 314.198 494.155
647 0 69.0402 11.3557 784 102.111 314.866 493.385
648 0 75.0767 12.5472 942 98.1645 314.305 492.908
649 0 76.0489 12.0712 918 99.5414 315.229 492.037
650 0 78.0597 11.3759 888 101.132 314.55 490.526
651 0 81.1515 12.4705 1012 99.9684 313.869 486.984
652 0 84.2016 12.5413 1056 99.3116 313.776 487.904
653 0 88.1402 12.7297 1122 99.7362 313.726 486.101
654 0 91.1879 12.392 1130 100.264 313.701 484.899
655 0 93.1941 12.2862 1145 97.1764 313.829 484.76
656 1 47.093 12.0825 569 94.877 314.61 505.394
657 0 49.0316 11.36 557 95.8815 314.7 505.887
658 0 50.1009 12.1156 607 95.0395 315.708 503.344
659 0 51.1361 12.5938 644 94.7686 315.946 501.537
660 0 53.0692 12.1916 647 99.1345 315.014 502.427
661 0 53.0537 12.8549 682 95.849 315.312 500.507
662 0 57.0411 12.64 721 96.2136 315.594 500.463
663 0 57.0396 13.289 758 95.8865 315.677 499.567
664 0 60.0333 12.8429 771 100.127 315.009 497.828
665 0 62.0781 13.1447 816 101.262 314.848 497.136
666 0 63.0566 13.3055 839 102.279 315.178 496.4
667 0 64.0577 13.5659 869 102.534 314.681 495.866
668 0 68.0591 13.2385 901 103.112 314.926 494.351
669 0 71.0624 13.8329 983 102.321 315.115 492.206
670 0 74.08 13.6069 1008 103.607 315.256 491.784
671 0 75.0384 14.2327 1068 104.028 315.625 490.533
672 0 79.0689 13.7096 1084 112.905 315.115 488.97
673 0 80.1439 13.5881 1089 114.529 314.381 487.326
674 0 84.0803 13.5941 1143 114.071 314.683 485.5
675 1 44.04 11.0581 487 112.016 314.101 504.583
676 0 47.0642 11.1125 523 110.608 314.48 504.421
677 0 48.0871 12.2694 590 104.051 314.319 504.027
678 0 49.1174 12.4396 611 104.116 313.81 502.55
679 0 50.076 12.1416 608 100.067 313.947 504.913
680 0 49.0523 11.7834 578 103.431 313.765 502.616
681 0 50.0373 12.071 604 102.081 313.735 503.333
682 0 52.0875 11.7687 613 103.181 314.445 501.84
683 0 52.0775 12.0205 626 104.318 314.227 501.869
684 0 55.1389 12.5683 693 100.58 314.515 501.341
685 0 59.0903 12.5232 740 100.197 314.203 499.985
686 0 59.0717 12.7303 752 101.489 313.6 498.794
687 0 61.1263 12.6459 773 103.014 315.097 497.612
688 0 63.1281 12.8944 814 101.564 314.446 497.762
689 0 65.0884 12.2602 798 104.805 314.842 497.583
690 0 69.0674 13.4361 928 101.638 314.803 496.817
691 0 69.1532 12.7977 885 105.434 314.232 495.191
692 0 70.0539 12.9757 909 104.898 314.923 494.754
693 0 71.0613 12.3696 879 107.56 314.557 493.548
694 0 75.1164 12.7935 961 106.08 314.464 491.941
695 0 77.0753 12.4294 958 107.371 314.466 490.514
696 0 77.0633 12.068 930 108.945 314.245 489.225
697 0 80.0905 12.823 1027 105.845 314.031 488.386
698 0 85.1341 12.7211 1083 104.391 313.817 485.385
699 0 88.086 12.783 1126 101.709 312.999 485.785
700 0 90.0574 13.3581 1203 99.1081 312.422 480.874
701 1 48.0655 10.0488 483 101.613 312.942 503.712
702 0 49.0895 10.7151 526 101.205 312.863 503.652
703 0 50.0093 11.018 551 102.523 313.027 500.396
704 0 53.034 11.7849 625 100.659 313.131 503.123
705 0 52.0527 11.1426 580 98.669 313.776 505.471
706 0 52.0631 10.4296 543 102.206 313.654 503.67
707 0 53.0507 10.8764 577 103.324 313.714 503.253
708 0 56.0635 10.934 613 102.184 313.052 501.393
709 0 57.1212 10.7141 612 102.794 312.868 502.461
710 0 59.0627 11.4962 679 100.365 313.097 501.65
711 0 62.1014 11.0142 684 101.156 313.202 501.276
712 0 65.0753 11.4175 743 99.7268 312.21 499.76
713 0 64.1148 11.2922 724 101.826 312.356 499.073
714 0 65.0637 11.4811 747 101.442 313.024 498.763
715 0 70.0705 10.7463 753 102.734 313.517 497.62
716 0 70.0399 10.7796 755 104.513 312.95 495.876
717 0 75.0422 11.7934 885 100.876 312.953 495.03
718 0 76.0422 11.2701 857 103.223 313.557 493.107
719 0 78.0376 11.0203 860 102.397 313.821 492.651
720 0 81.0795 10.5452 855 102.494 314.187 492.181
721 0 82.0968 10.2806 844 103.789 314.256 492.501
722 0 84.044 10.9942 924 103.497 313.777 489.712
723 1 48.0746 10.7333 516 105.393 313.252 508.769
724 0 46.0242 10.69 492 109.98 314.016 507.449
725 0 50.0384 11.8909 595 105.259 314.355 507.632
726 0 51.0173 11.5059 587 107.712 313.404 507.663
727 0 48.0214 10.7036 514 100.058 314.2 510.539
728 0 49.012 10.2424 502 102.321 313.092 508.641
729 0 51.0412 10.4034 531 102.019 312.972 506.269
730 0 53.0369 10.7284 569 99.6011 312.993 507.134
731 0 55.0159 11.1422 613 99.8825 313.132 505.933
732 0 55.0577 11.0066 606 100.003 313.178 506.117
733 0 58.0404 10.9234 634 98.9211 312.409 504.855
734 0 60.0563 10.3902 624 99.8734 312.67 503.405
735 0 60.0185 10.9633 658 100.407 313.175 502.533
736 0 64.0301 11.479 735 97.619 313.176 500.909
737 0 64.0564 10.8342 694 100.092 313.134 500.01
738 0 67.0501 11.0514 741 99.1066 313.036 499.205
739 0 69.0442 11.7751 813 98.3358 313.229 496.694
740 0 72.1145 11.4263 824 99.557 313.602 495.161
741 0 74.1559 11.5028 853 100.328 312.789 493.645
742 0 74.1002 11.8353 877 101.124 312.413 491.602
743 0 80.0843 12.774 1023 99.2727 311.983 491.458
744 0 83.0832 12.4333 1033 99.5983 313.174 490.935
745 0 85.1392 12.6616 1078 98.1596 313.009 489.086
746 0 88.1287 13.1285 1157 97.0743 313.9 489.008
747 0 92.1489 12.9464 1193 97.9095 313.888 486.661
748 1 47.085 11.9146 561 101.488 313.344 507.488
749 0 48.058 12.4017 596 99.8222 313.156 506.507
750 0 51.1698 12.5269 641 97.9454 313.63 503.956
751 0 51.1337 12.9269 661 98.2708 313.381 503.263
752 0 53.164 13.4113 713 97.1066 312.905 502.924
753 0 56.1048 13.4748 756 96.0847 313.47 503.21
754 0 57.1009 12.872 735 97.7524 313.446 501.603
755 0 59.0786 13.609 804 95.2985 313.715 502.189
756 0 60.101 13.2776 798 96.6303 313.326 500.612
757 0 60.0801 13.1658 791 99.0101 313.278 499.774
758 0 62.0821 13.3211 827 95.1741 313.892 500.079
759 0 63.0702 13.2551 836 94.8935 313.744 498.494
760 0 64.0796 13.2179 847 95.1606 314.289 498.238
761 0 64.1379 12.0833 775 101.378 314.028 499.307
762 0 65.0218 12.565 817 99.5924 314.012 497.644
763 0 68.1211 12.2576 835 97.5928 313.992 496.575
764 0 70.0495 12.5911 882 95.602 313.785 495.219
765 0 71.1004 12.0674 858 97.5198 313.767 493.716
766 0 74.1027 12.2533 908 96.478 314.104 492.57
767 0 75.0696 12.1487 912 96.5044 314.019 491.028
768 0 79.1174 11.7294 928 97.5183 313.995 491.515
769 0 81.0632 12.151 985 97.7432 314.45 490.273
770 0 85.0776 11.5894 986 98.1704 315.416 489.31
771 0 85.0455 11.7702 1001 99.3806 314.668 487.096
772 0 90.0615 11.8919 1071 96.3931 314.95 485.327
773 1 51.0437 11.2257 573 95.6736 314.887 506.035
774 0 51.014 10.6245 542 98.2066 314.45 505.301
775 0 54.0443 11.6016 627 96.4593 314.868 501.223
776 0 55.028 11.4851 632 95.4003 315.954 500.142
777 0 55.0315 12.2112 672 95.0134 315.619 500.958
778 0 57.0271 11.7488 670 96.4119 315.318 500.607
779 0 60.0682 13.0019 781 93.146 315.229 498.937
780 0 64.044 13.0379 835 91.9341 315.166 498.757
781 0 64.1181 12.6797 813 92.6027 315.042 497.492
782 0 66.0316 12.6152 833 93.5474 314.76 497.318
783 0 66.0557 12.7317 841 96.195 314.545 496.063
784 0 71.0569 13.1022 931 94.0172 314.611 496.421
785 0 72.0605 13.6552 984 94.3486 314.739 493.202
786 0 73.0692 12.9329 945 97.4698 315.01 491.895
787 0 76.0663 13.1596 1001 96.2767 315.694 490.179
788 0 79.0546 13.1428 1039 94.5111 315.711 489.292
789 0 80.0297 12.8202 1026 97.0731 315.189 488.104
790 0 84.0733 13.4525 1131 94.1459 314.991 487.093
791 0 87.0351 13.3969 1166 95.6201 315.185 487.696
792 0 89.13 12.8688 1147 105.302 314.905 484.174
793 0 90.0709 13.2007 1189 104.22 315.103 483.012
794 0 95.0672 13.4852 1282 103.426 315.278 482.204
795 0 96.131 13.388 1287 103.667 315.816 479.854
796 0 98.0919 13.5689 1331 103.766 315.992 478.432
797 0 101.086 12.9691 1311 104.49 316.06 478.224
798 0 104.132 13.4925 1405 102.915 316.376 476.833
799 1 56.0539 11.6673 654 102.376 316.156 500.876
800 0 59.0275 12.5365 740 95.8405 316.508 501.624
801 0 60.032 12.3268 740 92.7716 316.104 501.843
802 0 61.0819 13.6047 831 90.1757 316.069 499.704
803 0 61.0825 13.2116 807 88.6344 315.869 500.315
804 0 65.0812 13.414 873 88.6861 315.448 499.538
805 0 65.0516 12.9743 844 90.3116 314.457 498.322
806 0 69.0533 13.1638 909 89.0066 315.637 498.325
807 0 70.0255 12.9239 905 89.9923 315.492 498.072
808 0 71.0518 12.8357 912 90.8958 314.707 496.098
809 0 74.0319 13.116 971 91.2492 314.273 494.633
810 0 74.0837 12.6074 934 94.3437 314.762 494.314
811 0 78.0434 12.5187 977 94.3971 314.371 493.873
812 0 79.1072 12.6664 1002 95.5798 314.527 492.516
813 0 82.05 12.858 1055 94.7469 314.179 490.521
814 0 85.036 13.2297 1125 93.9058 313.279 490.123
815 0 86.0808 12.8368 1105 95.2371 313.221 489.481
816 0 88.0951 12.9633 1142 95.7469 314.27 488.206
817 0 92.0785 13.0867 1205 95.5593 314.022 486.497
818 0 94.1476 13.1921 1242 96.2786 313.99 484.944
819 0 98.0505 13.3299 1307 96.1798 314.725 482.744
820 0 100.179 13.0866 1311 98.3806 314.829 480.831
821 0 104.109 13.4474 1400 101.08 313.733 479.771
822 0 108.1 13.3395 1442 103.127 313.482 478.485
823 0 111.095 13.4569 1495 104.074 313.202 476.658
824 0 116.157 14.0585 1633 102.734 313.274 473.879
825 0 120.108 14.1706 1702 104.402 313.134 472.431
826 0 125.152 13.7193 1717 104.495 313.368 469.792
827 0 128.13 13.8454 1774 101.763 313.458 467.714
828 0 130.115 13.0576 1699 108.498 314.393 469.204
829 1 71.0591 13.5521 963 101.67 313.077 497.912
830 0 73.0606 13.6599 998 100.677 313.293 498.512
831 0 75.0774 13.5727 1019 104.002 312.904 496.132
832 0 76.0476 13.4784 1025 104.442 313.299 494.695
833 0 78.0324 13.4175 1047 105.44 312.523 494.899
834 0 81.1161 13.758 1116 103.694 313.229 493.061
835 0 85.1055 14.4057 1226 102.448 314.689 492.911
836 0 86.0782 13.7898 1187 105.63 314.059 489.701
837 0 87.1919 13.866 1209 106.165 314.19 487.515
838 0 90.0875 13.6645 1231 106.721 315.055 486.666
839 0 92.1084 13.8641 1277 105.996 313.807 484.457
840 0 96.0957 13.5906 1306 106.06 313.577 483.597
841 0 98.1067 13.7809 1352 107.036 313.086 480.712
842 0 101.105 14.0942 1425 106.895 313.619 479.862
843 0 105.046 13.832 1453 107.885 313.355 476.588
844 0 108.165 14.4039 1558 102.234 313.726 474.764
845 0 109.155 13.4305 1466 104.304 312.931 471.593
846 0 110.154 13.0363 1436 102.38 312.498 467.444
847 0 116.144 12.8978 1498 102.531 312.469 465.111
848 1 60.0613 9.9232 596 92.7097 312.98 493.711
849 0 63.0647 10.9253 689 92.6415 312.971 492.573
850 0 67.0501 12.3341 827 100.024 312.862 495.243
851 0 68.0293 12.4652 848 102.568 314.291 495.074
852 0 71.0404 12.3592 878 104.555 314.18 493.731
853 0 72.1026 12.8983 930 103.248 313.946 492.842
854 0 75.0466 12.6721 951 103.694 313.807 493.148
855 0 77.0905 12.8291 989 103.389 313.335 491.001
856 0 78.0577 12.7854 998 104.872 313.542 490.012
857 0 81.1112 13.1055 1063 103.629 313.337 488.719
858 0 83.12 13.0173 1082 105.157 313.957 487.52
859 0 83.1343 12.2332 1017 98.8741 313.619 488.932
860 0 84.117 12.1616 1023 99.5494 314.093 487.96
861 0 86.1551 12.315 1061 99.6456 314.097 487.8
862 0 89.0831 11.9327 1063 101.87 313.548 485.342
863 0 91.1141 12.2484 1116 102.184 314.254 484.952
864 0 94.0865 12.3291 1160 102.657 313.26 481.353
865 0 97.0888 12.7615 1239 102.024 313.027 480.059
866 0 98.097 12.9158 1267 93.1484 313.156 479.975
867 0 102.08 12.6763 1294 102.698 313.32 477.434
868 0 106.112 12.5905 1336 101.478 313.294 477.019
869 0 108.1 13.173 1424 100.949 313.438 474.645
870 0 112.056 12.94 1450 102.268 313.584 472.085
871 0 115.089 13.3549 1537 100.466 313.897 470.458
872 0 119.117 13.1803 1570 102.054 313.211 468.189
873 0 123.04 12.5732 1547 104.868 313.297 467.174
874 0 125.088 12.9669 1622 105.896 313.126 462.514
875 0 130.119 13.1034 1705 104.928 312.895 461.083
876 0 137.129 13.2868 1822 105.872 312.262 460.754
877 0 140.133 13.2302 1854 108.195 312.876 457.641
878 1 81.03 11.8598 961 103.389 313.604 489.632
879 0 81.1389 11.7946 957 108.204 312.984 488.988
880 0 87.0172 12.3309 1073 106.434 312.789 485.065
881 0 85.0654 11.9555 1017 103.32 312.895 487.645
882 0 90.0657 12.6685 1141 100.641 313.588 488.015
883 0 92.116 12.4843 1150 102.872 313.824 485.597
884 0 95.1264 12.4466 1184 103.95 314.347 484.005
885 0 97.1205 12.3146 1196 106.503 314.35 480.025
886 0 100.092 12.7882 1280 106.055 313.634 479.16
887 0 102.115 12.1138 1237 109.062 313.676 477.473
888 0 104.076 12.4044 1291 109.752 313.784 476.446
889 0 108.105 12.9688 1402 107.949 313.657 476.869
890 0 111.166 12.8637 1430 109.004 312.772 473.156
891 0 115.154 13.1042 1509 105.587 314.504 469.076
892 0 118.162 12.7452 1506 105.846 314.251 465.131
893 0 119.095 12.9728 1545 105.612 314.241 460.783
894 0 123.155 12.1554 1497 107.096 313.942 459.939
895 1 73.1618 10.921 799 103.982 314.486 487.625
896 0 74.0756 11.2048 830 107.794 312.022 487.614
897 0 79.171 12.1636 963 106.912 312.118 487.306
898 0 83.2224 12.3404 1027 105.806 312.822 485.758
899 0 86.1749 12.1149 1044 106.96 312.871 484.503
900 0 89.1872 12.5915 1123 106.514 312.852 483.493
901 0 93.1473 12.4319 1158 104.301 312.586 482.849
902 0 96.1678 12.9877 1249 104.116 313.25 482.205
903 0 99.1752 12.0292 1193 106.691 313.551 480.788
904 0 100.168 12.549 1257 106.504 313.473 479.438
905 0 103.227 12.4483 1285 107.63 313.851 477.513
906 0 104.148 12.3383 1285 109.789 313.867 474.823
907 0 107.139 12.5444 1344 110.472 313.639 472.073
908 0 112.128 12.8959 1446 109.723 313.405 471.211
909 0 116.114 13.2198 1535 109.791 313.905 471.071
910 0 118.139 12.7392 1505 114.011 313.686 468.478
911 0 121.137 13.2494 1605 113.365 314.011 467.55
912 0 124.167 13.0953 1626 113.879 314.227 466.886
913 0 129.284 13.0024 1681 113.387 314.076 460.841
914 0 132.217 12.7744 1689 113.671 313.51 459.163
915 0 134.174 13.2366 1776 105.45 313.181 454.113
916 1 68.181 10.0174 683 111.452 313.82 482.171
917 0 67.1526 10.156 682 150.894 314.811 482.164
918 0 75.1444 11.0055 827 109.579 313.884 478.796
919 0 76.1534 11.1223 847 110.314 312.998 480.309
920 0 81.1651 12.2343 993 102.644 312.401 480.733
921 0 80.1887 11.2859 905 106.571 312.431 479.698
922 0 82.1105 10.9365 898 108.467 313.411 477.6
923 0 86.1297 11.2969 973 106.444 312.908 476.665
924 0 88.0911 10.3075 908 106.704 312.406 478.206
925 0 88.127 10.5643 931 107.962 312.655 476.82
926 0 92.0999 11.0641 1019 110.992 312.227 475.235
927 0 96.1983 10.7278 1032 111.079 313.525 475.633
928 0 99.2608 10.8301 1075 110.407 312.828 472.345
929 0 102.339 11.032 1129 108.98 311.867 471.12
930 0 105.21 10.769 1133 109.402 312.642 470.678
931 0 110.222 11.3135 1247 106.257 312.504 471.878
932 0 114.268 11.4381 1307 104.785 311.973 469.047
933 0 119.233 11.6914 1394 103.56 311.626 466.47
934 0 121.164 11.2245 1360 103.237 311.283 467.3
935 1 66.069 9.41439 622 95.0884 311.309 495.767
936 0 71.1356 10.6135 755 97.8622 312.601 496.469
937 0 71.0738 11.4107 811 86.0456 311.079 495.835
938 0 73.0886 11.5613 845 85.413 311.634 496.028
939 0 75.0827 10.6816 802 86.5786 311.007 496.123
940 0 78.0814 10.5787 826 84.9407 311.14 494.442
941 0 79.0596 10.1948 806 85.567 310.627 492.876
942 0 81.0353 10.1437 822 85.6922 310.737 493.012
943 0 84.052 11.4572 963 84.7871 310.668 491.94
944 0 84.0913 10.8216 910 86.5253 310.935 490.637
945 0 87.0545 9.764 850 88.7282 310.761 488.787
946 0 91.082 10.4192 949 87.098 310.618 486.629
947 0 92.0258 10.3775 955 87.2387 310.756 485.216
948 0 96.0733 10.211 981 89.0571 310.906 482.015
949 0 99.0791 11.0417 1094 85.1261 311.91 481.796
950 0 102.084 11.0498 1128 86.8386 312.557 478.764
951 0 105.178 10.9244 1149 94.2506 311.392 480.049
952 0 109.123 10.8043 1179 96.0814 311.636 474.132
953 0 112.11 11.4441 1283 98.7911 313.157 474.052
954 0 115.141 11.3166 1303 98.2394 312.774 471.422
955 0 120.073 12.2259 1468 96.8297 311.826 470.252
956 0 123.12 11.2655 1387 89.1024 312.291 465.975
957 0 128.197 11.7553 1507 87.4831 312.152 465.248
958 0 130.304 11.4425 1491 88.4648 313.005 460.901
959 0 135.406 12.001 1625 86.5434 312.008 459.71
960 1 79.3628 9.79049 777 77.3488 312.654 487.92
961 0 81.3607 10.0786 820 78.1268 312.811 485.64
962 0 86.3604 10.8151 934 76.5535 311.813 485.729
963 0 86.1149 11.0202 949 78.9863 311.919 487.837
964 0 87.0759 11.4842 1000 79.209 311.688 487.203
965 0 92.1248 11.3759 1048 80.2853 312.531 486.067
966 0 94.1542 10.5465 993 85.8701 312.623 482.722
967 0 96.063 10.8575 1043 86.5475 313.315 484.866
968 0 101.12 10.4925 1061 87.4062 313.099 481.868
969 0 103.257 10.8951 1125 87.9431 313.606 477.036
970 0 104.251 10.5707 1102 89.7423 313.238 475.68
971 0 106.295 11.2046 1191 88.2427 313.824 471.661
972 0 112.272 11.1159 1248 88.0553 313.046 471.137
973 0 114.135 11.6353 1328 87.2033 313.366 469.041
974 0 116.149 11.2528 1307 89.4484 313.928 468.634
975 0 120.06 11.6941 1404 88.0962 313.177 469.585
976 0 124.118 11.199 1390 89.3007 313.55 466.084
977 0 128.21 12.4172 1592 86.5886 314.443 460.045
978 0 133.185 11.5253 1535 87.9915 314.356 459.781
979 1 73.28 10.8897 798 89.6341 315.546 489.936
980 0 78.2929 10.8694 851 85.9354 314.476 491.887
981 0 79.326 10.6901 848 89.013 314.73 489.761
982 0 79.1038 11.4154 903 77.7575 314.538 491.052
983 0 84.0469 12.0766 1015 78.2158 314.931 489.583
984 0 85.0667 11.5204 980 81.7745 315.036 488.512
985 0 88.0507 11.4934 1012 83.0939 314.366 485.404
986 0 90.1112 11.741 1058 81.3232 314.133 485.446
987 0 93.08 11.8285 1101 80.6839 313.785 482.877
988 0 96.0972 11.4676 1102 80.5808 313.64 483.136
989 0 99.1143 11.4615 1136 89.9331 313.872 478.938
990 0 104.101 12.1516 1265 86.5399 313.889 477.418
991 0 103.135 10.8596 1120 90.0688 313.188 476.563
992 0 105.108 10.5987 1114 90.3133 313.041 475.829
993 0 108.135 11.1712 1208 88.2392 313.841 475.941
994 0 111.101 10.5939 1177 89.6907 313.721 473.841
995 0 113.213 11.0234 1248 90.0905 313.957 467.38
996 0 117.153 11.3698 1332 90.7147 313.872 468.17
997 0 119.14 10.9535 1305 92.1073 314.399 468.724
998 0 122.27 10.9511 1339 93.1733 314.202 465.41
999 0 126.252 11.0969 1401 93.5375 313.475 461.867
1000 0 130.276 11.3912 1484 92.94 314.193 460.978
1001 0 135.155 11.4017 1541 92.048 314.197 461.193
1002 0 137.294 11.3042 1552 93.3241 313.653 454.945
1003 0 142.348 11.6335 1656 92.1359 313.783 453.117
1004 0 146.27 10.966 1604 93.1683 314.05 453.729
1005 0 150.356 11.7056 1760 91.6778 314.752 450.659
1006 0 154.376 11.4202 1763 91.9166 315.027 449.288
1007 0 157.332 11.1611 1756 97.5114 315.67 446.847
1008 0 166.29 12.0573 2005 90.0763 315.482 444.415
1009 0 169.453 11.4191 1935 91.3421 314.864 438.526
1010 0 176.275 11.2665 1986 91.6148 314.479 437.304
1011 0 180.387 11.6139 2095 91.8983 314.534 433.441
1012 0 187.291 11.9066 2230 91.6888 313.746 433.408
1013 0 193.36 12.1794 2355 90.7711 313.021 429.295
1014 0 198.29 12.6027 2499 90.8159 313.847 425.963
1015 0 203.343 12.324 2506 91.9928 312.971 423.525
1016 0 210.287 11.8505 2492 93.6481 313.321 420.362
1017 0 215.473 12.7487 2747 94.0597 313.082 416.317
1018 0 222.414 12.5532 2792 95.2368 315.155 415.353
1019 0 228.447 12.992 2968 93.9707 314.256 410.985
1020 0 237.453 13.7712 3270 92.8783 314.068 407.237
1021 1 179.327 12.0674 2164 91.7107 315.02 440.542
1022 0 185.314 12.352 2289 92.2578 314.692 434.381
1023 0 192.418 12.5196 2409 90.8423 314.603 426.495
1024 0 198.229 12.2838 2435 90.3195 314.539 427.307
1025 0 205.342 12.0969 2484 90.6602 314.089 424.564
1026 0 211.317 12.4694 2635 90.9981 313.672 421.23
1027 0 218.432 12.3883 2706 92.1715 313.75 417.01
1028 0 225.314 12.5603 2830 91.7862 313.179 416.252
1029 0 234.202 12.9803 3040 90.5181 314.238 406.618
1030 1 59.1025 10.3549 612 80.915 312.221 498.685
1031 0 61.0886 10.1492 620 83.5774 315.218 498.452
1032 0 65.0694 11.6798 760 82.0579 315.188 497.979
1033 0 65.118 11.9936 781 84.7798 315.398 497.854
1034 0 67.1258 10.9198 733 88.0177 315.948 497.368
1035 0 67.0966 11.8486 795 87.7786 315.189 494.569
1036 0 70.0927 12.0697 846 79.1454 314.305 496.009
1037 0 71.1498 10.9909 782 81.4169 314.89 493.811
1038 0 72.0936 11.388 821 82.313 314.847 494.357
1039 0 73.0889 11.3423 829 84.1809 314.041 493.97
1040 0 77.0641 12.1457 936 84.0438 315.498 490.9
1041 0 78.0193 11.0998 866 84.3233 313.367 492.808
1042 0 80.1909 11.3978 914 86.6028 313.496 491.697
1043 1 289.437 11.8368 3426 102.882 312.644 384.863
1044 0 300.427 12.9449 3889 100.107 312.975 379.281
1045 1 312.396 13.6942 4278 98.5986 313.316 375.267
1046 0 322.352 13.2185 4261 100.017 312.952 365.884
1047 0 330.35 14.751 4873 96.841 312.931 357.284
1048 0 341.488 14.9317 5099 96.2402 312.328 350.615
1049 0 352.543 15.1159 5329 96.8827 312.583 344.489
1050 1 98.1575 10.748 1055 90.0408 313.355 481.615
1051 0 100.093 11.1996 1121 88.1169 313.748 480.054
1052 0 102.121 11.8781 1213 88.2951 313.629 479.481
1053 0 110.164 12.9444 1426 83.8801 313.206 474.008
1054 0 113.168 12.7422 1442 90.819 313.859 473.586
1055 0 116.155 16.1165 1872 81.5769 315.431 470.62
1056 0 117.309 14.4491 1695 84.6195 314.885 463.276
1057 0 120.287 15.5877 1875 82.2501 314.863 462.684
1058 0 120.259 13.9948 1683 87.0529 314.698 462.504
1059 0 125.27 15.3588 1924 83.5062 314.709 462.491
1060 0 128.25 15.1657 1945 86.0992 314.283 460.742
1061 0 131.269 15.053 1976 89.004 314.288 462.14
1062 0 134.297 15.6519 2102 87.5081 314.655 460.476
1063 0 137.194 15.54 2132 88.8499 314.689 462.077
1064 0 139.327 15.2519 2125 89.7689 315.63 457.465
1065 0 144.293 15.2398 2199 89.5771 314.929 454.337
1066 0 148.339 15.7073 2330 88.6446 314.518 454.171
1067 0 152.46 15.2237 2321 90.3804 314.798 448.134
1068 0 155.253 14.7952 2297 91.673 314.397 444.925
1069 0 160.255 15.3131 2454 89.564 314.846 444.32
1070 0 165.431 15.3055 2532 90.0545 314.268 442.178
1071 0 170.221 15.2214 2591 90.2316 314.121 441.994
1072 0 177.303 15.4933 2747 90.3884 314.413 440.703
1073 0 182.271 15.2026 2771 92.245 314.401 436.872
1074 0 188.362 15.3906 2899 92.1242 314.173 435.331
1075 0 192.318 15.2768 2938 94.2866 314.434 429.29
1076 0 200.308 15.7807 3161 91.4698 314.369 427.351
1077 1 142.271 10.6768 1519 98.7163 314.004 462.188
1078 0 148.359 11.5396 1712 99.6811 314.112 452.43
1079 0 152.391 12.0939 1843 101.13 313.536 451.136
1080 0 154.379 11.9381 1843 102.068 313.665 449.175
1081 0 158.298 12.3691 1958 99.9101 314.077 448.937
1082 0 163.24 12.4479 2032 100.58 313.625 446.127
1083 0 167.202 12.1589 2033 99.7664 313.97 443.454
1084 0 173.261 12.4263 2153 98.2977 313.538 441.074
1085 0 179.237 12.2184 2190 97.4228 313.683 438.478
1086 0 183.298 12.1496 2227 101.072 314.188 434.68
1087 0 190.191 12.172 2315 99.2186 313.499 430.443
1088 0 196.224 11.9252 2340 99.7547 313.284 424.607
1089 0 201.28 12.0826 2432 113.588 313.356 421.988
1090 0 210.154 12.0911 2541 112.92 313.794 422.911
1091 0 208.156 11.5202 2398 157.568 313.795 420.068
1092 1 224.274 12.6363 2834 113.797 313.723 413.944
1093 0 228.337 12.2363 2794 116.497 314.007 408.542
1094 0 236.312 12.2254 2889 115.117 315.037 406.19
1095 0 243.411 13.1013 3189 113.581 314.457 402.183
1096 0 248.294 12.3644 3070 115.421 314.232 400.27
1097 0 257.247 12.8826 3314 113.808 313.934 396.227
1098 0 264.29 13.2544 3503 115.569 314.069 391.246
1099 0 270.188 12.9762 3506 118.751 315.454 391.726
1100 0 278.288 13.1878 3670 116.93 315.278 388.892
1101 0 286.393 13.251 3795 116.743 314.999 382.189
1102 0 292.357 12.8097 3745 118.377 314.213 374.315
1103 1 305.297 13.1708 4021 119.597 314.592 372.723
1104 0 311.361 14.8895 4636 113.444 313.617 360.152
1105 0 317.338 14.2655 4527 117.899 314.216 357.042
1106 0 326.27 14.1631 4621 119.719 313.857 350.847
1107 0 335.337 14.8478 4979 120.039 313.756 342.145
1108 0 345.388 14.7747 5103 122.366 313.559 334.469
1109 0 357.361 14.5623 5204 125.444 312.917 330.858
1110 0 363.369 14.6683 5330 127.344 313.016 321.702
1111 0 378.512 14.9321 5652 127.551 312.925 317.204
1112 0 393.365 14.3658 5651 127.196 313.006 306.741
1113 0 407.385 14.3746 5856 125.263 313.571 301.044
1114 0 420.405 14.3671 6040 124.26 313.549 295.244
1115 0 431.046 14.1122 6083 126.176 314.407 274.761
1116 0 406.183 13.2723 5391 124.942 314.762 298.881
1117 0 407.851 14.0443 5728 120.502 313.914 307.48
1118 0 409.335 13.6514 5588 121.034 313.943 308.687
1119 0 403.4 14.8215 5979 116.348 313.471 309.465
1120 0 413.473 14.4072 5957 120.658 313.212 303.379
1121 0 426.461 14.2897 6094 122.615 313.885 301.592
