timeA	lengthA	cellareaA	meanfluorescenceA	fluorescenceA
0	3.983710561	2.53125	8086.123457	20468
0.05	3.668584287	2.4375	7747.282051	18884
0.1	4.463567812	2.875	7724.521739	22208
0.15	4.259498284	2.671875	7611.134503	20336
0.2	3.756066987	1.5	8077.333333	12116
0.25	4.522385505	2.9375	7526.12766	22108
0.3	4.716355026	2.875	7421.217391	21336
0.35	3.990591774	1.5	7362.666667	11044
0.4	3.553342851	1.84375	7538.983051	13900
0.45	4.474458952	2.84375	7229.89011	20560
0.5	4.819998395	2.984375	7440.08377	22204
0.55	5.163437822	3.46875	7322.522523	25400
0.6	5.526222517	3.375	7581.62963	25588
0.65	5.241414504	2.96875	7758.147368	23032
0.7	5.759653071	3.515625	7430.826667	26124
0.75	5.909834159	3.5625	7467.789474	26604
0.8	2.899817002	1.609375	7620.349515	12264
0.85	2.95581528	1.03125	7808	8052
0.9	3.227551453	1.703125	7642.422018	13016
0.95	3.332801112	1.734375	7739.963964	13424
1	3.392429064	1.90625	7845.770492	14956
1.05	3.695635919	2.3125	7616	17612
1.1	3.77487368	2.125	7723.294118	16412
1.15	3.44354268	1.859375	7963.966387	14808
1.2	3.516854205	1.734375	8166.630631	14164
1.25	3.716911847	2.109375	7873.422222	16608
1.3	3.931386451	2.640625	8161.704142	21552
1.35	3.75445506	2.453125	8115.363057	19908
1.4	4.457599843	3.265625	8203.023923	26788
1.45	4.687496241	3.0625	8491.102041	26004
1.5	5.079183767	3.3125	8481.811321	28096
1.55	5.052085016	3.53125	8666.619469	30604
1.6	5.206844196	3.890625	8568.289157	33336
1.65	5.470962973	3.8125	8382.95082	31960
1.7	5.63295015	3.828125	8807.444898	33716
1.75	5.810879501	3.5	8571.428571	30000
1.8	5.704618584	4.578125	8482.948805	38836
1.85	6.061885933	4.328125	8610.65704	37268
1.9	6.046263853	4.046875	8636.787645	34952
1.95	2.961878983	1.765625	8577.132743	15144
2	3.314335994	2.328125	8131.865772	18932
2.05	3.244707989	2.03125	8132.923077	16520
2.1	3.386759802	1.84375	8105.220339	14944
2.15	3.567972483	2.46875	7929.518987	19576
2.2	3.436767482	2.1875	7961.6	17416
2.25	3.47097565	2.09375	8121.313433	17004
2.3	3.405561294	1.984375	7853.354331	15584
2.35	3.669103536	2.21875	7899.943662	17528
2.4	3.791061116	2.203125	7821.617021	17232
2.45	4.073191522	2.765625	7866.576271	21756
2.5	3.769674147	2.078125	8145.804511	16928
2.55	3.981852892	2.609375	7787.305389	20320
2.6	4.293208652	2.953125	8045.714286	23760
2.65	4.546124227	1.453125	8296.602151	12056
2.7	4.409525597	3.0625	8129.306122	24896
2.75	4.38729332	3.03125	7933.360825	24048
2.8	4.688827167	3.296875	8264.796209	27248
2.85	4.530052983	3.609375	7791.930736	28124
2.9	4.542613693	3.578125	8129.39738	29088
2.95	4.65835083	2.9375	8269.617021	24292
3	4.424331724	3.515625	8675.555556	30500
3.05	4.491677196	3.984375	8128.752941	32388
3.1	4.813825623	3.671875	9027.540426	33148
3.15	4.91178692	3.515625	9228.515556	32444
3.2	4.810740545	3.578125	9155.633188	32760
3.25	4.824381175	3.53125	9387.044248	33148
3.3	4.777374948	3.71875	9214.92437	34268
3.35	4.857117342	3.8125	9452.065574	36036
3.4	5.28143094	3.296875	9950.028436	32804
3.45	5.106531533	3.296875	9811.71564	32348
3.5	5.636176364	4	9899	39596
3.55	5.376643342	3.328125	10445.52113	34764
3.6	5.627171632	3.96875	10242.01575	40648
3.65	5.920633095	3.59375	10893.35652	39148
3.7	6.157690662	4.40625	10939.91489	48204
3.75	6.133095211	3.84375	10704.13008	41144
3.8	2.791482417	1.90625	11580.85246	22076
3.85	3.009318788	1.953125	11771.904	22992
3.9	2.767076036	1.5625	12656.64	19776
3.95	2.862044865	1.71875	11724.8	20152
4	2.972920015	1.828125	13180.71795	24096
4.05	3.050031203	1.890625	13735.1405	25968
4.1	3.170164401	2.015625	13343.75194	26896
4.15	3.292953334	2.03125	14111.50769	28664
4.2	3.21399035	2.125	13509.64706	28708
4.25	3.128301546	2.015625	14139.53488	28500
4.3	3.431547741	2.1875	14184.22857	31028
4.35	3.541786981	2.25	14072.88889	31664
4.4	3.449458504	2.21875	14193.57746	31492
4.45	3.599736155	2.4375	14311.38462	34884
4.5	3.689281715	2.515625	14590.40994	36704
4.55	3.701394794	2.25	15262.22222	34340
4.6	3.816797612	2.59375	15364.62651	39852
4.65	3.774622671	2.296875	14423.07483	33128
4.7	3.917492558	2.703125	16002.21965	43256
4.75	3.90533478	2.671875	16641.49708	44464
4.8	4.05559025	2.5625	17058.34146	43712
4.85	4.189949652	2.6875	17710.13953	47596
4.9	4.259045769	2.8125	17841.77778	50180
4.95	4.359970682	3.046875	16637.37436	50692
5	4.39345588	2.859375	18787.3224	53720
5.05	4.660590721	3.078125	18385.21827	56592
5.1	4.742012811	3.15625	17376.31683	54844
5.15	5.132195425	3.1875	18789.64706	59892
5.2	5.269452345	3.421875	18181.84475	62216
5.25	5.435259228	3.609375	18608.20779	67164
5.3	2.47532164	1.6875	18292.14815	30868
5.35	2.619696273	1.671875	18644.93458	31172
5.4	2.686874346	1.765625	19073.13274	33676
5.45	2.682695936	1.875	19054.93333	35728
5.5	2.794857054	1.859375	19210.7563	35720
5.55	2.880918431	2.015625	19086.88372	38472
5.6	2.830783272	2.046875	19016.30534	38924
5.65	2.974258837	2.015625	19144.43411	38588
5.7	3.155718721	2.28125	19352.54795	44148
5.75	3.069429671	2.078125	19877.53383	41308
5.8	3.200258679	2.28125	18211.06849	41544
5.85	3.169286945	2.21875	20092.39437	44580
5.9	3.221361338	2.34375	20430.50667	47884
5.95	3.342329458	2.3125	21526.48649	49780
6	3.240276689	2.21875	22592.90141	50128
6.05	3.374884715	2.515625	19656.34783	49448
6.1	3.488954206	2.484375	22869.33333	56816
6.15	3.514139638	2.5625	22737.17073	58264
6.2	3.785875085	2.703125	23932.30058	64692
6.25	3.871924137	2.671875	24710.73684	66024
6.3	3.809543755	2.6875	22876.27907	61480
6.35	4.015593011	2.78125	25553.97753	71072
6.4	4.292657035	3.015625	25052.18653	75548
6.45	1.967262942	1.40625	23842.13333	33528
6.5	2.063688405	1.453125	24463.13978	35548
6.55	2.271954268	1.625	24672	40092
6.6	2.217458638	1.515625	24868.94845	37692
6.65	2.51271502	1.703125	24817.90826	42268
6.7	2.647314506	1.71875	25560.43636	43932
6.75	2.723232428	1.828125	24917.33333	45552
6.8	2.749736246	2.015625	24482.72868	49348
6.85	2.762908258	2.03125	24229.41538	49216
6.9	2.618505566	1.921875	24615.54472	47308
6.95	2.914213328	2.25	21681.77778	48784
7	3.090200367	2.359375	23611.33775	55708
7.05	3.151145631	2.359375	23324.82119	55032
7.1	3.319469125	2.484375	22882.21384	56848
7.15	3.310483584	2.375	23284.21053	55300
7.2	3.348465621	2.515625	21081.04348	53032
7.25	3.506905292	2.5	22843.2	57108
7.3	3.410420395	2.640625	22923.36095	60532
7.35	3.715848664	2.84375	20361.84615	57904
7.4	3.824512794	2.765625	23296	64428
7.45	3.766087482	2.890625	22209.72973	64200
7.5	3.949393421	2.96875	24418.35789	72492
7.55	3.953725011	3.0625	24275.59184	74344
7.6	4.074580241	3.078125	24864.48731	76536
7.65	4.231275934	3.1875	24778.03922	78980
7.7	4.301534414	3.1875	25559.84314	81472
7.75	4.464847359	3.40625	25078.6055	85424
7.8	4.511287677	3.109375	26072.1206	81068
7.85	4.735408955	3.34375	25718.42991	85996
7.9	4.845865321	3.4375	26077.09091	89640
7.95	2.384537257	1.90625	25341.90164	48308
8	2.483463056	1.84375	25521.89831	47056
8.05	2.486535496	1.828125	26483.96581	48416
8.1	2.571726564	2	23584	47168
8.15	2.691812673	2.046875	26143.26718	53512
8.2	2.771769457	2.046875	25347.9084	51884
8.25	2.826357653	2.046875	27053.92366	55376
8.3	2.960872326	2.140625	25381.37226	54332
8.35	2.927444099	2.140625	27122.91971	58060
8.4	3.124512963	2.203125	27771.46099	61184
8.45	3.122128995	2.203125	26188.25532	57696
8.5	3.169100473	2.21875	28657.57746	63584
8.55	3.416244681	2.515625	26727.35404	67236
8.6	3.425085557	2.546875	28544.78528	72700
8.65	3.455370264	2.421875	29994.94194	72644
8.7	3.580995252	2.5625	30064.39024	77040
8.75	3.671406624	2.8125	26370.84444	74168
8.8	3.796231548	2.875	30166.26087	86728
8.85	3.888615253	2.71875	29145.74713	79240
8.9	4.001426385	2.90625	30852.12903	89664
8.95	4.173461345	3.046875	30664.86154	93432
9	4.211603608	3.015625	29877.72021	90100
9.05	4.504646297	3.109375	31549.74874	98100
9.1	4.753584785	3.203125	31205.77561	99956
9.15	4.888497242	3.234375	30979.71014	100200
9.2	2.140371341	1.5625	32273.92	50428
9.25	2.119392836	1.578125	31941.70297	50408
9.3	2.171530039	1.59375	32112.94118	51180
9.35	2.238555584	1.6875	32189.62963	54320
9.4	2.23879382	1.859375	24285.57983	45156
9.45	2.378952216	1.796875	32053.42609	57596
9.5	2.369088473	1.78125	31445.33333	56012
9.55	2.473222098	1.96875	31431.11111	61880
9.6	2.551456738	1.953125	31938.56	62380
9.65	2.594204797	1.953125	31760.384	62032
9.7	2.622397705	1.984375	32378.96063	64252
9.75	2.541405668	1.9375	33290.32258	64500
9.8	2.754383334	2.0625	32859.15152	67772
9.85	2.737354663	2.171875	32237.58273	70016
9.9	2.837348234	2.1875	32543.08571	71188
9.95	2.911982118	2.375	30302.31579	71968
10	3.011952891	2.25	33333.33333	75000
10.05	3.020750026	2.390625	32373.12418	77392
10.1	3.088736749	2.421875	32731.66452	79272
10.15	3.2240302	2.46875	33129.31646	81788
10.2	3.385757133	2.59375	33748.81928	87536
10.25	3.399978189	2.59375	34316.33735	89008
10.3	3.51113733	2.703125	34752.36994	93940
10.35	3.527148768	2.609375	35288.14371	92080
10.4	3.626124041	2.765625	35323.66102	97692
10.45	3.850497786	2.859375	34471.86885	98568
10.5	3.962068146	2.921875	35459.42246	103608
10.55	4.100846646	3.203125	31175.80488	99860
10.6	4.429767969	3.09375	34806.94949	107684
10.65	4.621155329	3.1875	34674.19608	110524
10.7	4.858901617	3.234375	33381.41063	107968
10.75	5.024078674	3.328125	33763.15493	112368
10.8	5.075217192	3.359375	34113.48837	114600
10.85	5.280710836	3.46875	31708.25225	109988
10.9	2.091387888	1.640625	33321.44762	54668
10.95	2.085952022	1.59375	33681.56863	53680
11	2.130105522	1.625	33331.69231	54164
11.05	2.225935231	1.671875	34234.61682	57236
11.1	2.128222025	1.6875	30449.77778	51384
11.15	2.293239869	1.8125	33968.55172	61568
11.2	2.326898367	1.9375	31155.6129	60364
11.25	2.467597535	1.953125	34828.288	68024
11.3	2.50732048	2.03125	33957.41538	68976
11.35	2.610358087	2.078125	34099.96992	70864
11.4	2.631202793	2.21875	31605.1831	70124
11.45	2.842531271	2.265625	34106.26207	77272
11.5	2.911903362	2.328125	32956.99329	76728
11.55	2.965436374	2.375	33541.05263	79660
11.6	3.073655103	2.5	33321.6	83304
11.65	3.178164452	2.484375	31496.05031	78248
11.7	3.210796303	2.484375	33735.6478	83812
11.75	3.271919158	2.6875	30856.93023	82928
11.8	3.243925562	2.703125	33703.21387	91104
11.85	3.306420679	2.734375	34004.11429	92980
11.9	3.434279519	2.875	33285.56522	95696
11.95	3.457471095	2.875	33037.91304	94984
12	3.548658304	2.953125	32107.00529	94816
12.05	3.667171925	2.9375	34008.51064	99900
12.1	3.770112598	2.9375	34339.40426	100872
12.15	3.840542166	3.03125	33043.79381	100164
12.2	3.968690839	3.09375	34046.70707	105332
12.25	4.091919256	3.109375	34790.27136	108176
12.3	4.199356564	3.09375	34986.66667	108240
12.35	4.427080054	3.1875	34566.27451	110180
12.4	4.422787291	3.15625	35064.39604	110672
12.45	4.72258131	3.1875	33883.60784	108004
12.5	1.945276964	1.53125	34398.04082	52672
12.55	1.972719912	1.65625	30273.20755	50140
12.6	1.896368239	1.53125	34442.44898	52740
12.65	1.891086126	1.546875	31764.68687	49136
12.7	1.895081392	1.46875	35793.70213	52572
12.75	1.901297643	1.578125	34240.63366	54036
12.8	1.97185483	1.515625	35074.63918	53160
12.85	1.98939072	1.484375	35643.28421	52908
12.9	2.026390615	1.703125	31288.36697	53288
12.95	2.12090462	1.71875	34459.92727	59228
13	2.069900964	1.71875	34557.67273	59396
13.05	2.172772382	1.796875	32333.91304	58100
13.1	2.191772439	1.765625	35085.59292	61948
13.15	2.212393995	1.828125	34706.59829	63448
13.2	2.346050094	1.84375	35725.01695	65868
13.25	2.240895058	1.859375	34252.36975	63688
13.3	2.417922719	2	34350	68700
13.35	2.428012957	2.03125	33579.32308	68208
13.4	2.469946867	2.03125	35424.49231	71956
13.45	2.389727291	2.078125	34696.66165	72104
13.5	2.508676655	2.09375	35864.83582	75092
13.55	2.501068476	2.140625	35912.87591	76876
13.6	2.53263538	2.109375	35650.37037	75200
13.65	2.59113268	2.171875	37263.65468	80932
13.7	2.659698333	2.171875	37746.18705	81980
13.75	2.674764381	2.171875	38258.18705	83092
13.8	2.606849685	2.125	40837.64706	86780
13.85	2.735832644	2.125	41498.35294	88184
13.9	2.775424329	2.265625	37527.83448	85024
13.95	2.880569362	2.34375	41760.42667	97876
14	2.815539245	2.296875	41590.42177	95528
14.05	2.956370142	2.296875	41334.42177	94940
14.1	3.032338287	2.421875	42240	102300
14.15	3.12409409	2.40625	42077.09091	101248
14.2	3.295158267	2.46875	40657.01266	100372
14.25	3.352481368	2.59375	41337.83133	107220
14.3	3.583891834	2.734375	36422.21714	99592
14.35	3.791040603	2.8125	40497.77778	113900
14.4	4.013652088	2.75	37681.45455	103624
14.45	1.790897312	1.453125	39677.24731	57656
14.5	1.864088175	1.46875	39941.44681	58664
14.55	1.907141104	1.5625	38364.16	59944
14.6	1.990186047	1.515625	38632.24742	58552
14.65	2.169685886	1.609375	37714.01942	60696
14.7	2.297479176	1.75	35844.57143	62728
14.75	2.235752126	1.84375	34681.49153	63944
14.8	2.298109301	1.828125	34560	63180
14.85	2.447700291	1.953125	31295.488	61124
14.9	2.448973314	1.921875	33719.15447	64804
14.95	2.559430421	2.09375	33478.68657	70096
15	2.618858353	2.1875	30202.51429	66068
15.05	2.704928072	2.234375	32665.95804	72988
15.1	2.830568724	2.21875	32858.14085	72904
15.15	2.858907492	2.296875	32071.40136	73664
15.2	2.939030284	2.484375	31478.33962	78204
15.25	3.123230665	2.34375	31460.69333	73736
15.3	3.262156078	2.53125	28243.75309	71492
15.35	3.343752744	2.5	30108.8	75272
15.4	3.428945632	2.78125	29148.04494	81068
15.45	3.468755709	2.90625	28934.88172	84092
15.5	3.585619081	2.953125	28143.74603	83112
15.55	3.666393264	2.90625	26823.56989	77956
15.6	3.583017637	2.796875	28609.07263	80016
15.65	3.765417729	2.921875	28402.31016	82988
15.7	3.874098761	2.9375	26335.31915	77360
15.75	3.98449164	2.875	28801.3913	82804
15.8	4.162139028	3.03125	28053.1134	85036
15.85	4.427554812	3.21875	28479.37864	91668
15.9	4.630792519	3.46875	27280.14414	94628
15.95	4.768068371	3.484375	27831.67713	96976
16	4.923361257	3.625	27059.86207	98092
16.05	5.097190278	3.703125	27103.59494	100368
16.1	5.392602276	3.546875	27576.95154	97812
16.15	2.289715964	1.859375	26593.88235	49448
16.2	2.323780863	1.8125	26994.75862	48928
16.25	2.326649129	1.84375	26897.35593	49592
16.3	2.430735782	1.84375	26172.74576	48256
16.35	2.450176577	1.8125	26599.72414	48212
16.4	2.501719154	1.859375	26028.10084	48396
16.45	2.583135069	1.984375	26087.81102	51768
16.5	2.687605947	2.15625	25316.17391	54588
16.55	2.808277528	2.203125	25425.70213	56016
16.6	2.818056066	2.265625	25531.14483	57844
16.65	2.901852449	2.296875	25138.5034	57740
16.7	3.026963911	2.296875	25882.12245	59448
16.75	2.998603288	2.234375	26446.76923	59092
16.8	3.03828147	2.46875	23777.21519	58700
16.85	3.246353951	2.4375	26249.84615	63984
16.9	3.362815068	2.515625	25681.09317	64604
16.95	3.388571963	2.71875	25750.06897	70008
17	3.43576811	2.734375	26192.45714	71620
17.05	3.37765233	2.6875	24034.23256	64592
17.1	3.575959655	2.6875	26496	71208
17.15	3.719879063	2.828125	24769.76796	70052
17.2	3.839036993	2.90625	26406.53763	76744
17.25	3.914467602	2.90625	25785.80645	74940
17.3	3.80211728	2.9375	27756.93617	81536
17.35	4.088834466	3.25	26861.53846	87300
17.4	4.207702218	3.359375	27818.26977	93452
17.45	4.344301049	3.359375	28231.44186	94840
17.5	4.471436615	3.359375	28007.5907	94088
17.55	4.450179057	3.328125	28645.55869	95336
