time division length width area intensity CMx CMy
0 0 44.0657 14.4103 635 126.731 355.065 487.019
1 0 45.1657 15.7642 712 122.645 358.053 487.924
2 0 46.0389 14.857 684 127.333 360.139 486.342
3 0 46.1032 14.7278 679 127.781 359.943 487.62
4 0 49.068 16.3651 803 121.985 359.716 488.33
5 0 49.0777 15.017 737 126.703 359.749 488.526
6 0 51.0598 14.8845 760 126.697 358.963 488.768
7 0 52.0549 14.8881 775 128.174 357.739 489.628
8 0 52.0205 15.9552 830 126.641 355.893 488.528
9 0 54.1669 15.4338 836 126.734 354.609 490.683
10 0 56.1083 15.684 880 125.233 353.659 489.762
11 0 58.0723 16.0145 930 123.215 352.333 491.825
12 0 59.0318 15.7034 927 124.81 349.425 490.901
13 0 63.0317 16.5631 1044 119.182 347.652 491.543
14 0 64.0813 15.4179 988 122.968 345.194 490.328
15 1 33.0727 11.1572 369 131.889 343.818 504.425
16 0 35.0644 11.6643 409 127.594 341.628 505.237
17 0 35.0152 12.823 449 124.695 339.04 503.947
18 0 37.0226 11.5335 427 126.934 337.696 501.656
19 0 39.0277 12.6833 495 123.026 335.493 501.513
20 0 41.0346 13.184 541 123.185 332.484 499.104
21 0 44.0614 14.3436 632 118.889 332.479 495.858
22 0 45.0445 13.8308 623 121.058 333.981 495.571
23 0 46.0805 15.1691 699 116.488 333.747 491.605
24 0 48.0537 14.8168 712 115.43 335.618 491.25
25 0 51.0628 15.5495 794 114.293 335.956 480.445
26 0 51.0937 16.1859 827 113.342 337.143 478.239
27 0 52.1129 14.1424 737 119.535 339.123 479.331
28 0 55.1341 15.0361 829 115.805 341.425 476.946
29 0 58.08 15.3753 893 112.685 343.571 478.903
30 0 59.1082 15.7 928 111.375 345.488 478.967
31 0 60.127 15.6668 942 111.504 348.039 480.363
32 0 65.1537 15.2869 996 109.763 348.967 481.191
33 0 67.119 15.8226 1062 108.281 352.202 482.17
34 0 66.1047 15.0973 998 110.498 351.764 481.771
35 0 70.0845 16.0378 1124 107.222 352.477 485.419
36 0 70.1632 14.9509 1049 110.337 351.747 486.202
37 0 74.0992 16.4374 1218 106.626 351.633 486.407
38 0 76.1224 15.1335 1152 110.32 350.149 485.543
39 0 79.1569 15.3998 1219 109.893 349.207 484.45
40 0 81.111 16.1014 1306 108.917 347.465 483.093
41 0 85.0595 15.8007 1344 109.069 344.792 484.539
42 0 86.132 15.3137 1319 109.163 342.66 483.738
43 1 48.0839 10.9184 525 113.419 340.893 505.061
44 0 48.0488 12.5706 604 111.841 337.695 502.962
45 0 51.0616 13.0039 664 110.011 336.084 503.148
46 0 53.0699 12.7002 674 108.622 334.728 503.837
47 0 54.0844 11.9998 649 111.607 332.348 500.747
48 0 57.0778 13.8408 790 108.141 330.838 499.965
49 0 60.0505 15.3704 923 105.375 330.477 497.506
50 0 59.1281 13.9697 826 111.587 328.717 496.702
51 0 63.0964 14.2956 902 110.204 327.86 492.792
52 0 64.0553 14.3001 916 110.855 326.533 491.574
53 0 67.0667 14.4334 968 111.083 325.7 487.893
54 0 69.1408 14.8827 1029 110.253 324.165 487.99
55 0 72.1298 14.266 1029 110.246 324.71 483.733
56 0 75.1256 14.5623 1094 108.948 325.691 485.003
57 0 77.0852 15.1391 1167 107.228 326.808 481.941
58 0 81.1498 15.2681 1239 109.228 327.802 478.402
59 1 40.0296 10.6421 426 114.854 328.876 499.089
60 0 42.1023 11.6858 492 113.093 332.571 497.161
61 0 44.0733 10.8683 479 114.422 335.184 497.875
62 0 44.0199 13.1986 581 111.22 337.771 497.658
63 0 47.185 13.4365 634 110.683 339.394 495.379
64 0 48.0325 13.4909 648 110.718 341.603 496.724
65 0 50.1227 12.5093 627 112.786 342.625 498.185
66 0 53.0298 14.9727 794 106.023 342.778 497.7
67 0 52.009 13.5361 704 110.517 344.963 501.041
68 0 55.0788 15.1783 836 107.641 346.034 498.38
69 0 55.0448 14.2429 784 110.372 344.736 498.559
70 0 59.0439 14.142 835 111.224 344.727 499.406
71 0 60.0669 15.5826 936 110.031 343.621 498.393
72 0 61.0328 14.0744 859 114.505 342.083 499.547
73 0 63.1213 13.7988 871 115.263 340.7 499.696
74 0 66.0366 14.598 964 113.402 338.667 499.808
75 0 66.0864 13.5126 893 117.886 335.301 499.673
76 0 70.091 15.0661 1056 114.568 334.062 497.969
77 0 73.0369 15.7318 1149 113.879 332.193 497.229
78 0 76.1166 15.2661 1162 113.427 329.375 497.846
79 0 77.0635 15.7792 1216 114.189 327.941 495.497
80 0 78.0556 15.4633 1207 116.713 326.442 494.504
81 0 81.1603 15.5988 1266 116.167 324.449 492.878
82 0 82.0969 14.5803 1197 122.142 323.45 490.8
83 0 86.1279 15.5466 1339 118.333 321.333 488.538
84 0 88.141 15.6454 1379 118.659 320.377 485.795
85 1 49.1 10.4481 513 122.226 319.955 505.117
86 0 52.0195 10.3038 536 125.916 318.864 502.776
87 0 50.0325 10.9329 547 124.576 318.572 502.283
88 0 51.1176 11.4246 584 124.909 318.104 500.241
89 0 53.128 11.6699 620 156.539 317.037 499.553
90 0 57.2795 12.4128 711 118.219 317.803 493.346
91 0 59.2099 12.6161 747 117.663 319.888 493.527
92 0 59.0458 12.9222 763 115.336 321.834 494.561
93 0 60.0506 12.7059 763 116.653 323.541 493.582
94 0 65.0916 13.5809 884 114.338 326.097 492.541
95 0 66.1346 13.1701 871 115.413 328.183 489.83
96 0 69.0893 14.4161 996 111.071 331.733 487.91
97 0 72.0909 12.8033 923 113.134 334.456 488.336
98 0 76.1562 14.3521 1093 108.328 336.543 487.822
99 0 79.0902 14.0852 1114 107.455 337.346 486.608
100 0 81.0905 13.8857 1126 108.109 339.313 487.059
101 0 83.1152 13.3911 1113 108.947 340.174 489.081
102 1 46.0436 10.5118 484 112.277 340.866 507.002
103 0 46.0814 9.89554 456 111.329 340.386 508.884
104 0 50.0555 9.98891 500 113.588 337.536 509.552
105 0 49.043 10.9496 537 114.333 336.512 507.358
106 0 52.0723 11.484 598 110.717 335.134 507.769
107 0 53.1282 12.8745 684 104.58 335.249 505.652
108 0 57.0656 12.8098 731 105.341 333.171 505.622
109 0 57.0989 13.5904 776 101.902 331.211 506.021
110 0 58.1402 13.3815 778 101.643 329.257 503.982
111 0 61.1421 13.7876 843 100.891 327.465 502.596
112 0 62.0682 13.5657 842 102.107 324.937 502.624
113 0 64.0625 14.0488 900 102.06 323.513 503.374
114 0 68.131 13.3713 911 103.213 322.295 500.878
115 0 70.1005 14.0227 983 103.111 320.439 499.007
116 0 71.1553 13.7305 977 103.808 319.346 496.533
117 0 71.0945 13.1234 933 107.936 317.857 495.12
118 0 77.1071 14.0065 1080 106.48 317.277 492.807
119 0 79.068 14.0891 1114 114.22 316.134 491.58
120 0 81.1366 13.7916 1119 116.612 315.143 487.5
121 1 43.035 9.43419 406 120.096 316.227 506.254
122 0 46.0171 11.9086 548 114.894 315.509 503.303
123 0 47.0306 10.844 510 118.357 315.974 500.926
124 0 50.1205 11.9911 601 114.256 315.526 499.76
125 0 51.0734 13.4512 687 112.095 316.361 496.102
126 0 52.1018 12.514 652 109.008 319.318 498.932
127 0 52.1018 12.5907 656 137.905 321.338 498.895
128 0 55.0203 11.9047 655 106.351 324.623 501
129 0 58.1291 12.9539 753 104.384 325.42 499.12
130 0 57.0572 12.7241 726 105.426 328.018 497.197
131 0 57.0584 11.9351 681 107.279 329.458 498.432
132 0 61.0597 12.6761 774 104.579 332.51 497.578
133 0 64.0988 12.7616 818 103.145 334.615 498.524
134 0 65.0458 12.8064 833 103.622 335.517 499.402
135 0 67.1255 12.201 819 104.228 336.82 499.773
136 0 68.0384 12.6105 858 104.035 336.471 497.766
137 0 72.1365 13.724 990 99.5667 337.247 498.273
138 0 74.1737 13.9403 1034 99.5977 335.728 499.049
139 0 77.28 12.4482 962 102.55 334.767 496.939
140 0 77.2466 12.5054 966 104.009 333.224 495.28
141 1 40.0525 9.51252 381 106.74 331.567 514.236
142 0 42.0567 9.46341 398 106.113 329.538 514.734
143 0 44.0405 10.8991 480 103.35 327.752 516.371
144 0 44.0956 10.8854 480 106.06 326.554 513.577
145 0 45.0884 11.2002 505 105.721 322.141 511.554
146 0 48.1551 10.4039 501 106.918 322.07 513.216
147 0 50.0883 12.3582 619 103.549 320.501 512.819
148 0 52.0349 13.5102 703 102.777 319.428 511.654
149 0 53.199 13.1769 701 104.264 317.214 508.71
150 0 57.0649 13.4584 768 103.513 314.523 505.978
151 0 57.0649 13.6511 779 103.023 314.519 506.189
152 0 57.0888 12.6645 723 106.156 314.697 505.889
153 0 58.1492 12.2959 715 107.151 314.283 502.073
154 0 60.2927 13.9486 841 103.792 314.09 500.08
155 0 63.1618 13.0775 826 104.215 313.063 499.806
156 0 65.1744 14.5456 948 99.9135 313.906 495.677
157 0 65.0809 13.0146 847 104.105 314.616 495.813
158 0 68.037 13.0076 885 103.606 315.754 495.838
159 0 72.105 13.7855 994 101.565 317.097 492.462
160 0 75.1165 14.8702 1117 99.6303 318.067 490.459
161 0 76.1758 14.4009 1097 102.505 320.358 488.734
162 0 79.1561 13.2397 1048 107.831 322.471 487.956
163 0 78.1127 12.9172 1009 114.732 325.953 487.199
164 0 83.2343 13.5641 1129 111.222 327.655 489.819
165 1 44.066 10.2346 451 108.426 330.168 510.18
166 0 46.1386 11.1837 516 114.01 331.859 505.862
167 0 45.0771 10.6262 479 111.812 332.106 509.724
168 0 48.1576 11.1509 537 110.52 333.371 508.339
169 0 50.2171 10.2754 516 114.012 333.946 505.7
170 0 52.1223 11.8375 617 108.447 334.507 507.348
171 0 53.1372 13.6816 727 105.402 332.499 507.906
172 0 54.1336 12.8386 695 104.213 332.612 509.089
173 0 55.0914 12.7425 702 105.442 331.698 508.62
174 0 57.165 13.3298 762 104.301 330.594 508.916
175 0 60.2586 14.3216 863 101.594 328.987 506.498
176 0 61.1222 12.9577 792 105.136 326.754 507.372
177 0 63.1276 13.2113 834 105.164 324.358 503.355
178 0 66.2169 13.6823 906 102.966 322.128 504.366
179 0 69.0931 13.9811 966 101.283 320.787 503.919
180 0 69.2028 12.8608 890 104.101 318.484 502.967
181 0 72.2826 13.3089 962 104.505 317.552 499.043
182 0 76.272 13.0454 995 108.958 315.366 495.847
183 1 40.0412 9.36536 375 107.32 315.656 515.277
184 0 43.0213 10.1345 436 107.378 314.165 511.862
185 0 42.0174 9.54366 401 109.945 312.579 510.239
186 0 46.0567 10.7259 494 105.52 309.7 508.249
187 0 46.072 11.0913 511 105.595 309.321 506.515
188 0 47.0672 10.6444 501 105.208 309.978 507.178
189 0 50.031 13.0719 654 100.358 311.083 504.437
190 0 51.0706 13.0408 666 99.2583 313.359 500.658
191 0 50.0841 11.5007 576 105.427 315.644 498.021
192 0 53.0765 12.6233 670 101.312 315.731 499.478
193 0 56.0575 13.1294 736 99.481 318.193 499.504
194 0 57.0951 13.819 789 99.4043 319.857 497.004
195 0 59.0751 12.1202 716 103.754 325.106 497.082
196 0 59.0751 12.6619 748 102.5 325.108 497.583
197 0 63.1099 13.8172 872 100.578 327.503 495.97
198 0 63.1692 12.2053 771 104.04 329.628 495.438
199 0 68.2287 13.7479 938 100.849 332.535 494.183
200 0 72.1914 13.949 1007 99.6981 334.608 494.763
201 0 73.1144 14.0602 1028 101.39 334.221 493.497
202 0 75.1583 13.731 1032 103.833 335.035 494.036
203 0 78.2581 13.3788 1047 105.471 335.97 493.073
204 0 82.1548 14.6796 1206 102.409 336.021 493.864
205 1 43.0576 12.0072 517 102.822 336.002 514.255
206 0 46.042 11.9456 550 103.42 334.867 515.324
207 0 47.103 12.2922 579 102.497 333.247 514.877
208 0 45.0446 11.4331 515 107.625 331.433 513.903
209 0 48.0812 12.0629 580 105.157 329.872 513.367
210 0 51.2629 14.2208 729 99.7147 326.55 513.453
211 0 50.0318 12.8718 644 105.626 324.599 513.284
212 0 55.0743 13.9993 771 103.489 322.916 508.721
213 0 56.0803 12.7317 714 107.917 316.951 511.12
214 0 57.141 13.6504 780 106.723 316.995 510.16
215 0 58.0647 13.1405 763 109.135 316.185 508.55
216 0 63.1651 14.5808 921 103.261 314.362 507.16
217 0 63.0704 14.1905 895 105.916 313.323 504.666
218 0 65.101 14.2701 929 106.424 311.987 502.706
219 0 68.1875 14.1668 966 106.801 311.59 502.347
220 0 68.1071 14.3597 978 108.224 311.47 498.338
221 0 72.1437 14.4295 1041 107.15 311.688 498.598
222 0 74.107 14.614 1083 108.848 312.213 493.464
223 1 39.0969 11.5099 450 113.382 313.493 508.144
224 0 43.0516 10.0809 434 112.171 311.873 510.491
225 0 41.0374 11.6235 477 111.262 316.291 510.029
226 0 44.0669 10.9379 482 112.927 318.73 506.971
227 0 45.0831 12.2441 552 111.011 321.897 506.145
228 0 45.0831 12.2441 552 111.011 321.897 506.145
229 0 48.2241 12.3797 597 110.385 324.693 505.747
230 0 49.2821 12.5806 620 107.158 327.848 504.542
231 0 51.3019 13.4108 688 109.999 328.858 505.483
232 0 50.3868 12.4239 626 113.958 330.566 505.302
233 0 51.2477 13.2103 677 112.13 331.582 505.549
234 0 53.0235 12.5228 664 106.756 334.19 509.197
235 0 55.1048 12.8845 710 107.463 334.825 508.911
236 0 58.0919 14.7525 857 102.793 333.623 508.394
237 0 61.1432 13.6237 833 104.28 332.975 507.989
238 0 61.1432 13.5583 829 155.13 331.989 507.941
239 0 67.1527 13.7895 926 102.901 330.187 507.658
240 0 65.0977 12.8115 834 107.062 328.755 508.863
241 0 69.0937 12.7942 884 106.722 326.037 507.05
242 0 72.2105 12.5605 907 108.635 325.394 505.1
243 1 38.082 9.53207 363 111.025 324.57 523.749
244 0 40.0499 10.0125 401 110.09 321.638 522.728
245 0 40.0731 9.93185 398 110.327 321.183 522.693
246 0 42.1125 9.97329 420 111.836 319.098 521.243
247 0 46.081 13.715 632 103.68 316.873 517.896
248 0 47.258 12.7386 602 108.741 315.321 513.032
249 0 50.0468 12.6681 634 102.254 314.033 513.997
250 0 52.0508 13.0065 677 101.962 312.496 511.526
251 0 50.1525 12.5816 631 104.642 312.017 509.759
252 0 54.1146 14.0443 760 100.705 310.936 508.4
253 0 53.1614 12.6219 671 105.238 310.645 507.468
254 0 55.1533 12.6375 697 104.465 308.933 502.677
255 0 59.1227 14.5291 859 98.2305 308.485 499.21
256 0 61.1686 14.6153 894 98.849 308.604 498.502
257 0 61.119 13.1874 806 102.154 311.395 499.067
258 0 64.325 14.2402 916 99.5011 311.236 496.682
259 0 66.2603 13.3715 886 101.245 313.836 494.464
260 0 69.3167 13.6908 949 100.187 314.748 492.416
261 0 73.2021 14.3712 1052 98.1454 317.032 493.306
262 0 75.3072 14.9255 1124 97.6041 319.591 491.235
263 0 75.4166 13.4718 1016 102.621 322.625 491.199
264 0 78.5256 13.9063 1092 101.531 325.627 486.221
265 0 83.6395 14.694 1229 97.9007 327.939 485.713
266 1 41.0788 11.5388 474 106.414 330.207 507.595
267 0 43.1792 10.4912 453 106.821 332.856 509.464
268 0 45.3209 11.0324 500 107.19 331.992 508.412
269 0 46.3556 11.5412 535 105.525 333.129 504.884
270 0 50.3329 13.6293 686 100.106 330.299 506.778
271 0 51.2053 12.2253 626 106.348 331.006 506.768
272 0 53.1631 14.8599 790 99.3747 331.943 509.89
273 0 54.1648 13.7174 743 103.324 330.398 509.813
274 0 55.0921 14.4304 795 101.948 328.036 508.85
275 0 56.0986 13.1911 740 105.034 327.401 508.678
276 0 58.3664 13.638 796 103.739 324.873 510.589
277 0 61.3908 13.9109 854 101.655 323.315 508.446
278 0 63.2002 14.462 914 100.932 321.347 508.428
279 0 65.3709 14.2418 931 101.22 319.591 506.929
280 0 67.342 14.7159 991 102.225 318.271 505.275
281 0 69.2669 15.1732 1051 100.913 316.961 504.793
282 0 71.2663 14.1301 1007 102.394 314.898 501.85
283 0 72.1609 14.0935 1017 102.13 314.099 498.697
284 0 73.2946 13.5208 991 110.257 312.994 498.038
285 0 76.1939 13.4525 1025 108.766 310.663 496.434
286 0 81.1413 15.0478 1221 105.536 310.647 493.534
287 0 84.2048 14.9398 1258 105.394 310.805 487.45
288 0 88.1431 13.0016 1146 110.072 310.122 486.695
289 1 44.0279 8.58546 378 106.677 312.029 510.45
290 0 45.025 11.4603 516 105.874 312.339 504.62
291 0 48.0204 11.6201 558 103.84 312.686 504.491
292 0 49.0581 11.7208 575 104.995 314.64 503.383
293 0 49.1481 10.3972 511 105.25 315.644 502.041
294 0 53.0205 11.8633 629 103.874 317.649 498.758
295 0 54.06 12.3566 668 107.187 316.626 499.516
296 0 56.1044 13.5818 762 107.9 319.619 499.438
297 0 61.0224 14.2407 869 105.049 322.948 498.979
298 0 61.0217 13.6017 830 107.657 325.149 496.226
299 0 64.0626 14.9073 955 104.296 326.857 496.602
300 0 65.0395 13.6225 886 107.104 329.512 498.78
301 0 68.0445 13.9174 947 106.844 329.227 497.362
302 0 69.0941 13.7494 950 107.502 330.196 498.32
303 0 74.0801 14.7273 1091 104.489 331.928 497.851
304 0 75.0707 14.0001 1051 107.053 331.37 499.418
305 0 76.0825 13.0122 990 109.169 330.264 496.377
306 0 81.1272 14.1013 1144 105.427 329.707 498.184
307 0 85.0728 14.6698 1248 105.88 328.125 495.785
308 0 85.0565 11.992 1020 112.103 326.578 494.942
309 1 44.0762 10.2323 451 106.863 325.082 517.865
310 0 47.0376 10.2896 484 105.089 324.715 518.064
311 0 49.032 11.1152 545 103.939 322.506 517.046
312 0 49.0153 11.833 580 104.488 320.845 514.217
313 0 51.027 12.3268 629 103.946 318.746 513.159
314 0 52.0829 12.1345 632 102.147 318.228 513.15
315 0 53.1189 13.3474 709 102.289 317.041 511.355
316 0 55.2165 14.0538 776 100.117 315.117 507.987
317 0 56.1012 14.0104 786 102.032 313.793 508.319
318 0 56.2092 13.1117 737 101.247 311.962 506.982
319 0 56.082 12.7314 714 104.91 311.448 503.408
320 0 61.0838 13.4406 821 105.275 310.851 502.853
321 0 62.0732 12.1147 752 108.733 310.598 501.648
322 0 62.0993 12.8987 801 110.358 310.271 497.833
323 0 64.0677 13.314 853 110.021 309.986 495.719
324 0 67.0528 13.1538 882 109.938 310.557 495.723
325 0 68.0482 12.3295 839 112.185 311.46 493.422
326 0 73.1386 13.1121 959 110.679 312.032 489.861
327 0 75.146 13.1877 991 109.699 313.644 490.406
328 0 77.0953 12.4651 961 112.591 317.306 488.363
329 0 81.1312 14.3225 1162 106.233 319.304 488.1
330 0 83.1317 14.3628 1194 108.455 322.375 486.791
331 1 46.0372 10.1874 469 110.565 326.277 506.011
332 0 48.0411 11.2404 540 109.452 328.881 506.181
333 0 48.042 11.1361 535 153.207 331.871 506.037
334 0 50.1097 12.4327 623 100.491 332.596 506.677
335 0 53.0791 12.6415 671 99.2459 332.981 504.213
336 0 51.2543 11.4722 588 104.332 332.857 504.046
337 0 54.1552 13.332 722 106.622 332.018 506.982
338 0 55.3525 12.0139 665 110.032 333.165 507.266
339 0 57.3168 13.6958 785 106.406 330.782 507.907
340 0 59.1798 13.8054 817 106.322 329.235 507.825
341 0 62.1642 13.5448 842 106.112 328.023 507.203
342 0 63.1093 13.025 822 107.884 324.746 508.293
343 0 64.2034 14.7188 945 105.175 323.793 507.272
344 0 65.223 13.4308 876 109.132 322.636 505.032
345 0 67.1279 13.9137 934 107.412 320.52 503.656
346 0 69.1882 14.4967 1003 106.317 318.908 502.332
347 0 70.2707 12.5515 882 110.973 317.709 501.096
348 0 75.0413 13.8857 1042 107.618 316.336 501.798
349 1 38.0681 11.8209 450 105.251 314.1 518.911
350 0 41.0388 11.4769 471 104.766 312.206 518.257
351 0 42.1391 12.0553 508 103.004 311.238 514.872
352 0 42.1231 10.4931 442 106.007 309.344 512.002
353 0 46.0868 11.934 550 100.685 309.227 512.496
354 0 45.4287 12.9654 589 100.475 309.793 505.027
355 0 46.3349 12.237 567 102.497 309.194 505.407
356 0 49.3824 14.5396 718 96.6643 309.645 503.843
357 0 48.0578 12.9636 623 103.117 308.56 502.047
358 0 49.2925 13.2475 653 103.942 308.371 501.53
359 0 53.2593 13.2559 706 103.065 310.504 502.293
360 0 54.1937 13.3226 722 102.727 311.494 500.258
361 0 54.1937 13.3226 722 148.607 311.485 500.299
362 0 55.1747 12.8138 707 104.723 315.586 497.443
363 0 58.3244 14.8994 869 99.2946 319.29 496.436
364 0 58.263 13.2503 772 103.402 322.451 499.012
365 0 60.3324 13.0113 785 104.939 324.808 497.116
366 0 62.1868 13.0253 810 104.767 326.331 498.175
367 0 66.1866 14.5044 960 101.212 328.815 498.99
368 0 67.1874 14.72 989 101.222 330.551 499.725
369 0 67.1874 14.6903 987 154.202 332.553 499.714
370 0 72.2328 13.3319 963 105.158 331.508 498.511
371 1 41.2266 10.4059 429 106.294 331.375 515.653
372 0 40.2599 9.96029 401 107.456 330.673 516.798
373 0 42.2513 9.15949 387 109.16 329.377 517.561
374 0 44.273 10.5708 468 107.382 327.724 516.517
375 0 47.2432 13.6739 646 101.198 325.33 515.181
376 0 48.2742 12.8226 619 101.929 324.221 515.872
377 0 50.0649 13.4825 675 103.19 320.99 515.911
378 0 51.0496 13.3987 684 104.921 319.124 513.756
379 0 51.0742 13.6468 697 105.096 317.859 513.858
380 0 53.1121 13.3491 709 104.678 316.992 513.216
381 0 56.1278 13.9859 785 103.68 315.233 511.112
382 0 57.1294 14.3534 820 105.107 314.185 509.488
383 0 59.118 15.9004 940 102.131 313.272 508.21
384 0 58.1431 13.9827 813 107.621 312.078 507.555
385 0 60.1844 13.3091 801 108.322 310.488 505.92
386 0 64.2441 13.76 884 107.745 308.648 502.857
387 0 65.1811 13.3014 867 109.579 308.146 499.963
388 0 66.2268 14.0427 930 107.728 308.08 498.915
389 0 68.2396 13.9362 951 109.285 307.93 493.136
390 0 71.1782 15.1591 1079 106.006 307.631 493.62
391 0 74.1436 13.8785 1029 109.086 308.151 492.2
392 0 75.1619 14.0497 1056 110.541 309.106 489.45
393 0 78.148 14.4342 1128 109.654 310.097 489.603
394 0 80.1007 13.9075 1114 107.247 312.433 488.448
395 0 84.1114 14.3619 1208 105.704 314.597 486.695
396 0 84.09 12.4628 1048 109.879 316.481 487.797
397 0 87.111 12.7998 1115 109.961 319.011 482.826
398 1 50.0547 10.968 549 109.035 322.058 504.594
399 0 51.0373 11.1095 567 109.273 324.792 504.36
400 0 53.0287 11.8049 626 107.383 326.32 504.807
401 0 55.0382 11.8645 653 106.663 329.44 505.573
402 0 56.0909 13.4068 752 105.529 330.149 504.308
403 0 58.1097 12.9238 751 109.092 330.158 504.614
404 0 60.0338 14.5418 873 105.362 330.62 505.274
405 0 60.1521 12.219 735 111.626 329.903 506.053
406 0 65.1042 14.3002 931 104.58 329.742 506.177
407 0 67.1046 13.6801 918 107.347 326.822 504.315
408 0 69.2438 13.2864 920 108.262 324.993 504.818
409 0 73.2654 14.7136 1078 105.002 322.757 503.339
410 0 74.1818 14.424 1070 106.861 321.195 500.498
411 0 76.1872 14.3069 1090 108.511 319.122 501.774
412 0 76.1872 14.2675 1087 153.213 316.109 501.718
413 1 41.176 10.2487 422 111.197 317.635 519.427
414 0 43.4095 10.3434 449 109.862 316.608 518.878
415 0 44.2898 11.2893 500 110.946 315.386 515.324
416 0 42.2047 10.1648 429 111.263 315.14 518.385
417 0 45.3996 12.6653 575 104.139 313.033 512.917
418 0 46.165 12.4553 575 105.414 311.889 511.115
419 0 45.1535 11.627 525 147.476 310.859 510.562
420 0 46.3596 12.3383 572 107.25 310.437 507.474
421 0 50.3802 12.5049 630 110.071 308.897 504.257
422 0 50.3229 12.5589 632 111.305 310.44 503.383
423 0 52.3428 11.9978 628 111.892 308.46 502.869
424 0 54.4006 13.7131 746 107.34 309.559 500.16
425 0 56.2237 13.3396 750 107.904 310.335 498.167
426 0 58.2763 13.1786 768 107.802 311.56 496.366
427 0 60.2756 13.1562 793 107.324 312.864 496.661
428 0 62.175 14.5718 906 105.679 315.451 494.953
429 0 63.0568 13.1627 830 108.746 319.036 495.461
430 0 65.1697 14.1937 925 107.288 320.76 494.182
431 0 66.0549 14.6242 966 106.894 324.081 493.393
432 0 69.2998 14.5455 1008 107.589 327.498 491.368
433 0 72.1029 14.6735 1058 106.933 328.76 491.884
434 0 76.3232 14.2028 1084 107.24 331.188 492.993
435 0 75.19 13.8183 1039 110.282 332.76 491.149
436 0 79.1789 14.0694 1114 108.057 333.283 494.049
437 0 81.1524 13.1481 1067 109.609 334.06 492.587
438 1 44.023 10.5172 463 106.644 333.765 511.469
439 0 47.0231 10.144 477 103.943 329.342 511.826
440 0 45.0151 10.7742 485 104.313 328.06 509.812
441 0 46.0601 10.6166 489 103.875 327.196 509.9
442 0 48.2018 10.7465 518 104.023 326.612 508.015
443 0 51.1176 12.0898 618 100.746 323.621 512.571
444 0 50.2488 9.83108 494 103.68 323.628 511.824
445 0 55.0476 12.3348 679 98.0913 321.199 511.452
446 0 56.0718 11.6458 653 99.4364 320.107 512.521
447 0 58.0778 10.9164 634 100.593 316.778 511.94
448 0 58.0318 13.2341 768 98.0078 316.376 509.75
449 0 61.0341 13.5498 827 98.6638 314.155 507.447
450 0 62.0944 12.9963 807 99.6927 313.17 505.456
451 0 62.1211 10.9464 680 105.126 312.871 503.429
452 0 64.0474 12.0067 769 102.341 310.87 503.442
453 0 66.1478 11.9127 788 100.787 309.459 502.864
454 0 67.1049 12.1005 812 102.431 308.532 498.655
455 0 71.0948 12.7857 909 100.189 308.128 497.53
456 0 72.1486 12.2386 883 100.387 307.682 491.937
457 0 74.1416 10.8036 801 102.635 308.222 491.052
458 0 77.1348 11.279 870 100.16 309.308 493.113
459 0 80.1029 13.1456 1053 97.5613 309.955 486.463
460 0 83.2269 11.775 980 100.3 311.434 481.403
461 0 83.1683 11.8675 987 100.097 313.882 485.432
462 1 46.1471 9.7731 451 99.9202 315.481 502.683
463 0 46.1029 10.1295 467 99.7173 318.503 505.221
464 0 51.0585 12.5347 640 97.575 325.269 502.509
465 0 51.0585 12.5347 640 97.575 325.269 502.509
466 0 50.035 10.7325 537 100.218 327.24 502.264
467 0 54.0599 12.2457 662 97.3912 328.801 501.693
468 0 52.0979 11.8431 617 95.9141 329.958 504.943
469 0 53.0955 10.2268 543 99.8343 332.273 505.912
470 0 54.0599 11.2098 606 98.6238 332.292 505.106
471 0 57.0574 10.7611 614 98.9137 331.894 506.897
472 0 60.0531 12.9385 777 95.2033 330.731 506.282
473 0 60.0634 12.2038 733 96.5894 330.336 506.248
474 0 65.1011 12.734 829 95.2388 328.558 506.047
475 0 65.0601 12.3117 801 94.8589 327.01 504.913
476 0 68.086 12.7633 869 94.1945 325.234 505.826
477 0 70.0476 12.4344 871 94.9529 323.497 505.096
478 0 72.0612 12.0314 867 95.9354 321.4 505.562
479 0 74.0914 12.0662 894 96.3893 320.243 505.399
480 0 75.0643 12.9223 970 94.9423 318.333 502.39
481 0 78.1713 12.7029 993 95.1239 317.524 501.664
482 0 82.0928 11.6819 959 96.633 315.052 498.357
483 0 82.0928 11.7063 961 122.35 312.065 498.308
484 0 85.0476 12.0991 1029 96.2663 313.883 494.48
485 0 90.1162 12.6725 1142 93.5604 311.953 495.248
486 1 47.0534 12.1564 572 94.9441 311.75 512.267
487 0 47.0677 10.8354 510 97.4863 311.331 508.588
488 0 51.049 11.7338 599 94.9466 309.815 507.583
489 0 51.049 11.773 601 126.01 307.82 507.516
490 0 54.0551 12.0618 652 95.6948 309.475 502.215
491 0 52.1044 11.4002 594 98.2037 310.465 503.168
492 0 55.0961 10.5271 580 98.6724 310.979 502.381
493 0 58.068 10.8666 631 98.1902 312.537 500.16
494 0 61.1654 12.9321 791 94.7927 313.828 499.288
495 0 64.0835 13.2327 848 93.3314 316.354 498.399
496 0 68.1214 13.5787 925 92.9059 318.417 497.808
497 0 70.2328 11.5758 813 96.3911 321.183 498.774
498 0 72.1673 12.9144 932 95.573 324.146 497.377
499 0 76.1314 14.1597 1078 94.513 326.579 496.66
500 0 74.138 13.4884 1000 135.388 328.608 495.317
501 0 79.2145 13.3183 1055 97.69 331.235 497.78
502 0 82.3865 14.3713 1184 96.9899 332.264 496.736
503 0 86.1884 14.0854 1214 96.4349 332.327 493.117
504 0 87.1946 13.7853 1202 100.44 332.983 496.041
505 0 90.2792 14.4662 1306 99.6539 331.01 494.94
506 0 93.1533 14.4708 1348 101.211 330.925 492.771
507 0 96.2111 14.385 1384 101.955 329.435 493.835
508 0 100.163 14.6961 1472 101.927 327.774 488.257
509 0 102.174 14.3774 1469 104.076 325.838 490.821
510 0 105.195 14.6299 1539 104.019 323.212 484.403
511 0 109.208 15.4751 1690 103.387 320.547 488.451
512 0 113.207 15.4584 1750 103.229 319.35 487.947
513 0 116.171 15.3395 1782 104.582 318.285 483.329
514 0 120.149 15.0646 1810 105.324 315.801 479.022
515 0 123.212 15.0797 1858 106.945 315.036 482.675
516 0 128.238 15.1125 1938 105.703 313.508 479.02
517 0 133.194 16.1044 2145 102.832 312.009 479.603
518 0 135.235 15.0997 2042 106.187 310.221 471.065
519 0 141.283 16.0954 2274 105.234 309.479 467.294
520 1 72.1629 9.11826 658 113.792 308.105 501.951
521 0 74.2327 10.1438 753 114.726 306.964 490.776
522 0 80.2294 13.4614 1080 106.474 306.944 491.275
523 0 82.117 13.4442 1104 106.731 306.092 489.61
524 0 85.1271 12.5225 1066 111.158 307.042 483.094
525 0 86.1935 14.015 1208 108.421 307.786 484.826
526 0 87.1096 11.2502 980 113.237 308.616 486.218
527 0 92.3533 14.0006 1293 107.826 309.548 481.438
528 0 99.1715 15.1455 1502 106.13 314.447 479.507
529 0 100.154 14.5476 1457 108.469 317.361 477.04
530 0 100.154 14.5476 1457 108.469 317.361 477.04
531 0 106.185 13.985 1485 108.671 322.815 477.104
532 0 113.103 14.9952 1696 108.153 326.389 476.16
533 1 62.0928 10.6132 659 110.017 329.721 502.663
534 0 62.0928 10.6132 659 110.017 329.721 502.663
535 0 66.1279 12.3246 815 106.063 330.498 502.995
536 0 68.1838 12.129 827 106.23 331.463 497.156
537 0 71.1843 14.0761 1002 100.92 331.66 500.485
538 0 74.1631 13.6321 1011 102.014 331.894 500.394
539 0 76.1265 13.5958 1035 102.783 331.239 502.818
540 0 79.0799 14.4411 1142 102.332 329.778 500.254
541 0 82.1333 14.6834 1206 102.784 327.784 497.353
542 0 84.1346 13.7637 1158 104.525 326.397 496.921
543 0 87.1571 13.5617 1182 106.487 325.335 498.493
544 0 90.1317 14.2458 1284 105.316 321.288 494.068
545 0 90.1317 14.1682 1277 149.836 317.287 494.041
546 0 95.1502 14.4508 1375 107.655 318.597 492.095
547 0 98.2099 13.6035 1336 108.06 316.35 492.481
548 0 102.14 14.0983 1440 105.908 315.558 488.167
549 0 106.17 14.5898 1549 104.598 314.177 488.7
550 1 57.0365 10.6423 607 103.928 313.766 512.651
551 0 60.1223 9.94639 598 105.445 312.14 508.488
552 0 62.0475 11.5557 717 103.584 310.771 505.028
553 0 61.1005 10.9164 667 106.42 308.448 504.138
554 0 65.2083 12.8051 835 99.8874 307.138 499.284
555 0 66.3028 13.0915 868 97.0726 305.811 499.482
556 0 69.2306 13.5489 938 100.255 307.285 498.374
557 0 69.2023 13.3955 927 101.786 306.709 492.845
558 0 74.2532 14.1273 1049 97.9838 308.463 492.74
559 0 77.395 14.4712 1120 97.858 309.246 489.623
560 0 78.2914 12.8877 1009 102.246 309.728 486.645
561 0 80.3088 13.6598 1097 100.947 311.325 484.538
562 0 83.2029 13.7375 1143 99.986 313.316 483.97
563 0 84.2716 13.5158 1139 101.868 315.933 482.607
564 0 90.2503 13.3074 1201 101.342 319.973 483.558
565 0 92.2241 14.584 1345 98.5732 323.456 483.173
566 0 94.2164 14.2756 1345 99.3665 325.346 479.982
567 0 98.2394 15.2994 1503 97.2701 327.282 480.47
568 0 101.27 14.8711 1506 98.1992 330.814 483.103
569 0 101.198 14.4963 1467 98.8446 330.389 480.507
570 0 110.243 15.1392 1669 96.0935 332.572 482.113
571 0 110.243 15.1392 1669 96.0935 332.572 482.113
572 0 113.293 14.158 1604 100.516 331.072 477.269
573 0 119.233 15.4236 1839 96.9598 330.896 480.303
574 1 67.3016 10.0889 679 105.133 330.635 503.725
575 0 69.114 10.1861 704 102.104 328.966 504.129
576 0 75.1643 11.6279 874 99.5995 326.486 506.129
577 0 77.1827 11.5311 890 100.806 324.211 500.872
578 0 79.2785 12.9039 1023 98.1896 321.778 500.766
579 0 83.1481 13.6985 1139 96.6137 320.334 497.009
580 0 85.2056 13.7432 1171 96.5722 318.091 492.74
581 0 88.1358 14.4663 1275 94.058 317.166 497.689
582 0 90.3029 13.2222 1194 96.5352 316.239 493.502
583 0 93.1481 14.4072 1342 95.3726 315.022 490.73
584 0 95.2001 14.0546 1338 95.7773 313.558 488.748
585 0 97.1174 12.9122 1254 98.9322 312.068 488.443
586 0 99.1312 13.1946 1308 98.8066 311.817 486.147
587 0 101.288 12.6669 1283 100.34 310.977 483.851
588 0 106.262 13.0902 1391 98.7211 310.357 480.901
589 0 110.136 13.0022 1432 95.808 310.347 482.763
590 0 112.14 13.7329 1540 94.7877 309.345 476.503
591 0 113.253 12.3441 1398 97.4363 309.129 470.755
592 1 66.0972 10.2576 678 94.4705 310.142 498.252
593 0 66.1096 9.93805 657 93.7884 310.629 497.928
594 0 67.0765 9.79479 657 91.758 312.836 495.633
595 0 68.2089 10.9516 747 91.2236 313.75 493.95
596 0 72.2028 11.6893 844 89.7393 315.841 491.69
597 0 78.167 14.6097 1142 84.0841 318.581 493.667
598 0 79.2153 13.5454 1073 86.6188 321.189 490.287
599 0 78.2752 13.0309 1020 88.5627 324.537 491.356
600 0 82.184 13.7861 1133 88.0936 327.197 490.769
601 0 85.1314 13.7904 1174 88.6976 329.762 491.354
602 0 88.1358 14.0011 1234 87.9684 331.365 488.304
603 0 89.2082 13.2163 1179 89.9788 333.114 487.742
604 0 93.2822 14.2471 1329 87.8412 333.182 489.86
605 0 94.1722 12.0312 1133 92.7379 333.263 488.961
606 0 97.1799 12.6775 1232 91.1453 331.253 487.796
607 1 48.0516 8.19953 394 92.835 331.754 517.393
608 0 48.0516 8.11628 390 128.403 330.774 517.592
609 0 57.0664 10.6367 607 88.4168 327.649 513.341
610 0 56.1423 11.453 643 88.1695 324.918 513.672
611 0 58.0731 10.6762 620 92.4855 322.587 512.063
612 0 61.1468 11.1535 682 91.151 321.133 510.633
613 0 65.1112 11.7798 767 87.8722 320.061 509.429
614 0 67.2401 12.7156 855 85.5602 318.404 508.584
615 0 71.1543 15.7966 1124 81.4101 316.17 506.885
616 0 72.1598 13.1514 949 85.7977 315.322 504.364
617 0 74.1335 13.1115 972 86.0278 313.212 501.962
618 0 77.1347 14.5849 1125 82.7591 312.476 500.108
619 0 78.1622 13.2929 1039 86.3282 311.061 499.5
620 0 80.1662 14.2579 1143 84.972 309.769 496.325
621 0 82.1999 14.1484 1163 85.5383 309.738 492.298
622 0 86.1551 14.381 1239 83.8902 309.58 491.187
623 0 86.0965 13.3455 1149 86.1044 309.294 487.75
624 0 89.1502 13.6287 1215 85.9753 309.696 486.392
625 0 91.1886 13.006 1186 89.14 310.354 484.139
626 0 94.2409 13.6565 1287 89.8291 311.775 482.58
627 0 96.3073 13.5088 1301 91.0669 312.276 478.505
628 1 49.0312 11.0134 540 93.1722 314.917 503.467
629 0 54.1075 10.9966 595 91.0588 317.452 503.788
630 0 51.1026 9.27545 474 93.635 318.671 505.333
631 0 55.2708 11.3441 627 92.7863 319.069 499.876
632 0 54.2565 11.3535 616 93.3977 322.791 502.49
633 0 59.1511 11.9693 708 92.5862 324.318 501.133
634 0 62.2524 13.8951 865 89.7121 327.724 500.186
635 0 63.0851 13.9653 881 88.0692 329.485 500.414
636 0 65.1572 13.9202 907 87.8765 329.462 500.727
637 0 68.1121 12.4794 850 90.1694 330.455 498.018
638 0 69.0998 12.1563 840 91.244 331.685 497.879
639 0 71.1158 13.4007 953 91.2392 331.458 501.398
640 0 75.0654 13.4283 1008 91.2579 330.3 499.189
641 0 81.0745 14.2092 1152 90.4957 326.37 501.334
642 0 82.0784 13.2434 1087 92.2962 326.373 499.05
643 0 81.0922 13.4045 1087 134.189 326.369 498.838
644 0 87.1127 14.2689 1243 90.8954 323.338 495.571
645 0 89.0421 12.9826 1156 93.0554 319.857 495.65
646 0 93.151 14.9113 1389 90.3434 319.287 493.998
647 1 47.029 7.3997 348 99.6782 317.371 518.601
648 0 51.0373 9.58122 489 96.1247 315.675 512.593
649 0 54.0837 11.5562 625 93.5136 314.589 513.293
650 0 54.1692 12.7933 693 92.3564 314.281 510.828
651 0 55.1688 13.2865 733 90.0464 312.029 507.733
652 0 58.2045 13.2808 773 90.903 311.071 503.922
653 0 55.0282 11.9212 656 93.9604 310.297 505.282
654 0 60.1774 12.8121 771 91.3606 308.885 503.191
655 0 60.0858 12.4988 751 91.1185 308.186 503.036
656 0 63.0484 12.9583 817 89.8996 307.52 499.06
657 0 66.2192 12.957 858 89.2284 308.156 500.217
658 0 66.1157 13.2646 877 88.7161 308.141 497.29
659 0 71.15 12.5509 893 88.5375 308.186 495.116
660 0 74.2377 13.2278 982 88.0163 308.737 493.882
661 0 74.1804 12.2269 907 91.8324 309.799 489.088
662 0 79.1733 13.161 1042 88.4606 311.413 491.376
663 0 81.1197 14.608 1185 86.843 314.46 490.854
664 0 83.1703 13.4062 1115 89.2305 316.974 489.212
665 0 86.1503 12.9657 1117 89.0761 319.588 488.739
666 0 88.1346 13.0936 1154 89.8778 322.75 488.279
667 1 49.1046 9.42885 463 94.4946 323.717 505.844
668 0 53.1538 10.7989 574 93.3118 326.493 504.171
669 0 52.0714 10.4856 546 92.7088 328.006 505.295
670 0 54.3876 12.3006 669 91.6293 329.954 504.922
671 0 57.1226 13.9699 798 88.5301 330.149 508.343
672 0 59.1284 14.2909 845 89.6118 331.189 509.015
673 0 61.2042 13.8716 849 89.8327 329.591 505.205
674 0 65.2445 14.6219 954 88.9927 328.998 505.781
675 0 66.1565 14.1936 939 89.9052 327.444 506.142
676 0 69.2186 15.3716 1064 87.8477 325.066 504.329
677 0 71.2356 13.2799 946 91.352 322.644 505.064
678 0 76.3237 15.9452 1217 85.8324 320.32 504.984
679 0 77.3017 14.2946 1105 88.8923 318.543 502.406
680 0 80.5056 15.4896 1247 88.0722 317.064 501.661
681 0 82.2796 14.5966 1201 90.2748 315.3 498.159
682 0 82.2796 14.5236 1195 146.979 314.275 498.096
683 0 90.1677 15.9259 1436 87.4199 312.962 496.101
684 0 92.1362 16.6276 1532 86.9484 310.807 493.537
685 1 50.1053 10.937 548 94.6788 310.133 514.56
686 0 51.1039 12.23 625 93.1984 309.462 512.05
687 0 50.0815 12.6993 636 93.3491 307.81 507.662
688 0 50.0815 12.5995 631 146.349 305.797 507.444
689 0 53.0838 11.8492 629 94.4452 306.374 504.383
690 0 57.2632 14.704 842 87.9335 307.19 499.651
691 0 57.2863 14.5584 834 88.7746 306.583 501.393
692 0 59.2002 13.6824 810 90.384 306.095 503.083
693 0 60.0654 15.5164 932 87.3519 307.541 501.274
694 0 61.1699 13.9775 855 89.5602 307.698 498.449
695 0 65.368 13.9671 913 89.0055 309.303 497.921
696 0 67.3853 15.7749 1063 84.9972 310.586 496.776
697 0 67.1792 14.1115 948 90.1171 312.733 493.352
698 0 67.1792 14.1115 948 134.059 314.717 493.319
699 0 72.1843 14.0197 1012 92.4042 318.962 493.819
700 0 74.267 14.0709 1045 92.645 320.864 494.368
701 0 75.2429 13.9282 1048 96.4208 323.672 491.457
702 0 77.1422 13.6242 1051 97.3397 325.264 493.211
703 0 80.1408 15.3105 1227 93.8729 327.226 493.043
704 0 83.1849 14.0651 1170 96.2632 329.006 495.695
705 0 87.104 15.2691 1330 94.5368 329.166 495.527
706 0 89.3267 14.419 1288 95.7298 329.623 495.863
707 1 51.1522 12.629 646 97.6703 329.313 512.183
708 0 50.2742 11.1787 562 98.8861 328.043 513.278
709 0 51.2445 12.7819 655 99.8931 325.476 512.165
710 0 54.2135 12.4877 677 100.914 323.914 511.573
711 0 56.3959 13.5825 766 98.1658 321.326 512.262
712 0 57.117 14.1289 807 96.202 319.325 514.911
713 0 57.1144 13.6043 777 98.1995 317.234 514.256
714 0 59.125 13.9028 822 98.3613 314.892 512.094
715 0 61.2217 14.57 892 97.4126 313.509 508.615
716 0 63.2118 14.839 938 97.6759 311.899 508.921
717 0 64.381 15.4549 995 96.4472 310.286 507.941
718 0 67.242 14.5147 976 97.9908 309.528 506.37
719 0 65.1929 13.9432 909 101.102 309.367 499.547
720 0 70.204 14.6573 1029 98.0204 308.274 501.465
721 0 72.1856 13.9917 1010 100.098 307.382 500.214
722 0 73.2081 15.053 1102 101.64 307.148 495.995
723 0 74.2167 15.4278 1145 101.73 305.525 494.504
724 0 76.1307 14.0154 1067 104.333 306.015 492.425
725 0 79.0812 15.756 1246 102.045 305.559 489.655
726 0 81.1357 15.2337 1236 102.595 306.107 491.261
727 0 82.1527 15.1912 1248 104.829 305.942 487.222
728 0 85.1835 15.3903 1311 103.728 307.21 486.486
729 0 90.0904 15.4623 1393 102.187 308.477 484.324
730 1 53.0441 9.76546 518 103.82 309.332 504.093
731 0 54.0483 8.84395 478 103.713 310.51 505.831
732 0 53.1515 11.5331 613 101.212 316.741 503.312
733 0 55.1276 11.0108 607 101.756 319.376 502.392
734 0 56.1185 11.3688 638 102.368 322.027 499.936
735 0 62.1681 12.9005 802 101.965 325.18 502.072
736 0 62.14 12.5523 780 104.064 325.641 500.797
737 0 66.2168 14.3015 947 99.4857 327.867 501.064
738 0 69.1766 14.369 994 99.4175 328.136 500.172
739 0 69.1766 14.3257 991 148.599 329.146 500.178
740 0 68.197 14.4141 983 148.428 330.174 500.424
741 0 77.1158 15.0812 1163 99.3044 327.256 501.278
742 0 77.0485 14.3286 1104 102.448 326.783 500.38
743 0 83.0932 15.9821 1328 96.875 324.547 502.921
744 0 84.0576 14.728 1238 100.754 323.374 501.521
745 0 88.0783 14.0216 1235 100.454 320.402 499.953
746 0 88.1793 13.9715 1232 102.01 318.725 497.21
747 0 94.0744 15.8066 1487 97.8009 316.728 497.496
748 1 53.0367 10.8793 577 99.662 315.139 518.962
749 0 50.0217 9.05607 453 101.238 312.925 520.832
750 0 54.0287 11.4013 616 101.338 312.175 516.563
751 0 54.0906 10.2236 553 100.553 310.288 517.139
752 0 57.1178 11.8877 679 98.0663 308.558 513.904
753 0 59.0397 13.0251 769 92.5735 308.107 511.626
754 0 61.0605 13.1673 804 92.7948 307.274 507.815
755 0 64.1056 13.0098 834 92.2362 306.613 507.307
756 0 64.0954 12.731 816 96.549 306.58 505.974
757 0 69.0734 13.5218 934 95.6338 306.814 500.011
758 0 69.0734 13.5218 934 95.6338 306.814 500.011
759 0 71.1467 13.9711 994 94.5392 306.706 499.016
760 0 74.1045 13.7509 1019 94.5839 305.994 495.381
761 0 78.0764 14.87 1161 91.5797 307.203 495.396
762 0 77.1095 13.4484 1037 97.0723 306.786 493.179
763 0 80.0416 14.355 1149 94.6501 307.921 492.283
764 0 82.0675 13.6107 1117 96.88 309.211 490.204
765 0 86.0844 13.5565 1167 98.1697 312.588 488.381
766 0 89.1061 15.4086 1373 93.9687 313.822 486.362
767 1 47.0372 7.86612 370 100.151 317.759 511.773
768 0 50.0702 10.0858 505 99.2931 320.883 506.495
769 0 52.0515 11.4694 597 95.4573 323.735 508.077
770 0 52.0824 11.2898 588 94.9507 325.736 509.937
771 0 55.1132 11.1407 614 96.6596 327.345 509.85
772 0 56.0428 12.1157 679 95.2666 327.847 507.838
773 0 59.0889 13.4881 797 89.6311 328.304 510.91
774 1 114.385 12.0295 1376 98.1272 327.806 485.536
775 0 114.385 12.0295 1376 98.1272 327.806 485.536
776 0 119.286 12.1557 1450 97.9221 325.44 484.981
777 0 119.286 11.7617 1403 98.5267 323.795 483.155
778 1 201.735 12.0059 2422 103.554 322.139 445.075
779 0 209.982 14.1108 2963 99.2177 319.676 445.253
780 0 210.081 13.6709 2872 102.488 317.453 442.792
781 0 209.528 8.52868 1787 100.732 315.508 474.176
782 1 76.1789 12.3525 941 94.8278 313.732 507.448
783 0 80.1426 13.8004 1106 92.1121 313.24 503.894
784 0 85.2807 15.2086 1297 90.5197 310.852 501.578
785 0 89.4787 14.618 1308 94.9358 308.963 495.024
786 0 89.4787 14.618 1308 94.9358 308.963 495.024
787 1 52.3288 10.8544 568 99.1232 309.755 514.315
788 0 51.2258 11.2443 576 99.7222 308.278 512.769
789 0 52.3623 12.1462 636 98.3098 307.814 508.873
790 0 53.3433 11.0229 588 101.359 308 508.679
791 0 55.2923 12.0813 668 101.597 307.118 504.5
792 0 57.2486 11.9828 686 96.6866 306.774 502.853
793 0 57.242 12.3336 706 95.6487 308.084 500.193
794 0 59.1335 13.0214 770 95.8532 307.438 498.309
795 0 61.0654 14.1815 866 93.9584 308.463 498.036
796 0 64.1882 14.9093 957 93.8182 309.518 497.951
797 0 63.0717 13.6194 859 98.8149 309.575 496.026
798 0 70.1611 15.5642 1092 94.2665 311.498 495.985
799 0 70.1151 15.4746 1085 97.012 313.544 493.771
800 0 74.1569 14.9683 1110 96.9784 315.822 493.679
801 0 74.1569 14.9683 1110 146.277 318.816 493.64
802 0 78.148 14.1398 1105 99.705 321.715 493.275
803 0 82.1035 15.0176 1233 98.489 324.036 492.556
804 0 81.129 13.6449 1107 103.659 326.034 491.425
805 0 87.074 14.9987 1306 99.4502 328.312 491.909
806 0 90.2476 14.848 1340 99.7694 328.59 492.295
807 0 94.1857 15.3102 1442 99.8745 330.279 492.083
808 1 49.1953 10.7124 527 107.063 329.899 512.514
809 0 50.3057 11.5295 580 104.597 328.703 514.197
810 0 55.304 12.3861 685 103.547 325.901 513.469
811 0 55.304 12.3861 685 103.547 325.901 513.469
812 0 58.1457 13.1566 765 103.672 321.648 510.474
813 0 59.1161 14.4461 854 102.402 319.091 510.632
814 0 58.0842 13.5837 789 106.708 315.703 511.393
815 0 60.0931 13.5956 817 105.755 315.689 511.045
816 0 63.1247 14.21 897 103.681 315.078 510.605
817 0 65.2941 13.9982 914 103.406 313.891 511.594
818 0 66.2157 13.7581 911 104.609 312.841 511.661
819 0 69.1957 15.6224 1081 99.7845 311.318 505.781
820 0 72.2807 16.4913 1192 96.6778 310.237 503.109
821 0 73.1947 14.3316 1049 101.949 308.952 502.721
822 0 74.2831 14.4851 1076 102.023 308.697 500.558
823 0 78.2907 13.6926 1072 103.958 306.714 495.327
824 0 81.3996 16.1917 1318 98.1146 307.256 493.047
825 0 82.2633 14.2348 1171 105.944 306.495 492.617
826 0 85.3398 15.5262 1325 102.73 306.558 490.532
827 0 89.5473 15.1875 1360 101.407 306.101 486.78
828 0 87.3628 13.4726 1177 104.803 307.088 484.458
829 1 52.2047 10.8419 566 96.841 309.269 509.35
830 0 51.2047 11.249 576 96.7778 309.267 509.082
831 0 53.0888 12.2625 651 96.8264 313.957 503.751
832 0 51.0792 10.983 561 98.5348 314.116 506.294
833 0 55.0658 12.1491 669 97.2601 315.221 503.646
834 0 58.143 13.6904 796 93.6771 317.608 500.726
835 0 60.0758 14.0656 845 89.7101 320.706 501.154
836 0 59.2469 12.9965 770 92.7649 323.774 500.549
837 0 63.0953 13.4083 846 91.0756 325.693 500.009
838 0 66.1323 13.5637 897 90.5797 327.369 501.731
839 0 68.0866 12.3079 838 91.6814 328.703 501.829
840 0 71.1431 14.52 1033 87.9448 330.016 502.959
841 0 73.073 13.8081 1009 89.5352 330.084 504.139
842 0 77.1457 12.9625 1000 91.279 329.297 501.664
843 1 40.0716 10.8805 436 90.5184 328.491 521.702
844 0 43.0911 11.3016 487 91.9425 326.117 520.15
845 0 42.0427 10.0374 422 95.0782 324.922 519.844
846 0 45.0455 11.3885 513 92.9844 322.501 519.343
847 0 48.037 13.5104 649 89.9045 320.276 518.468
848 0 48.0655 12.2333 588 93.3537 317.959 517.861
849 0 51.107 12.9923 664 90.8886 317.176 518.116
850 0 49.0309 12.2576 601 95.1414 314.619 517.719
851 0 51.0514 12.125 619 95.6801 313.64 515.719
852 0 54.1227 13.3585 723 91.8686 313.235 515.383
853 0 53.0406 13.3671 709 92.3188 311.69 513.207
854 0 58.0506 13.5916 789 89.8213 310.265 513.667
855 0 56.0871 12.6945 712 94.7992 310.045 509.669
856 0 60.072 13.9499 838 90.5203 307.899 507.776
857 0 59.0806 12.7961 756 94.1905 308.683 505.549
858 0 62.0603 13.2613 823 92.2005 307.49 505.773
859 0 63.1533 13.1109 828 93.1014 308.043 503.06
860 0 68.1151 15.4004 1049 87.6587 308.581 500.557
861 0 69.1082 14.8897 1029 87.9592 308.687 496.682
862 0 71.0972 13.6855 973 91.335 308.505 497.963
863 0 72.0674 13.5151 974 92.0134 310.568 494.398
864 0 73.0962 13.79 1008 92.4683 311.115 494.817
865 0 77.1238 12.9921 1002 93.7814 312.343 495.066
866 0 79.1073 13.5512 1072 94.8573 315.17 492.196
867 0 83.1314 14.4951 1205 91.9759 317.539 492.31
868 1 42.0181 9.9005 416 98.6875 319.546 513.173
869 0 48.0591 12.1725 585 95.9914 321.675 512.243
870 0 50.0467 12.2885 615 93.3008 324.584 515.462
871 0 49.1151 12.4198 610 97.7295 326.602 511.31
872 0 51.1263 14.2001 726 92.6928 327.034 510.154
873 0 54.0417 13.7116 741 93.8192 328.517 511.46
874 0 53.0433 13.1779 699 95.7411 329.642 512.391
875 0 56.1089 14.5966 819 92.2344 328.928 511.225
876 0 59.0451 14.5651 860 91.0837 328.433 511.352
877 0 61.2266 14.4055 882 91.6712 326.84 510.295
878 0 62.1748 14.99 932 91.5461 324.163 509.753
879 0 65.3018 15.0685 984 92.062 322.208 508.078
880 0 69.1861 15.639 1082 89.7246 320.17 509.579
881 0 70.231 15.3209 1076 91.5242 317.796 509.009
882 0 75.1777 16.2681 1223 89.076 315.312 507.29
883 0 73.1291 12.7309 931 98.913 314.731 503.955
884 1 38.0289 10.8602 413 96.0194 314.262 523.247
885 0 40.0146 12.0706 483 95.0311 312.692 521.116
886 0 41.0096 11.412 468 96.218 311.423 520.306
887 0 42.0352 12.5847 529 94.2949 309.65 520.397
888 0 45.1305 13.4499 607 94.1351 306.501 516.069
889 0 46.0713 13.3923 617 95.0616 305.324 513.596
890 0 47.0241 13.8865 653 97.4686 307.063 511.769
891 0 50.0683 13.6214 682 97.3607 307.015 511.664
892 0 50.0454 13.6476 683 98.3909 306.843 512.693
893 0 52.0269 13.4353 699 99.3104 306.471 509.163
894 0 52.0491 13.5641 706 101.956 307.746 505.914
895 0 54.0552 14.5037 784 98.4949 307.568 505.986
896 0 54.0365 13.75 743 102.334 308.201 504.005
897 0 56.0609 14.5199 814 99.312 309.236 503.598
898 0 59.1209 15.0201 888 97.5191 311.141 503.007
899 0 59.124 14.884 880 99.0602 312.734 500.401
900 0 59.124 14.8502 878 158.276 313.716 500.355
901 0 64.1491 14.5443 933 98.5059 318.014 503.199
902 0 66.1039 15.521 1026 97.4756 319.907 500.505
903 0 68.1266 16.5427 1127 95.8429 322.146 501.036
904 0 70.1677 16.2468 1140 96.8053 324.588 501.646
905 0 70.0623 15.0723 1056 100.943 325.85 500.854
906 0 74.1156 14.9631 1109 100.682 326.95 499.57
907 0 77.0582 16.1047 1241 98.3497 326.832 499.324
908 0 79.0885 16.6017 1313 99.0624 327.343 498.141
909 0 83.0828 15.2619 1268 101.494 327.566 498.882
910 0 85.2263 16.3213 1391 100.761 326.395 497.673
911 1 44.0738 12.2068 538 102.879 325.634 520.171
912 0 46.0675 11.049 509 104.25 324.511 520.876
913 0 48.031 9.86862 474 104.156 322.333 521.112
914 0 51.0518 12.3404 630 99.8952 320.203 518.759
915 0 50.059 12.0258 602 101.435 315.63 518.277
916 0 52.1546 13.3449 696 100.034 314.605 516.178
917 0 54.3343 13.4906 733 98.3547 315.461 514.569
918 0 56.0461 13.7744 772 98.4922 311.202 515.28
919 0 57.1745 13.6599 781 99.0525 309.853 513.965
920 0 60.0687 13.934 837 98.4409 308.907 511.772
921 0 63.1278 13.7657 869 98.2371 306.534 509.245
922 0 64.1062 14.2888 916 97.1845 306.892 508.408
923 0 64.04 13.7258 879 100.402 306.662 504.184
924 0 69.2448 15.0625 1043 96.2915 305.889 502.206
925 0 70.0638 13.7303 962 98.7755 305.044 500.09
926 0 72.0901 14.2322 1026 98.0068 304.768 496.709
927 0 74.2791 15.0513 1118 95.9383 306.247 495.293
928 0 77.186 14.0569 1085 98.1419 305.357 492.156
929 1 41.1917 8.3512 344 102.512 307.747 510.346
930 0 44.2085 9.36471 414 99.3261 306.969 510.358
931 0 45.1566 10.5189 475 98.9326 309.768 508.792
932 0 47.1733 11.9135 562 95.2936 311.594 508.059
933 0 49.1802 11.9154 586 94.773 313.078 504.819
934 0 50.1575 12.4408 624 94.601 315.989 504.728
935 0 53.2915 12.5911 671 92.5797 319.072 506.198
936 0 53.1403 11.8742 631 98.5341 321.108 503.173
937 0 57.1908 14.1281 808 93.9171 323.093 504.426
938 0 58.1773 12.0322 700 97.2771 325.796 504.98
939 0 61.1604 12.8842 788 94.651 326.98 502.411
940 0 63.1745 13.9772 883 93.2197 327.153 503.225
941 0 68.2707 15.6729 1070 89.4682 327.535 504.204
942 0 68.3371 14.3114 978 93.0828 327.111 503.724
943 0 72.3552 14.1939 1027 93.8929 326.625 501.985
944 0 74.334 13.1299 976 95.9098 325.528 502.845
945 0 76.4984 13.3859 1024 96.6338 323.626 498.82
946 0 81.36 14.3559 1168 92.5582 321.903 498.011
947 0 85.6307 15.5084 1328 87.7485 319.929 499.287
948 0 88.1888 12.8134 1130 90.4655 317.726 494.517
949 0 90.2896 12.6482 1142 91.3109 315.752 493.532
950 0 94.5348 14.1852 1341 89.4101 314.042 489.551
951 1 50.2124 10.9734 551 89.1016 312.446 512.526
952 0 52.2308 13.134 686 86.4329 311.345 508.203
953 0 53.0926 13.8061 733 86.5402 310.117 510.108
954 0 55.0347 13.4824 742 90.9205 309.266 511.991
955 0 55.1053 13.7192 756 90.8876 307.742 510.734
956 0 57.0921 14.5554 831 89.2708 307.414 507.91
957 0 58.0679 14.087 818 90.3093 306.78 505.758
958 0 62.0767 14.7237 914 88.1663 306.511 502.603
959 0 61.0236 13.2572 809 92.1483 306.771 501.391
960 0 65.0702 13.0013 846 91.5106 306.755 498.452
961 0 68.087 13.4534 916 88.7707 306.86 497.906
962 0 69.1266 14.1769 980 89.1531 307.53 494.264
963 0 71.1498 13.83 984 89.5234 308.648 493.584
964 0 72.0706 13.0566 941 91.4283 310.555 492.518
965 0 75.1595 14.4094 1083 88.5642 312.452 492.353
966 0 76.0708 13.5269 1029 90.3897 314.705 489.993
967 0 79.066 13.6721 1081 89.6753 316.692 488.407
968 1 43.0562 10.4747 451 88.4989 321.191 510.279
969 0 43.1216 9.34566 403 90.8338 323.261 509.916
970 0 46.0428 9.6432 444 88.4978 324.894 510.914
971 0 48.3172 11.0727 535 87.314 327.478 511.176
972 0 48.0497 11.0927 533 86.8086 328.602 510.195
973 0 52.3 12.4474 651 85.2504 328.101 506.513
974 0 51.0673 12.2388 625 85.6112 328.562 507.747
975 0 54.1174 12.6577 685 83.6818 328.796 512.321
976 0 57.1344 13.1619 752 83.7274 327.848 509.767
977 0 57.0835 14.5576 831 81.7004 325.233 508.196
978 0 60.1536 13.6983 824 83.108 323.731 508.317
979 0 62.1038 12.4952 776 85.5567 322.25 508.305
980 0 67.1735 12.5198 841 85.4411 319.696 506.159
981 0 68.0654 14.5595 991 82.4753 318.137 505.224
982 0 69.0732 13.2468 915 85.8514 316.599 503.404
983 0 75.1876 13.5262 1017 84.7021 314.961 503.09
984 0 76.1805 14.0718 1072 84.3386 313.422 501.711
985 1 42.1382 11.842 499 88.2685 312.004 517.168
986 0 38.0621 9.85233 375 93.4907 311.179 516.264
987 0 39.0578 10.4204 407 92.6069 310.381 515.13
988 0 41.1444 8.60384 354 94.5734 308.277 514.949
989 0 44.3931 11.218 498 91.2912 307.434 509.43
990 0 44.3349 11.3004 501 93.1337 307.2 506.333
991 0 46.0593 12.4188 572 90.7762 307.08 507.638
992 0 48.2916 13.1079 633 89.1675 307.517 504.678
993 0 49.1097 12.6859 623 89.8539 305.116 503.006
994 0 51.1086 12.9333 661 90.4917 305.421 501.428
995 0 52.0848 13.286 692 91.8324 308.039 499.892
996 0 55.1631 14.8831 821 87.8136 308.772 500.46
997 0 55.314 12.7093 703 91.7639 311.976 500.462
998 0 56.185 12.5834 707 92.8515 313.45 498.628
999 0 57.3971 12.701 729 94.4938 316.545 497.981
1000 0 59.3364 13.2128 784 94.0587 318.26 496.472
1001 0 63.3159 13.5669 859 92.305 321.636 497.411
1002 0 64.2742 14.0803 905 92.3459 322.798 496.185
1003 0 66.349 14.5895 968 92.4566 326.268 495.12
1004 0 69.3108 15.5964 1081 90.3636 328.043 497.589
1005 0 72.4285 14.4004 1043 91.3413 328.575 497.354
1006 0 74.2463 12.9569 962 94.3191 329.618 498.249
1007 0 78.4707 13.5082 1060 93.9934 330.427 497.575
1008 0 80.3296 12.6852 1019 94.3925 328.979 498.403
1009 1 44.2594 12.359 547 88.9982 326.526 510.174
1010 0 47.1361 11.4562 540 88.8185 325.265 508.898
1011 0 46.1944 10.7372 496 91.6149 325.421 510.411
1012 0 47.2889 12.0113 568 92.0334 321.375 510.843
1013 0 51.3334 12.8376 659 90.1548 318.545 513.693
1014 0 50.0952 12.4363 623 96.2295 318.875 514.682
1015 0 52.1385 11.6037 605 97.4744 315.808 515.587
1016 0 55.1255 13.6235 751 93.6498 315.925 513.447
1017 0 55.1518 12.4747 688 97.7791 313.142 511.235
1018 0 62.0392 14.3296 889 93.3273 312.485 509.513
1019 0 62.0392 14.3296 889 93.3273 312.485 509.513
1020 0 63.1181 13.7045 865 93.4624 311.379 508.336
1021 0 66.1124 12.2216 808 98.7512 310.031 500.391
1022 0 69.1152 13.4558 930 94.6108 310.044 502.48
1023 0 69.2119 12.6568 876 96.1233 309.054 500.79
1024 0 69.0415 13.1515 908 96.6795 308.504 496.889
1025 0 74.1014 13.2791 984 94.2459 307.828 494.652
1026 0 75.0546 13.8432 1039 94.2483 308.101 491.378
1027 0 77.0744 13.3118 1026 94.2086 308.474 491.155
1028 0 81.049 12.6343 1024 94.541 309.772 489.628
1029 0 83.0533 15.3155 1272 89.8333 310.997 488.321
1030 0 85.0696 13.824 1176 92.216 312.174 486.73
1031 0 86.1128 12.8668 1108 90.0433 313.597 485.245
1032 0 90.1094 13.3615 1204 88.5556 315.443 482.821
1033 1 46.0613 10.6597 491 91.387 318.118 506.265
1034 0 49.1009 11.0792 544 90.7776 320.331 506.064
1035 0 49.1171 11.4828 564 90.633 322.651 504.098
1036 0 51.146 11.4183 584 89.9058 325.726 505.685
1037 0 53.2794 13.6826 729 85.7874 326.705 503.981
1038 0 55.0435 13.7528 757 85.535 328.6 503.851
1039 0 56.0887 12.8903 723 87.3001 328.29 507.172
1040 0 59.074 13.0176 769 86.0195 329.609 507.61
1041 0 62.0294 14.2674 885 83.739 329.65 506.655
1042 0 63.0688 13.7469 867 84.3195 328.197 505.809
1043 0 65.0789 12.7384 829 86.6056 326 508.543
1044 0 69.1208 14.2359 984 83.372 324.184 505.583
1045 0 71.1774 13.9651 994 84.4356 322.272 507.106
1046 0 74.1273 13.922 1032 84.7965 320.487 505.383
1047 0 75.0811 13.1724 989 86.2518 318.007 504.447
1048 0 81.1392 15.7014 1274 80.6193 316.18 505.326
1049 1 42.0861 10.0508 423 89.7991 314.478 521.752
1050 0 46.0333 11.3396 522 86.7548 311.852 520.787
1051 0 49.1353 10.929 537 88.1397 310.531 518.015
1052 0 49.0386 10.8282 531 90.6403 308.207 514.823
1053 0 50.3272 13.3725 673 86.8247 306.89 510.7
1054 0 50.3342 12.4567 627 86.4051 306.142 507.427
1055 0 55.088 15.7748 869 81.4948 306.817 507.413
1056 0 56.0404 11.4382 641 89.0889 306.251 505.669
1057 0 59.0369 13.0088 768 86.2786 305.285 504.568
1058 0 57.0343 12.1681 694 89.3689 305.242 502.638
1059 0 61.0604 12.201 745 88.6564 305.925 502.038
1060 0 61.0786 12.2138 746 89.2373 306.196 500.426
1061 0 65.0866 13.2746 864 87.1829 306.409 495.138
1062 0 65.1034 13.1022 853 87.8476 307.569 494.814
1063 0 69.2687 14.1911 983 86.1485 308.587 494.894
1064 0 73.3968 14.7963 1086 83.8214 310.834 489.11
1065 0 75.3621 13.6939 1032 87.9147 316.306 488.16
1066 0 75.3621 13.6939 1032 87.9147 316.306 488.16
1067 0 80.1109 14.2677 1143 86.5757 318.194 486.806
1068 0 81.1032 15.4371 1252 85.5942 320.858 487.489
1069 0 84.2117 13.8817 1169 88.219 323.311 485.482
1070 1 41.1882 9.68725 399 92.5614 326.454 508.865
1071 0 43.2969 9.81596 425 93.9529 327.035 508.264
1072 0 44.0831 11.0927 489 93.2699 325.624 510.301
1073 0 46.1368 11.4009 526 92.5323 325.211 512.587
1074 0 49.3579 11.2647 556 92.7194 326.408 509.853
1075 0 51.1001 12.5831 643 88.7465 324.421 511.519
1076 0 52.2144 13.8659 724 89.7693 323.497 510.517
1077 0 54.2336 13.9766 758 90.5 322.433 511.884
1078 0 56.2293 15.2767 859 88.7346 319.726 509.622
1079 0 59.1446 14.2532 843 90.5255 317.174 511.484
1080 0 60.2358 13.9618 841 91.2342 316.218 511.021
1081 0 63.1959 14.3364 906 92.1137 314.65 509.394
1082 0 63.1975 14.0828 890 92.9562 313.47 508.256
1083 0 66.1459 13.0469 863 95.584 312.808 506.874
1084 0 67.1387 13.6136 914 95.1039 311.473 505.326
1085 0 72.2026 14.9717 1081 93.5569 308.769 504.877
1086 0 72.156 15.1062 1090 94.3486 308.45 503.566
1087 0 75.2224 14.7164 1107 95.7733 307.391 499.399
1088 1 42.0842 11.5958 488 98.3627 308.484 513.93
1089 0 42.1125 11.9442 503 97.8429 308.916 514.018
1090 0 44.1435 10.4659 462 99.7316 307.946 513.043
1091 0 44.1648 11.7741 520 99.5115 307.856 510.187
1092 0 43.0983 10.9285 471 100.255 308.242 510.174
1093 0 48.0758 14.2899 687 94.7278 308.089 506.079
1094 0 49.1302 13.9018 683 96.4553 309.117 504.244
1095 0 51.1644 14.6977 752 94.8098 310.104 504.488
1096 0 50.0534 13.8452 693 96.7157 311.7 503.254
1097 0 52.0609 13.2153 688 98.9913 313.445 503.07
1098 0 55.0374 13.9723 769 96.3264 315.086 502.62
1099 0 55.0399 14.3169 788 95.7741 317.464 502.687
1100 0 54.0427 12.2126 660 99.4939 321.339 503.453
1101 0 56.0963 12.3538 693 98.8644 323.459 504.221
1102 0 59.1221 13.3284 788 97.2779 326.6 502.076
1103 0 62.185 14.9071 927 93.5189 327.617 503.54
1104 0 63.0914 14.2175 897 96.3211 327.839 502.52
1105 0 64.0886 15.2601 978 95.954 328.785 501.654
1106 0 64.095 13.87 889 100.328 328.924 503.128
1107 0 67.1062 14.1865 952 99.7321 328.208 503.852
1108 0 70.1641 14.6229 1026 99.7505 327.498 503.681
1109 0 73.1692 14.5006 1061 100.621 324.908 501.335
1110 0 75.1264 13.6304 1024 102.943 323.091 500.031
1111 0 78.1893 14.4137 1127 101.842 321.756 498.361
1112 0 81.1676 14.2545 1157 101.586 318.295 497.32
1113 1 43.1179 10.7148 462 103.584 316.972 515.288
1114 0 44.0594 13.0052 573 103.408 314.222 515.321
1115 0 45.109 12.3035 555 102.685 313.171 513.476
1116 0 47.1476 12.5351 591 103.738 311.976 511.65
1117 0 48.1085 11.0375 531 106.305 310.959 512.539
1118 0 51.0659 13.4728 688 102.304 309.427 509.808
1119 0 52.0536 14.6196 761 100.017 308.364 507.853
1120 0 53.1563 15.1628 806 98.8201 305.996 502.328
1121 0 55.1334 15.6348 862 97.7088 305.075 500.559
1122 0 57.1304 15.6659 895 97.2235 304.432 499.337
1123 0 59.1018 13.9928 827 100.116 304.689 498.244
1124 0 59.1202 14.3267 847 100.371 306.719 497.576
1125 0 61.072 15.0642 920 99.275 307.75 492.38
1126 0 65.1267 14.6791 956 98.3682 309.248 493.602
1127 0 66.1299 16.2105 1072 96.5289 310.547 490.58
1128 0 68.1497 15.5687 1061 98.1489 313.156 491.165
1129 0 72.1327 15.1804 1095 98.3206 315.19 489.225
1130 0 74.0596 15.8251 1172 97.9864 317.734 489.653
1131 0 75.2956 15.0075 1130 100.601 318.234 487.719
1132 0 78.2115 15.8033 1236 99.538 321.392 486.567
1133 0 77.1372 13.7288 1059 105.975 323.099 487.912
1134 0 81.0746 14.2215 1153 105.235 324.905 488.323
1135 0 84.0771 15.0933 1269 104.455 328.031 488.039
1136 0 87.1033 14.9593 1303 104.577 327.602 487.649
1137 0 90.1305 14.4901 1306 106.436 328.966 486.606
1138 0 94.1237 15.3203 1442 103.869 329.497 486.908
1139 0 98.115 14.6461 1437 104.903 326.463 489.701
1140 0 100.228 15.0857 1512 105.002 326.323 488.408
1141 0 106.09 15.2323 1616 103.288 325.424 486.816
1142 1 55.0808 11.8916 655 109.479 324.047 510.227
1143 0 59.0757 12.1877 720 109.222 321.407 509.742
1144 0 61.1142 13.1066 801 107.899 319.964 511.498
1145 0 64.1978 14.0815 904 107.06 317.144 508.992
1146 0 65.1242 14.4186 939 108.357 314.529 508.177
1147 0 70.0933 15.5079 1087 105.592 313.227 506.283
1148 0 71.0954 14.8533 1056 107.177 311.907 501.594
1149 0 74.2804 14.903 1107 108.857 310.282 501.433
1150 0 78.036 15.0828 1177 106.625 308.36 501.687
1151 0 77.1461 14.842 1145 108.681 306.732 498.32
1152 0 81.0812 14.356 1164 107.302 305.725 499.228
1153 0 83.09 14.3098 1189 108.792 305.62 494.706
1154 0 85.1459 14.5985 1243 108.511 304.224 493.238
1155 0 89.2147 14.6276 1305 108.336 304.126 491.166
1156 0 91.2093 14.5928 1331 108.99 304.836 489.594
1157 0 95.2392 14.6893 1399 108.823 304.686 486.653
1158 0 97.2228 14.441 1404 109.692 305.863 483.44
1159 0 99.1375 13.7788 1366 111.876 305.81 481.45
1160 0 105.196 14.6298 1539 107.379 306.83 478.657
1161 1 56.1276 9.78129 549 106.188 311.239 503.355
1162 0 58.2184 10.495 611 106.542 312.529 497.668
1163 0 61.4002 11.9381 733 104.177 313.904 495.119
1164 0 63.09 11.761 742 104.053 316.66 496.411
1165 0 65.1855 11.5363 752 104.213 319.846 495.008
1166 0 66.1772 11.9225 789 104.695 321.586 491.6
1167 0 68.1848 12.4514 849 102.914 323.638 494.263
1168 0 71.2764 12.0938 862 104.068 325.437 494.094
1169 0 74.1674 12.31 913 101.917 325.728 494.369
1170 0 78.3942 12.8198 1005 99.2179 326.173 493.497
1171 0 80.1547 13.686 1097 98.1841 325.077 492.65
1172 0 83.1693 12.4204 1033 99.484 324.196 491.238
1173 0 86.236 12.6281 1089 96.6171 323.549 492.702
1174 0 91.1157 12.9506 1180 96.6119 321.947 495.303
1175 1 49.0883 9.92089 487 98.4086 320.793 518.374
1176 0 51.0672 9.51687 486 97.1358 317.907 520.469
1177 0 51.0969 10.1376 518 98.9402 314.305 520.324
1178 0 54.2066 12.6922 688 95.9142 312.055 515.374
1179 0 55.1862 12.6843 700 96.9214 310.489 513.52
1180 0 57.0251 13.1521 750 94.18 307.629 517.016
1181 0 59.1856 12.3341 730 95.8507 305.153 515.388
1182 0 60.0974 11.914 716 95.831 305.142 514.286
1183 0 62.3095 12.5823 784 95.0408 303.909 511.24
1184 0 66.3076 15.036 997 89.4142 302.906 506.049
1185 0 68.209 13.2827 906 93.8687 302 504.904
1186 0 70.24 13.7528 966 93.4896 302.514 504.143
1187 0 73.12 15.2626 1116 90.207 301.154 500.519
1188 0 73.2075 12.7309 932 96.4549 302.275 498.341
1189 0 77.4908 13.7694 1067 92.851 302.944 496.922
1190 0 81.2609 13.4259 1091 93.5894 302.619 492.741
1191 1 44.12 10.3808 458 98.238 302.758 511.867
1192 0 46.2431 9.2338 427 100.429 304.81 511.726
1193 0 47.254 10.1579 480 100.673 306.66 509.277
1194 0 48.2055 10.8494 523 94.6348 308.623 510.958
1195 0 47.1638 9.52 449 98.0891 311.029 508.759
1196 0 51.1866 12.093 619 94.9548 313.601 508.278
1197 0 54.213 11.8975 645 98.3178 315.584 506.274
1198 0 56.1318 13.0585 733 98.0368 318.213 508.082
1199 0 56.1029 13.707 769 99.2965 321.473 506.377
1200 0 56.1094 13.7588 772 94.9417 322.869 507.597
1201 0 56.1094 13.8479 777 125.744 323.864 507.58
1202 0 60.1503 13.034 784 96.4196 325.2 508.037
1203 0 63.1966 12.833 811 98.3095 325.157 508.547
1204 0 65.1266 13.7271 894 96.9687 323.991 508.796
1205 0 67.0778 13.6558 916 97.5164 323.588 508.221
1206 0 70.1372 14.0582 986 99.3448 322.06 505.845
1207 0 74.138 15.6195 1158 95.6313 320.992 505.987
1208 0 76.0468 15.1749 1154 98.9913 318.719 505.248
1209 0 77.0485 15.2112 1172 100.692 315.042 503.386
1210 0 81.0977 16.1903 1313 100.536 314.064 502.678
1211 0 84.1545 15.5547 1309 102.359 312.549 501.249
1212 0 85.141 15.445 1315 104.324 311.589 498.401
1213 1 44.0286 11.6061 511 107.704 307.969 520.648
1214 0 46.0204 10.2129 470 109.072 307.445 522.257
1215 0 48.0261 11.3896 547 107.424 306.077 519.037
1216 0 48.0384 11.5741 556 108.326 305.495 516.144
1217 0 50.0872 11.6197 582 107.058 303.856 515.271
1218 0 52.3614 15.5458 814 78.4042 305.285 508.727
1219 0 52.2839 14.0579 735 100.83 305.57 507.414
1220 0 54.2149 15.0512 816 94.19 304.637 507.498
1221 0 54.1966 13.9861 758 98.6451 305.24 507.588
1222 0 56.0663 14.2153 797 97.9109 306.25 504.838
1223 0 56.1094 13.2598 744 100.247 306.402 504.519
1224 0 57.1745 13.52 773 101.499 306.885 503.217
1225 0 56.0924 13.353 749 103.708 308.18 502.522
1226 0 58.1033 12.4778 725 105.177 310.098 501.686
1227 0 63.0865 13.9967 883 100.552 311.964 500.727
1228 0 62.0992 13.1403 816 104.07 314.134 499.906
1229 0 66.0362 13.8712 916 101.442 317.396 498.328
1230 0 67.0334 13.3665 896 104.1 319.924 499.093
1231 0 69.0969 12.9962 898 106.468 322.138 499.006
1232 0 71.0869 14.222 1011 105.076 324.745 499.521
1233 0 73.0832 13.2725 970 107.4 325.18 498.789
1234 0 78.1001 15.0064 1172 103.581 326.48 497.156
1235 0 78.0299 14.943 1166 104.756 326.576 497.019
1236 0 82.0722 14.1339 1160 106.184 326.807 498.255
1237 1 43.0248 11.2958 486 109.228 325.171 517.171
1238 0 49.0919 10.6739 524 108.76 323.964 515.992
1239 0 45.038 11.3904 513 109.207 322.825 517.255
1240 0 50.0363 11.2918 565 108.039 321.565 516.816
1241 0 52.1238 11.6645 608 106.406 319.694 517.615
1242 0 52.1238 11.6454 607 152.585 316.707 517.598
1243 0 57.2154 14.559 833 99.6254 314.104 512.963
1244 0 57.1545 15.0994 863 100.234 313.147 512.198
1245 0 59.2031 15.5397 920 98.1467 311.339 510.239
1246 0 61.1831 13.9091 851 102.664 311.372 510.615
1247 0 62.1506 14.0304 872 104.054 309.95 508.604
1248 0 64.1036 14.1958 910 102.945 308.445 504.801
1249 0 68.0597 14.6195 995 100.988 306.958 503.741
1250 0 70.1499 15.5952 1094 97.9936 306.953 502.837
1251 0 71.106 14.2182 1011 101.402 306.843 500.066
1252 0 73.1686 14.6101 1069 100.911 306.054 496.319
1253 0 75.0712 15.452 1160 100.111 305.841 493.159
1254 0 77.1884 13.033 1006 106.388 307.032 493.35
1255 0 80.1941 14.7018 1179 103.003 306.599 489.571
1256 0 82.1548 14.0101 1151 104.746 306.637 486.355
1257 1 44.2377 10.0593 445 107.079 309.265 504.784
1258 0 46.0926 11.824 545 105.255 310.215 502.829
1259 0 49.2425 9.66644 476 107.861 312.244 504.013
1260 0 48.3351 11.9996 580 102.503 314.638 503.153
1261 0 52.1679 13.4949 704 97.0582 317.237 500.399
1262 0 54.2434 14.4718 785 90.6943 319.381 500.355
1263 0 56.0901 15.4573 867 89.9193 321.419 502.209
1264 0 56.1464 14.8006 831 93.2659 323.587 501.26
1265 0 56.1573 13.1238 737 97.9091 325.123 502.228
1266 0 61.204 13.5939 832 95.5745 326.144 501.906
1267 0 63.1618 14.8191 936 94.3077 327.264 502.513
1268 0 64.1133 14.8955 955 95.734 327.632 502.538
1269 0 67.2742 15.0875 1015 96.2631 327.121 502.327
1270 0 72.1507 16.5626 1195 92.9649 325.548 504.367
1271 0 73.1262 14.3861 1052 98.2747 324.381 501.717
1272 0 76.2999 16.3041 1244 95.8047 322.392 496.391
1273 0 77.2608 15.26 1179 98.0008 320.628 498.21
1274 0 82.3069 16.2076 1334 97.5667 318.566 497.312
1275 0 84.2893 15.601 1315 99.9034 316.374 496.036
1276 0 88.4452 16.2021 1433 97.5841 315.451 495.748
1277 1 46.1033 9.91253 457 105.214 312.862 515.661
1278 0 48.2786 12.3864 598 104.672 311.37 512.448
1279 0 50.1979 11.6738 586 103.932 309.35 513.217
1280 0 52.14 12.639 659 103.105 309.147 508.524
1281 0 52.2089 13.0438 681 102.715 308.028 505.524
1282 0 56.1983 14.2353 800 100.706 307.339 503.405
1283 0 57.1461 13.9292 796 102.524 307.472 506.585
1284 0 62.1008 14.4282 896 99.8784 306.72 503.237
1285 0 61.3215 14.5626 893 100.658 305.585 499.851
1286 0 64.1269 15.251 978 97.863 305.96 498.668
1287 0 66.1127 15.0047 992 99.2359 305.686 497.55
1288 0 68.1032 15.7555 1073 98.9646 307.796 494.428
1289 0 71.1847 14.638 1042 101.001 307.242 493.154
1290 0 73.0752 15.6825 1146 99.0401 309.424 491.222
1291 0 76.1982 15.4728 1179 99.9924 311.738 489.904
1292 0 78.2215 15.5839 1219 98.6472 313.911 488.412
1293 0 81.1472 15.5766 1264 98.7998 316.254 486.854
1294 0 83.2325 16.9045 1407 97.3497 317.561 484.713
1295 0 84.1287 19.0066 1599 74.4734 319.976 481.845
1296 1 45.1265 10.7032 483 102 322.952 505.048
1297 0 49.0568 11.8434 581 99.2547 323.914 504.544
1298 0 50.0533 10.9483 548 100.033 326.095 504.403
1299 0 51.0991 11.5462 590 96.883 326.62 501.442
1300 0 52.197 11.7823 615 97.8341 328.18 502.093
1301 0 55.0378 12.8457 707 96.1061 328.403 506.148
1302 0 62.1053 12.9941 807 95.5762 323.387 505.605
1303 0 64.1406 13.5795 871 95.4386 321.479 503.282
1304 0 66.3054 13.6188 903 95.3245 320.001 501.784
1305 0 69.1428 13.5372 936 94.7276 318.029 501.218
1306 0 73.342 14.0029 1027 93.1032 316.646 501.724
1307 0 75.1166 15.2962 1149 91.4691 315.229 498.546
1308 0 77.1974 12.8631 993 95.7039 313.465 497.545
1309 0 76.1536 13.1839 1004 97.8147 312.717 496.37
1310 0 81.097 13.0831 1061 97.8294 310.878 495.352
1311 0 84.1917 14.0631 1184 96.2804 309.433 492.763
1312 0 87.2131 13.7365 1198 97.6252 307.772 490.757
1313 1 51.0208 10.8387 553 96.3291 305.691 507.517
1314 0 53.1382 10.4633 556 97.3058 304.683 504.284
1315 0 54.2765 11.6809 634 98.0599 303.65 500.134
1316 0 56.0841 12.4099 696 96.3506 305.115 498.886
1317 0 60.046 13.09 786 93.9746 305.874 499.352
1318 0 61.0612 13.4291 820 92.3915 306.138 497.906
1319 0 64.1833 13.4303 862 91.9327 307.247 497.441
1320 0 66.0625 14.0473 928 91.1099 308.234 496.815
1321 0 67.2046 13.3027 894 93.7315 309.64 494.44
1322 0 69.1939 13.1514 910 94.3407 311.799 493.447
1323 0 72.0883 14.1632 1021 92.7982 314 495.404
1324 0 74.146 13.7432 1019 93.8685 317.58 495.4
1325 0 75.0713 12.668 951 96.2376 318.857 495.988
1326 0 80.1727 13.7204 1100 93.1755 321.354 495.062
1327 0 80.1505 13.9737 1120 95.442 322.157 492.841
1328 0 85.0931 14.0199 1193 95.4795 323.065 495.519
1329 1 44.1276 8.90599 393 97.2977 322.748 518.229
1330 0 48.1944 10.2294 493 96.8296 322.718 517.525
1331 0 47.2365 9.27248 438 102.249 321.281 517.546
1332 0 46.2324 10.7933 499 102.768 320.778 515.922
1333 0 51.2496 10.4001 533 102.75 318.33 517.947
1334 0 52.2835 11.5524 604 101.47 316.22 518.442
1335 0 56.1486 11.2737 633 102.275 315.995 517.419
1336 0 55.1117 12.3204 679 99.215 313.429 516.705
1337 0 59.0468 13.5655 801 99.5718 309.934 519.416
1338 0 61.1046 13.3214 814 100.246 308.486 516.973
1339 0 66.0836 14.5422 961 96.7773 306.787 516.599
1340 0 65.0549 13.1274 854 101.915 305.18 515.364
1341 0 68.1096 13.5076 920 101.941 304.035 514.082
1342 0 70.1577 13.94 978 103.005 301.984 510.79
1343 0 74.2323 14.9126 1107 100.795 301.193 510.508
1344 0 75.1402 14.3998 1082 102.373 299.82 510.446
1345 0 76.0967 13.1675 1002 106.854 299.224 507.929
1346 0 80.2966 14.0853 1131 105.167 299.063 503.756
1347 0 83.2791 14.6255 1218 105.167 298.409 503.285
1348 0 85.242 14.5937 1244 106.109 297.984 501.06
1349 0 88.2393 14.4947 1279 106.145 298.875 498.493
1350 0 89.1329 13.3621 1191 108.686 298.644 496.809
1351 0 93.1369 14.9457 1392 105.834 300.363 493.085
1352 1 51.2554 11.8817 609 104.943 302.969 515.785
1353 0 51.0841 11.8628 606 108.667 303.972 512.219
1354 0 54.0462 11.8787 642 107.283 304.883 511.612
1355 0 57.2637 12.7131 728 102.328 308.232 512.276
1356 0 61.2477 13.2903 814 97.0798 310.806 506.48
1357 0 64.0992 14.2904 916 94.786 315.65 510.163
1358 0 65.1873 14.512 946 95.3129 315.869 508.815
1359 0 65.1212 14.6957 957 96.3103 318.905 508.541
1360 0 68.2714 12.8165 875 100.274 319.727 506.769
1361 0 70.1016 13.4091 940 101.927 320.542 507.486
1362 0 73.086 14.5992 1067 98.3955 320.781 509.208
1363 0 78.143 15.6892 1226 97.801 321.755 506.652
1364 0 79.1633 14.8806 1178 100.365 320.366 506.66
1365 0 82.2302 13.8878 1142 103.141 318.441 506.399
1366 0 85.1551 13.9275 1186 103.291 317.734 506.793
1367 0 89.28 14.8073 1322 102.005 314.81 503.302
1368 1 45.0404 12.2557 552 106.431 313.538 526.312
1369 0 49.0424 11.174 548 108.429 310.631 525.617
1370 0 50.0799 12.2804 615 103.244 308.738 523.984
1371 0 53.0485 11.0654 587 105.048 308.31 523.818
1372 0 56.0476 13.3101 746 101.934 305.619 523.961
1373 0 55.0422 13.3716 736 101.723 304.357 518.26
1374 0 58.0621 12.5727 730 104.408 303.601 519.893
1375 0 59.1966 13.7339 813 106.551 300.716 517.458
1376 0 59.2488 13.6036 806 108.462 300.104 514.455
1377 0 60.2905 12.871 776 111.528 300.045 512.666
1378 0 64.2699 14.3302 921 107.522 299.38 508.088
1379 0 65.2675 15.0151 980 105.696 299.48 506.55
1380 0 68.2512 15.3697 1049 105.168 299.396 502.96
1381 0 72.2336 15.0484 1087 105.683 300.698 501.76
1382 0 72.2176 14.4978 1047 108.021 300.837 501.057
1383 0 77.1751 13.6832 1056 108.858 302.67 498.882
1384 0 79.1982 13.5736 1075 110.054 305.392 497.444
1385 0 83.2044 14.3863 1197 107.57 306.448 497.4
1386 1 45.0451 9.72358 438 112.123 307.893 516.263
1387 0 47.035 12.0123 565 108.458 310.788 515.464
1388 0 49.0353 10.4007 510 111.118 312.29 514.749
1389 0 51.0105 12.8601 656 106.64 314.206 513.72
1390 0 54.0291 12.2712 663 106.748 317.119 513.881
1391 0 56.1875 12.9922 730 103.918 321.41 510.999
1392 0 58.1832 13.2169 769 104.356 322.088 509.702
1393 0 59.2032 14.256 844 106.197 323.101 512.492
1394 0 61.1414 13.8531 847 107.106 323.192 512.347
1395 0 65.2771 13.6189 889 106.611 323.452 513.537
1396 0 70.1909 15.6146 1096 101.677 321.873 511.452
1397 0 71.1943 14.2427 1014 105.748 320.898 511.697
1398 0 75.2054 14.0149 1054 105.872 317.945 510.468
1399 0 75.2054 13.9751 1051 152.789 315.955 510.471
1400 0 81.1951 15.0255 1220 104.39 313.212 506.607
1401 0 84.1798 14.6472 1233 105.028 312.05 506.359
1402 1 42.1711 10.2203 431 108.429 310.357 528.204
1403 0 44.0886 11.5903 511 106.591 308.935 527.64
1404 0 48.0604 11.2775 542 106.463 306.808 526.149
1405 0 46.0506 11.9217 549 108.792 305.311 524.158
1406 0 49.1009 11.5273 566 109.041 303.392 523.691
1407 0 48.1129 10.995 529 111.433 303.352 521.873
1408 0 53.0895 12.9216 686 106.907 301.84 519.757
1409 0 54.0682 13.2425 716 104.704 301.563 516.215
1410 0 55.0682 14.4366 795 103.605 301.087 514.259
1411 0 57.0348 14.1668 808 105.429 300.957 515.834
1412 0 58.0525 14.5041 842 105.643 301.213 512.643
1413 0 64.1077 16.3007 1045 99.5971 302.851 510.628
1414 0 60.1051 12.9606 779 110.433 303.42 509.719
1415 0 67.0492 15.1829 1018 102.659 304.681 511.089
1416 0 69.1371 15.6935 1085 101.971 305.946 508.15
1417 0 71.0839 15.8826 1129 102.435 308.603 508.484
1418 0 73.1468 16.0636 1175 103.466 311.316 508.447
1419 0 76.0997 15.8345 1205 105.402 314.165 509.001
1420 0 78.1509 15.9307 1245 105.892 317.182 508.55
1421 0 81.0891 15.9454 1293 107.251 316.839 506.828
1422 0 84.1212 15.0022 1262 109.648 319.75 508.296
1423 0 88.1212 15.1269 1333 110.209 319.865 507.009
1424 0 91.3295 16.2927 1488 107.503 319.915 505.715
1425 1 48.1563 11.8987 573 113.979 320.211 528.815
1426 0 51.2833 13.4157 688 109.545 318.625 530.712
1427 0 52.1538 10.7566 561 115.127 318.319 531.533
1428 0 55.1589 11.9836 661 112.708 314.829 530.029
1429 0 58.0469 14.4194 837 106.487 315.272 529.312
1430 0 61.0245 14.4696 883 107.187 310.341 527.793
1431 0 63.1223 13.8303 873 110.25 309.149 525.821
1432 0 65.0655 14.447 940 110.632 307.636 524.069
1433 0 66.0415 15.142 1000 110.68 306.477 523.217
1434 0 68.0551 14.8262 1009 113.44 303.928 521.7
1435 0 72.2398 14.5211 1049 113.837 303.006 520.142
1436 0 75.1485 15.6357 1175 111.107 301.26 518.059
1437 0 76.0524 14.1481 1076 116.349 300.902 516.503
1438 0 76.13 14.2257 1083 117.706 299.271 513.492
1439 0 81.0739 15.455 1253 115.109 299.026 511.025
1440 1 43.0667 10.9133 470 120.068 298.07 530.034
1441 0 45.1186 11.6803 527 116.461 297.647 526.863
1442 0 47.2089 12.2646 579 117.705 298.549 522.933
1443 0 48.0379 12.1571 584 117.325 299.805 521.637
1444 0 48.0816 11.5637 556 119.687 299.899 520.583
1445 0 51.0967 13.0928 669 114.129 300.703 520.146
1446 0 54.0943 11.3875 616 117.664 303.596 517.403
1447 0 56.0268 12.9759 727 111.685 304.901 518.652
1448 0 55.0307 11.3936 627 115.707 307.077 517.539
1449 0 58.0544 11.4031 662 116.373 310.086 515.535
1450 0 62.042 13.8616 860 109.221 311.741 514.754
1451 0 64.0651 13.2209 847 111.011 313.953 511.909
1452 0 68.1023 13.5678 924 109.192 317.299 512.779
1453 0 70.046 14.0051 981 108.601 318.256 509.573
1454 0 74.1636 15.1422 1123 105.194 318.961 509.033
1455 0 75.0851 14.69 1103 108.215 320.17 509.669
1456 0 78.0571 14.5791 1138 109.199 321.264 508.95
1457 0 83.1546 14.7556 1227 107.306 319.504 507.744
1458 0 86.2679 15.1041 1303 105.895 318.786 506.49
1459 0 90.1365 15.4987 1397 103.952 317.023 504.293
1460 1 49.0288 11.1975 549 110.96 316.483 527.168
1461 0 52.0471 12.1621 633 111.537 313.972 526.196
1462 0 53.0363 12.3123 653 111.966 310.796 526.19
1463 0 55.02 11.9775 659 111.592 309.833 523.765
1464 0 57.0575 12.7415 727 112.325 307.208 521.53
1465 0 60.0485 14.5715 875 108.526 305.757 523.846
1466 0 61.0345 14.1395 863 111.837 304.199 520.514
1467 0 64.0583 14.0809 902 112.621 304.19 519.215
1468 0 65.0383 13.7611 895 115.261 303.489 516.35
1469 0 70.0375 14.735 1032 111.296 301.683 513.368
1470 0 71.054 14.6508 1041 113.532 301.127 512.28
1471 0 74.0382 14.9382 1106 113.505 301.756 510.628
1472 0 76.0347 14.2566 1084 115.694 300.879 508.553
1473 0 79.0753 14.4925 1146 115.421 300.631 505.97
1474 0 81.1274 14.2245 1154 116.678 301.444 503.232
1475 0 83.0604 14.9409 1241 114.809 302.69 502.383
1476 0 88.0836 14.7814 1302 115.039 302.803 498.398
1477 1 50.0705 10.8447 543 115.435 304.796 521.32
1478 0 48.0748 10.4213 501 117.583 306.551 520.503
1479 0 51.141 11.6736 597 115.744 308.739 518.874
1480 0 51.0535 11.2039 572 118.145 312.507 519.907
1481 0 53.0544 11.9312 633 115.406 315.515 518.464
1482 0 57.0411 13.2711 757 109.143 318.108 516.026
1483 0 58.0473 14.1264 820 109.534 319.541 518.241
1484 0 61.1048 13.8778 848 110.717 320.811 518.906
1485 0 63.1208 15.7476 994 106.214 321.195 519.619
1486 0 63.0615 14.2718 900 111.418 321.211 519.27
1487 0 67.1182 14.3031 960 109.579 320.741 521.838
1488 0 68.08 12.8085 872 113.096 318.08 522.226
1489 0 74.0489 14.5714 1079 107.261 316.153 521.933
1490 0 76.2236 15.4676 1179 106.729 315.566 521.412
1491 0 79.098 14.9182 1180 108.731 311.312 519.895
1492 0 82.127 15.0742 1238 108.506 310.12 518.01
1493 0 84.2007 13.9429 1174 113.241 308.309 517.21
1494 1 47.035 9.63112 453 118.993 305.433 536.426
1495 0 48.0115 10.5808 508 119.486 303.846 536.154
1496 0 51.0192 12.6619 646 113.646 301.206 534.435
1497 0 52.0273 12.3012 640 113.62 300.267 533.75
1498 0 53.2534 11.9429 636 115.288 296.583 527.313
1499 0 54.1868 12.8998 699 111.163 295.333 525.85
1500 0 56.2435 13.975 786 111.524 295.449 523.851
1501 0 57.1826 13.1509 752 113.346 295.093 525.265
1502 0 60.1188 14.4547 869 110.113 293.841 521.03
1503 0 62.1528 13.6277 847 111.248 294.305 518.504
1504 0 65.2098 15.6572 1021 106.62 295.385 516.092
1505 0 65.142 13.5397 882 111.94 296.607 514.722
1506 0 69.2222 14.6774 1016 108.478 296.354 514.3
1507 0 72.1793 14.6302 1056 108.532 298.84 511.703
1508 0 72.1711 15.1307 1092 107.892 300.122 510.253
1509 0 76.2012 14.6979 1120 108.39 301.012 509.612
1510 0 78.2748 15.2412 1193 106.35 303.533 506.646
1511 0 81.3872 13.9825 1138 109.125 305.997 504.609
1512 0 84.2886 14.4978 1222 107.678 309.324 503.77
1513 0 86.1115 15.3754 1324 106.755 311.745 504.836
1514 0 88.2205 17.6716 1559 82.592 311.378 503.548
1515 1 49.0484 10.9891 539 111.764 315.096 526.989
1516 0 50.0998 10.8583 544 111.522 316.347 525.399
1517 0 50.1622 12.4197 623 110.636 317.331 524.273
1518 0 52.2628 13.1068 685 105.425 318.286 522.721
1519 0 55.0189 14.1769 780 105.449 318.735 522.873
1520 0 55.0575 12.8774 709 109.908 317.148 523.968
1521 0 60.0517 13.8381 831 105.504 315.722 523.07
1522 0 62.0329 14.5407 902 102.977 314.408 522.075
1523 0 64.0263 13.1977 845 105.196 312.575 523.056
1524 0 67.0554 13.4068 899 104.662 309.442 521.087
1525 0 70.0564 14.0458 984 102.208 309.127 520.786
1526 0 73.08 14.8604 1086 98.5322 305.973 519.131
1527 0 73.036 14.2943 1044 101.485 305.657 514.337
1528 0 78.0369 14.0574 1097 100.624 303.192 516.819
1529 0 80.1004 13.7827 1104 101.832 301.434 511.74
1530 0 82.0646 13.8671 1138 101.501 299.993 512.054
1531 1 45.1136 10.8171 488 102.848 299.045 531.691
1532 0 45.0285 10.6821 481 104.445 298.22 527.769
1533 0 47.0571 11.4967 541 103.887 297.519 524.549
1534 0 48.0174 11.3084 543 103.586 297.295 524.424
1535 0 49.0891 11.8967 584 105.993 296.192 521.988
1536 0 50.0954 13.3545 669 105.401 297.599 519.692
1537 0 55.0598 13.8758 764 102.573 297.918 519.292
1538 0 56.0234 13.5658 760 102.404 298.449 516.026
1539 0 57.1899 15.4922 886 100.975 301.51 515.15
1540 0 57.1958 13.0954 749 107.339 305.155 515.68
1541 0 62.2193 14.3525 893 101.775 307.618 516.552
1542 0 62.2455 14.8926 927 102.819 310.955 516.397
1543 0 63.0864 14.9002 940 103.347 313.722 514.224
1544 0 68.2943 15.0671 1029 102.129 315.877 512.597
1545 0 71.2903 15.7104 1120 100.667 317.689 512.713
1546 0 72.1221 15.3212 1105 103.795 318.955 514.162
1547 0 75.168 15.645 1176 102.777 319.699 513.912
1548 0 79.3246 16.7035 1325 100.553 319.299 513.762
1549 0 81.234 15.5723 1265 105.266 318.811 514.047
1550 1 40.0782 13.324 534 108.502 316.614 535.225
1551 0 43.0522 13.774 593 109.7 315.464 534.302
1552 0 46.0305 14.9901 690 108.104 313.243 532.512
1553 0 47.2455 13.8849 656 112.22 310.139 532.274
1554 0 50.0695 15.5983 781 110.356 307.923 530.823
1555 0 51.0645 14.9223 762 112.818 305.831 529.816
1556 0 54.1572 16.4521 891 109.144 303.862 529.443
1557 0 56.0772 17.3867 975 107.734 303.681 527.346
1558 0 59.046 16.8851 997 108.04 301.27 526.961
1559 0 61.0592 17.5731 1073 108.222 300.575 524.721
1560 0 63.1795 18.123 1145 106.236 299.402 524.301
1561 0 67.0953 19.599 1315 103.471 297.536 520.706
1562 0 66.1344 16.3909 1084 114.323 296.808 518.394
1563 0 71.0774 16.4469 1169 114.021 296.341 518.077
1564 0 72.0614 17.5128 1262 113.263 296.808 515.415
1565 0 73.0825 16.8987 1235 117.514 297.312 511.985
1566 0 78.126 18.3806 1436 113.259 296.173 510.831
1567 0 80.1578 17.6652 1416 115.883 297.462 506.611
1568 0 83.0927 19.5685 1626 112.319 299.485 504.204
1569 0 86.1007 18.9081 1628 113.65 300.488 501.311
1570 0 87.099 16.5559 1442 118.951 300.39 501.631
1571 1 40.1532 16.6612 669 122.395 304.547 521.332
1572 0 43.303 17.851 773 115.943 306.135 521.489
1573 0 45.2256 16.9373 766 119.888 308.047 519.386
1574 0 45.0814 16.1042 726 123.525 310.642 519.014
1575 0 49.1318 18.7048 919 114.558 313.745 520.33
1576 0 52.1793 18.6281 972 114.474 315.776 516.202
1577 0 53.1261 17.0538 906 119.119 317.221 517.735
1578 0 56.3648 16.9432 955 118.953 317.559 519.156
1579 0 57.1013 17.4777 998 118.803 318.083 519
1580 0 59.0788 17.0958 1010 122.437 317.574 518.918
1581 0 63.2565 17.2947 1094 121.68 316.477 518.034
1582 0 65.1457 17.1922 1120 123.39 316.004 514.441
1583 0 68.2027 18.2251 1243 119.763 314.471 515.393
1584 0 72.4402 18.0425 1307 118.555 311.861 514.947
1585 0 72.1372 16.829 1214 124.527 310.203 512.785
1586 0 75.0947 18.1637 1364 120.184 307.048 512.24
1587 0 80.1158 18.6979 1498 118.387 305.006 510.593
1588 1 38.1927 12.3322 471 133.342 303.945 528.983
1589 0 43.1901 13.1743 569 128.218 303.42 528.253
1590 0 42.2605 13.6534 577 128.792 302.328 524.943
1591 0 44.3667 13.3659 593 125.963 301.629 524.226
1592 0 46.3355 15.6252 724 123.048 300.329 520.936
1593 0 47.4596 14.7494 700 121.784 300.481 521.533
1594 0 51.4122 16.3191 839 117.963 299.25 517.219
1595 0 52.2726 15.4383 807 121.344 298.721 513.772
1596 0 56.3035 15.2388 858 119.304 299.279 512.853
1597 0 58.3261 17.025 993 116.148 300.225 508.705
1598 0 60.1899 15.9163 958 118.093 301.284 509.857
1599 0 61.3996 15.7004 964 119.22 303.187 507.219
1600 0 64.367 16.204 1043 119.479 304.895 505.288
1601 0 66.3493 16.4433 1091 118.509 307.07 507.812
1602 0 67.3325 15.2378 1026 122.56 309.345 504.469
1603 0 69.3512 15.7748 1094 122.179 311.971 504.078
1604 0 72.4897 16.2644 1179 120.002 314.892 505.396
1605 0 75.2328 15.4986 1166 126.444 316.927 501.87
1606 0 78.2586 16.4838 1290 122.935 319.772 504.075
1607 0 81.4344 16.1725 1317 124.608 320.831 501.087
1608 0 85.3508 16.1217 1376 123.812 320.799 499.647
1609 0 89.3132 15.3057 1367 124.177 321.384 499.073
1610 0 94.2342 16.6712 1571 120.634 320.858 500.264
1611 1 47.4142 10.5454 500 125.78 320.11 522.13
1612 0 50.2562 10.0883 507 125.651 318.576 521.298
1613 0 54.3136 10.9549 595 120.284 315.866 523.881
1614 0 56.2895 11.8672 668 120.404 314.313 523.003
1615 0 57.2797 13.7221 786 116.561 312.609 521.453
1616 0 60.4771 12.7652 772 119.782 310.968 520.676
1617 0 62.2735 14.083 877 116.702 307.599 518.201
1618 0 66.2478 13.4344 890 117.211 304.972 514.96
1619 0 69.2576 15.0742 1044 112.899 303.755 513.77
1620 0 70.372 13.2723 934 117.808 302.065 510.444
1621 0 75.2823 14.0139 1055 116.103 301.358 509.032
1622 0 77.4557 14.4728 1121 114.808 300.049 507.854
1623 0 76.3703 14.1023 1077 119.359 299.45 503.724
1624 0 84.4254 14.4506 1220 115.91 299.155 503.207
1625 1 45.3875 7.84358 356 110.601 298.789 523.354
1626 0 47.4217 5.65142 268 112.914 297.821 523.407
1627 0 52.1977 9.71306 507 108.223 298.854 518.339
1628 0 54.2599 9.54665 518 108.732 299.494 517.276
1629 0 57.1599 11.5815 662 107.441 301.202 514.828
1630 0 59.0635 10.7342 634 109.369 302.631 512.585
1631 0 60.1133 11.6946 703 106.78 304.62 513.43
1632 0 63.0695 13.3028 839 105.489 306.28 512.368
1633 0 66.072 14.1058 932 104.088 309.299 509.33
1634 0 68.1723 12.6298 861 109.262 312.441 507.947
1635 0 70.2245 13.7132 963 107.454 314.862 507.198
1636 0 73.1905 11.9824 877 116.192 316.975 507.001
1637 0 75.2776 11.8362 891 115.78 317.817 506.99
1638 0 77.2774 11.3876 880 119.125 319.852 506
1639 0 81.3229 12.7024 1033 113.871 320.485 507.532
1640 0 83.2692 12.1894 1015 116.916 319.942 505.669
1641 1 44.0685 8.55487 377 109.621 319.477 528.093
1642 0 46.0844 9.48261 437 109.586 318.382 528.943
1643 0 48.056 9.21842 443 109.797 318.512 529.072
1644 0 49.0579 9.56013 469 102.844 315.145 526.949
1645 0 50.1106 10.0777 505 102.552 313.36 529.905
1646 0 52.05 9.77906 509 104.888 310.67 527.024
1647 0 53.2156 9.47091 504 104.984 309.012 530.984
1648 0 56.081 10.7701 604 105.166 306.49 523.851
1649 0 59.1407 11.1598 660 102.806 304.73 522.524
1650 1 47.1143 6.13402 289 109.443 303.785 531.734
1651 0 51.0803 8.53558 436 105.837 302.11 527.81
1652 0 54.0585 7.12192 385 107.083 300.106 526.94
1653 0 52.0377 7.85969 409 107.623 299.076 522.709
1654 0 53.0664 7.53773 400 107.935 297.588 522.798
1655 0 54.1316 7.37093 399 108.368 297.283 521.657
1656 1 23.0182 8.47154 195 107.985 295.333 530.58
1657 0 22.0096 6.99694 154 108.429 295.396 531.032
1658 0 21.0135 8.28038 174 103.914 295.517 529.885
1659 0 17.0051 5.9982 102 107.529 297.059 531.196
1660 0 23.0129 7.99552 184 110.848 298.663 525.582
1661 0 23.0066 7.34572 169 110.166 300.947 526.947
1662 0 27.0078 7.33122 198 110.101 303.096 523.793
1663 0 25.0161 6.23599 156 113.09 305.955 523.186
1664 1 50.0475 13.1875 660 98.4864 307.941 511.968
1665 0 50.1061 11.0765 555 104.732 310.811 513.757
1666 0 49.073 10.9836 539 104.631 313.605 515.278
1667 0 49.1811 9.82085 483 107.151 315.998 515.149
1668 0 48.2469 8.20778 396 112.275 318.338 518.29
1669 0 48.1192 7.71002 371 111.108 319.234 519.577
1670 0 49.0559 9.25475 454 108.863 320.139 518.76
1671 0 54.0805 8.61679 466 109.936 320.423 520.68
1672 0 57.1168 9.33175 533 108.52 319.598 519.833
1673 0 47.1115 9.67916 456 109.711 318.814 520.539
1674 0 49.1066 7.2088 354 112.808 317.282 524.825
1675 0 50.1095 6.82505 342 113.576 316.041 524.532
1676 0 53.0142 7.71491 409 109.543 314.005 527.222
1677 1 36.026 9.24331 333 105.916 312.27 533.682
1678 0 38.0969 10.0271 382 103.542 309.935 530.644
1679 0 41.0735 12.3924 509 96.503 307.912 532.857
1680 0 42.3552 11.8994 504 98.0873 303.774 525.814
1681 0 44.0846 12.476 550 104.336 305.438 529.562
1682 0 45.0549 11.3861 513 108.392 304.645 527.858
1683 0 45.0416 10.7234 483 111.224 302.743 526.491
1684 0 46.0222 11.9507 550 110.151 303.015 525.244
1685 0 49.1446 12.3106 605 109.364 301.823 524.005
1686 0 49.0725 12.6547 621 109.691 301.472 521.15
1687 0 51.1608 11.8059 604 110.836 300.765 520.664
1688 0 53.08 11.6051 616 113.138 301.497 517.429
1689 0 52.0498 11.2777 587 115.123 302.404 517.005
1690 0 51.1309 12.3995 634 113.325 303.375 514.938
1691 0 55.0716 13.1828 726 110.646 304.001 513.354
1692 0 56.0848 13.1052 735 111.769 306.399 513.755
1693 0 57.0346 12.2908 701 115.961 309.748 512.907
1694 0 60.0878 12.6149 758 115.941 312.372 508.831
1695 0 60.0878 12.5816 756 116.033 312.372 508.823
1696 0 60.1115 12.3604 743 118.977 315.455 509.258
1697 0 63.1186 14.5757 920 115.271 320.742 509.698
1698 0 64.1253 14.0662 902 116.057 320.721 509.812
1699 0 63.1507 13.9191 879 117.664 322.444 510.635
1700 1 34.1326 10.8108 369 118.604 323.919 526.55
1701 0 34.1465 9.07852 310 121.023 324.068 528.394
1702 0 35.184 10.1182 356 121.848 323.278 529.64
1703 0 34.1246 11.2236 383 120.196 322.363 530.676
1704 0 35.0175 11.3657 398 122.359 316.94 535.204
1705 0 33.0484 10.4997 347 124.369 315.602 535.098
1706 0 35.0229 10.3646 363 124.377 314.413 535.052
1707 0 37.0197 12.0477 446 117.46 310.695 536.641
1708 0 37.0122 12.8606 476 115.269 308.221 534.763
1709 0 37.0291 12.8548 476 116.223 306.466 532.884
1710 0 38.0598 11.2717 429 117.923 303.814 533.839
1711 0 38.0756 12.5277 477 114.61 302.457 534.101
1712 0 37.0565 12.5754 466 115.867 302.242 531.444
1713 0 37.056 13.1962 489 114.411 301.231 530.726
1714 0 37.0319 12.5297 464 114.985 299.948 529.366
1715 0 39.0547 13.5963 531 110.753 298.702 529.855
1716 0 38.1724 12.6531 483 114.408 299.828 530.344
1717 0 36.0662 11.8393 427 116.752 299.101 526.785
1718 0 36.2204 12.3135 446 115.087 298.852 525.256
1719 0 37.0362 12.0963 448 113.342 300.025 523.442
1720 0 37.0362 12.0963 448 113.342 300.025 523.442
