time division length width area intensity CMx CMy
0 0 49.1225 12.3569 607 111.549 130.626 511.234
1 0 51.0791 13.4106 685 109.537 132.53 512.32
2 0 53.2038 13.6832 728 110.508 132.558 512.758
3 0 54.1486 14.2386 771 108.275 133.074 510.838
4 0 55.1006 12.6496 697 112.91 133.581 512.819
5 0 59.1127 14.6669 867 106.181 133.46 512.949
6 0 59.1654 13.7242 812 107.985 132.445 514.607
7 0 61.1046 14.0906 861 108.002 131.537 514.912
8 0 61.1847 14.2029 869 108.09 130.074 513.028
9 0 64.1231 14.9868 961 106.452 128.644 513.659
10 0 64.1378 14.0011 898 109.71 127.467 514.095
11 0 68.0986 15.4922 1055 100.506 125.996 512.584
12 1 33.0579 10.285 340 108.85 125.2 531.353
13 0 32.0647 10.8842 349 111.817 122.269 532.536
14 0 36.0713 11.1723 403 109.03 121.256 530.913
15 0 33.0528 9.34867 309 115.01 117.828 533.786
16 0 37.0193 11.9667 443 110.749 115.298 532.736
17 0 37.0237 11.128 412 113.502 113.422 531.148
18 0 38.0524 13.2975 506 109.302 111.026 528.542
19 0 42.0547 11.5326 485 110.505 110.299 529.633
20 0 45.0266 13.1922 594 105.721 107.251 525.702
21 0 45.0072 14.3755 647 102.343 106.321 524.36
22 0 43.0642 12.1447 523 109.088 106.977 524.348
23 0 48.0381 13.406 644 102.981 107.567 520.601
24 0 48.0381 13.406 644 130.939 107.565 520.545
25 0 50.039 14.3488 718 100.631 109.823 518.765
26 0 50.0278 13.5925 680 103.379 111.797 518.584
27 0 54.06 15.7973 854 96.8349 113.464 518.756
28 0 54.0718 14.5917 789 101.986 115.087 516.324
29 0 55.1119 13.3909 738 103.743 117.82 516.226
30 0 57.0718 15.0863 861 98.9872 120.315 516.69
31 0 59.179 13.7211 812 101.892 122.289 515.232
32 0 61.0429 14.4325 881 100.393 124.104 517.171
33 0 64.0615 14.049 900 100.524 124.411 517.432
34 0 66.1068 13.8715 917 99.2934 125.763 519.497
35 0 68.1252 13.5339 922 101.272 125.658 520.047
36 0 72.2103 14.5686 1052 104.094 125.323 517.874
37 0 73.1739 14.1581 1036 106.102 124.936 516.98
38 0 75.1182 14.8167 1113 106.172 122.904 515.167
39 0 77.2911 14.6459 1132 105.725 120.193 514.539
40 0 81.1384 13.668 1109 109.702 119.338 515.573
41 1 43.0316 11.8982 512 110.293 118.717 536.096
42 0 42.0514 11.3433 477 112.979 115.727 533.738
43 0 45.0286 12.8585 579 107.718 113.893 535.534
44 0 47.0323 12.6296 594 109.63 111.842 533.867
45 0 47.0414 12.3296 580 110.959 110.191 533.041
46 0 50.1858 13.6692 686 105.222 109.106 534.322
47 0 53.1231 15.7747 838 102.825 106.87 531.743
48 0 52.1078 12.6277 658 112.157 104.742 530.404
49 0 56.1011 14.4204 809 107.445 103.284 528.404
50 0 59.0842 15.5202 917 104.272 101.661 527.673
51 0 60.1413 14.4992 872 107.872 100.867 523.561
52 0 64.0595 15.47 991 104.017 99.6428 523.332
53 0 66.0606 14.6381 967 105.859 98.7766 520.198
54 0 67.0772 14.6399 982 106.153 98.3055 517.085
55 0 70.0468 14.0049 981 105.703 98.6799 515.51
56 0 74.0628 14.3662 1064 104.175 98.9859 514.068
57 0 76.0634 14.9218 1135 102.323 100.08 510.648
58 0 78.0432 14.9661 1168 103.377 100.851 510.043
59 1 40.0702 12.9273 518 104.212 102.99 528.614
60 0 40.1086 11.1946 449 107.051 105.808 527.755
61 0 43.0874 11.7436 506 105.885 107.391 527.54
62 0 43.046 12.4983 538 104.671 110.595 527.753
63 0 47.0261 14.0986 663 101.566 112.876 527.54
64 0 47.0966 15.0754 710 99.2282 115.01 525.596
65 0 46.1001 13.5141 623 104.899 116.169 527.772
66 0 48.0259 13.7842 662 104.086 119.106 529.027
67 0 52.0792 15.0348 783 102.034 119.332 529.84
68 0 54.1128 15.5416 841 101.918 119.333 526.83
69 0 55.1321 13.9302 768 106.501 119.319 529.742
70 0 56.03 13.4392 753 109.559 118.282 529.502
71 0 59.0614 13.5283 799 111.175 117.005 529.063
72 0 60.1255 14.0373 844 109.806 115.242 529.463
73 0 63.0471 13.3234 840 113.004 113.324 528.039
74 0 65.1429 13.2324 862 112.77 111.206 528.653
75 0 71.1436 14.9276 1062 107.171 109.42 529.036
76 1 37.0141 10.8337 401 114.798 108.716 543.544
77 0 36.0822 10.4761 378 114.196 105.889 544.55
78 0 40.0106 11.347 454 112.916 103.656 542.007
79 0 40.045 10.1636 407 114.378 101.71 543.366
80 0 41.0506 12.3506 507 112.57 99.1617 539.953
81 0 44.057 13.5733 598 103.264 98.2157 540.363
82 0 45.2701 13.6072 616 101.144 98.0455 539.002
83 0 46.0689 13.9357 642 102.467 96.8489 536.972
84 0 47.0687 14.3407 675 101.277 94.9852 535.853
85 0 48.1373 14.3132 689 102.396 93.524 531.943
86 0 49.0564 13.1889 647 104.321 92.0046 532.782
87 0 52.1191 13.3732 697 104.217 93.023 531.626
88 0 52.0427 14.0462 731 104.933 93.1847 530.157
89 0 54.0676 14.1674 766 105.997 94.2846 526.538
90 0 56.1139 14.8448 833 103.891 93.8067 526.224
91 0 59.1313 13.9858 827 104.296 93.9964 525.908
92 0 58.0585 13.5208 785 108.377 96.8879 523.586
93 0 61.0359 12.7466 778 110.132 98.4293 523.882
94 0 65.1286 14.7861 963 106.814 100.595 522.621
95 0 66.0491 15.0343 993 107.524 102.95 520.7
96 0 69.185 13.659 945 111.498 105.184 519.436
97 0 71.2487 14.2599 1016 108.696 108.005 519.595
98 0 74.2846 14.3098 1063 108.482 110.496 520.124
99 1 40.0207 11.1442 446 113.383 112.904 537.02
100 0 43.0518 11.7533 506 111.694 113.381 538.126
101 0 44.1912 12.6722 560 108.336 114.33 539.975
102 0 44.0593 12.7555 562 109.212 114.552 539.834
103 0 46.0597 12.8963 594 109.524 114.512 540.599
104 0 48.0739 13.2712 638 109.296 112.882 539.466
105 0 49.0985 13.5238 664 106.307 111.554 540.224
106 0 48.0872 11.292 543 112.3 110.552 540.53
107 0 50.0379 13.4698 674 106.027 108.568 538.862
108 0 52.073 14.7677 769 104.144 106.533 538.217
109 0 54.0704 13.5564 733 108.15 104.578 540.03
110 0 56.1026 13.8675 778 106.347 103.055 536.373
111 0 56.2369 13.4076 754 108.825 100.492 536.359
112 0 58.1326 13.8304 804 108.517 100.001 535.26
113 0 59.1653 13.8088 817 110.543 97.7454 534.439
114 0 62.0815 13.7078 851 111.035 96.1046 533.337
115 0 64.0929 13.1684 844 112.661 95.3661 532.078
116 0 67.3442 14.6264 985 109.885 94.3878 529.659
117 0 68.258 13.6101 929 114.621 92.5145 529.266
118 0 70.2641 13.5347 951 117.039 91.1483 525.693
119 0 76.2674 13.7018 1045 106.814 88.777 525.202
120 1 39.0485 10.1412 396 110.116 89.7323 538.846
121 0 42.0372 11.2044 471 107.607 89.0021 536.862
122 0 43.0568 11.4732 494 106.735 88.751 536.2
123 0 43.1056 10.6019 457 109.335 89.4683 534.256
124 0 46.0868 11.5868 534 102.032 90.4569 529.773
125 0 48.087 13.1844 634 105.364 92.1388 529.678
126 0 52.3034 15.3718 804 63.1903 92.7251 531.127
127 0 50.0168 12.9756 649 104.378 95.1587 528.965
128 0 54.0765 14.0542 760 99.221 95.7118 527.849
129 0 54.0754 13.4812 729 101.919 100.674 530.006
130 0 56.1711 14.438 811 99.434 102.134 527.673
131 0 57.1194 13.9007 794 102.013 104.772 528.451
132 0 58.0954 12.9614 753 105.24 106.011 527.475
133 0 60.0377 13.2417 795 104.85 107.322 529.01
134 0 62.03 13.9126 863 104.516 108.037 529.251
135 0 65.0367 14.4995 943 103.34 108.735 529.609
136 0 67.1822 14.2746 959 104.022 110.203 531.032
137 0 70.0936 14.3522 1006 104.482 108.52 529.874
138 0 72.073 14.8877 1073 103.973 108.763 529.484
139 0 75.1468 15.0772 1133 103.664 107.373 529.624
140 0 77.1763 15.1083 1166 104.449 105.31 529.613
141 1 41.0698 13.0997 538 106.119 102.743 547.515
142 0 42.0717 12.3836 521 108.683 101.622 544.975
143 0 43.009 11.4395 492 112.669 99.6504 546.904
144 0 46.0392 12.6631 583 107.902 98.4888 544.676
145 0 46.0856 13.3447 615 104.748 96.9106 544.205
146 0 47.1043 13.7355 647 105.539 94.4266 543.359
147 0 47.0479 14.1133 664 103.899 94.0904 545.333
148 0 48.0595 13.4625 647 106.92 93.119 542.981
149 0 51.0932 14.6008 746 103.63 91.1139 540.677
150 0 53.0515 14.3257 760 104.457 89.8829 540.249
151 0 54.0579 13.9665 755 105.362 88.3815 538.106
152 0 57.0702 14.8063 845 103.129 88.155 535.341
153 0 58.118 13.9716 812 105.021 87.101 534.464
154 0 60.1464 14.5146 873 103.952 85.9943 531.589
155 0 63.0703 14.1905 895 104.132 86.3184 532.054
156 0 63.1165 13.5939 858 107.368 86.9417 527.467
157 0 65.0731 13.6616 889 107.647 87.6457 526.483
158 0 66.1454 12.9563 857 109.453 88.6639 526.648
159 0 69.0584 14.0461 970 107.114 88.9866 524.031
160 0 73.0553 15.2077 1111 103.847 90.7777 522.598
161 0 74.0429 13.5867 1006 108.376 93.4354 522.727
162 0 77.1341 13.6775 1055 107.565 95.8303 521.651
163 1 42.0377 10.3716 436 110.732 98.4702 538.186
164 0 43.0346 11.2003 482 108.367 100.386 540.23
165 0 44.0535 12.5529 553 106.984 102.322 539.083
166 0 46.1053 11.7774 543 108.672 103.86 539.031
167 0 47.2045 13.664 645 103.383 104.309 539.101
168 0 49.1199 13.579 667 103.714 105.427 540.062
169 0 50.0937 13.4947 676 103.944 106.269 540.536
170 0 51.0785 13.3128 680 105.56 105.979 540.687
171 0 53.1063 13.8213 734 104.297 106.048 540.312
172 0 54.1779 14.2124 770 103.364 105.151 539.468
173 0 55.0232 13.1217 722 106.079 104.083 538.017
174 0 56.0599 12.7364 714 107.931 101.986 537.552
175 0 60.0555 13.704 823 105.005 99.9356 536.553
176 0 61.0806 13.8997 849 104.515 98.2391 537.462
177 0 63.1356 14.0333 886 106.631 96.342 536.356
178 0 64.101 13.3383 855 108.878 95.2035 536.32
179 0 68.0544 14.4002 980 104.866 93.9388 534.888
180 0 70.05 15.2034 1065 105.581 91.5268 531.556
181 0 72.0563 14.7385 1062 107.909 89.1977 531.216
182 0 74.1061 14.4792 1073 109.943 89.0047 527.198
183 0 75.1442 13.8401 1040 112.888 87.4038 524.668
184 0 79.1474 15.9576 1263 107.553 86.9873 524.519
185 0 81.0955 13.5396 1098 111.867 86.0537 520.94
186 1 42.058 9.81977 413 114.293 85.5496 540.688
187 0 43.158 11.5622 499 113.246 84.6333 537.238
188 0 45.0934 11.8643 535 111.406 84.9178 536.522
189 0 48.107 12.5346 603 110.075 84.1343 535.121
190 0 47.083 11.5753 545 113.583 84.7248 532.393
191 0 48.1076 14.9041 717 107.87 85.7155 529.745
192 0 50.0871 13.9357 698 105.335 87.5659 530.713
193 0 53.0871 13.9205 739 102.913 89.7551 531.525
194 0 53.0822 13.319 707 104.549 91.7482 531.965
195 0 55.0651 13.82 761 103.953 93 528.373
196 0 57.0641 14.5976 833 101.221 96.88 531.477
197 0 57.0857 13.1907 753 106.975 99.4887 528.029
198 0 59.0888 14.2836 844 104.408 102.608 530.314
199 0 62.1264 14.7924 919 103.311 104.964 527.893
200 0 64.0573 13.5972 871 107.041 105.816 529.476
201 0 67.0989 14.039 942 103.821 106.567 528.088
202 0 69.1693 14.0959 975 103.828 109.699 527.257
203 0 72.0796 14.1094 1017 103.282 108.778 527.22
204 0 74.1263 13.9626 1035 104.065 107.921 526.397
205 0 78.1436 14.8317 1159 100.696 106.77 526.27
206 0 80.2271 14.9077 1196 101.118 106.295 523.965
207 1 42.2474 11.0539 467 98.6574 105.398 539.976
208 0 41.1329 10.1136 416 102.175 104.702 544.421
209 0 45.0352 10.081 454 103.363 100.965 545.366
210 0 46.1877 10.7388 496 101.762 100.143 546.087
211 0 48.171 13.0784 630 97.6524 98.3476 544.683
212 0 51.1395 12.1042 619 98.7399 95.8659 539.284
213 0 54.053 10.9522 592 99.0439 91.125 541.316
214 0 56.0905 12.462 699 97.475 89.3491 540.634
215 0 58.1494 11.866 690 98.3609 89.0101 539.409
216 0 60.1049 13.0272 783 97.2465 88.1443 536.169
217 0 63.1694 14.4215 911 94.2634 86.8277 533.493
218 0 64.3621 13.7037 882 96.5204 86.8753 532.459
219 0 65.1541 12.6316 823 99.5431 86.74 528.524
220 0 68.0954 12.8643 876 99.3699 86.4874 528.344
221 0 72.1348 14.5145 1047 96.9207 86.3047 525.458
222 0 75.1642 12.9583 974 101.906 87.1694 521.527
223 0 77.0882 14.438 1113 102.613 87.8356 519.507
224 0 79.3455 14.4684 1148 103.207 88.6977 519.179
225 1 42.1562 10.4374 440 105.075 90.95 534.691
226 0 43.3149 10.112 438 105.301 93.2785 536.443
227 0 44.2733 11.158 494 104.5 95.1498 534.63
228 0 44.3116 11.216 497 105.074 97.7022 534.398
229 0 47.2362 11.4954 543 103.654 100.206 535.641
230 0 48.2242 11.3014 545 105.804 101.494 535.811
231 0 51.0553 13.0447 666 104.989 103.758 536.042
232 0 52.0471 12.1044 630 104.77 105.468 535.865
233 0 52.0694 12.6178 657 105.183 105.665 536.332
234 0 56.0362 12.6347 708 103.174 106.298 537.205
235 0 56.1341 12.1851 684 103.92 106.031 539.754
236 0 57.06 12.2853 701 104.705 104.826 539.401
237 0 60.1615 13.7629 828 102.093 104.749 537.513
238 0 62.0955 13.4309 834 103.052 103.631 537.456
239 0 65.0856 12.0457 784 104.696 101.386 537.765
240 0 65.1673 11.8004 769 106.737 102.399 536.4
241 0 66.1628 12.6506 837 105.118 100.287 536.998
242 0 72.223 14.2614 1030 101.247 98.3272 536.654
243 0 72.1926 13.5471 978 104.196 96.5777 535.849
244 0 75.2289 14.0637 1058 103.031 95.5189 534.27
245 0 76.1411 12.2404 932 105.946 93.2951 532.196
246 0 79.186 14.447 1144 102.436 92.014 530.139
247 1 41.1046 9.51231 391 104.944 91.4194 551.003
248 0 45.0417 11.8779 535 102.841 88.7888 546.142
249 0 45.1631 9.83103 444 105.574 87.3739 546.617
250 0 46.2363 11.5494 534 105.519 86.1086 540.146
251 0 50.2836 12.2903 618 102.304 84.8042 541.801
252 0 51.1991 11.5236 590 102.724 85.4797 540.246
253 0 51.2467 11.4154 585 103.15 83.5026 535.858
254 0 53.0784 12.1895 647 107.974 84.8655 532.542
255 0 54.1223 13.6912 741 106.331 83.5601 529.175
256 0 57.1281 13.531 773 99.5071 85.163 530.496
257 0 60.2462 13.0631 787 98.5426 85.2427 530.357
258 0 61.1629 13.6194 833 99.455 87.3637 529.641
259 0 60.1316 12.4061 746 103.055 87.7761 526.37
260 0 64.2001 13.7539 883 99.7644 90.3726 525.189
261 0 64.15 13.2658 851 101.479 92.9471 523.949
262 0 67.3616 14.0584 947 99.4498 94.7793 522.926
263 0 68.1888 13.14 896 103.926 97.769 525.359
264 0 71.1761 14.4571 1029 100.898 99.6968 524.232
265 0 71.1913 14.0045 997 103.555 102.56 520.878
266 0 74.1951 13.7341 1019 103.994 104.454 521.849
267 0 75.2626 13.6588 1028 105.619 105.451 522.098
268 0 79.1651 14.4129 1141 105.752 105.707 522.043
269 0 83.14 14.3012 1189 106.288 105.756 522.228
270 1 43.1776 11.8348 511 107.841 107.763 543.759
271 0 47.1223 10.2924 485 107.911 107.243 544.482
272 0 47.1052 11.8883 560 107.33 104.539 542.205
273 0 48.1509 11.1317 536 108.354 104.916 543.392
274 0 49.2022 11.7678 579 107.271 101.634 544.86
275 0 50.4468 12.7857 645 108.144 101.019 538.651
276 0 53.1738 12.2805 653 107.652 99.0766 542.106
277 0 54.243 13.8267 750 103.959 96.992 540.224
278 0 55.1692 12.4707 688 107.074 95.8241 540.644
279 0 57.1693 12.909 738 106.274 95.0041 539.706
280 0 60.0733 13.3504 802 103.792 93.0873 540.471
281 0 61.1874 14.807 906 102.435 91.2539 536.405
282 0 63.1949 13.308 841 104.596 90.0654 535.029
283 0 65.166 14.3019 932 102.878 87.9249 531.798
284 0 68.1661 12.7923 872 106.05 86.1009 532.127
285 0 72.2042 13.4203 969 103.32 85.9319 528.5
286 0 72.3041 13.2634 959 105.864 85.1043 524.816
287 1 40.0205 10.2447 410 103.056 85.9268 543.173
288 0 43.1157 10.8313 467 105.338 85.9101 538.42
289 0 43.047 10.4537 450 106.82 85.7711 537.02
290 0 43.0539 10.9862 473 105.222 86.1987 536.972
291 0 42.0774 9.33992 393 111.031 87.6132 536.229
292 0 48.111 13.1779 634 99.9227 88.8612 535.8
293 0 49.0377 11.7868 578 104.728 89.981 532.469
294 0 50.0274 12.2533 613 105.269 88.6835 530.033
295 0 51.2001 13.6718 700 101.607 92.9657 532.43
296 0 50.1095 12.8519 644 102.047 96.222 530.967
297 0 52.059 12.7932 666 102.096 99.1411 531.533
298 0 56.039 13.8118 774 98.0271 101.424 532.115
299 0 56.06 13.4677 755 100.148 105.074 530.996
300 0 59.093 15.1625 896 95.7924 106.259 533.612
301 0 58.0347 13.6298 791 101.948 106.802 532.684
302 0 62.1047 12.6561 786 102.253 108.164 534.126
303 0 63.142 14.2377 899 98.4694 108.409 533.686
304 0 62.149 12.0517 749 105.294 107.003 534.186
305 0 69.0904 13.3014 919 100.677 106.552 533.482
306 0 69.0763 13.1449 908 102.961 105.194 531.901
307 0 73.073 14.3829 1051 94.2217 103.919 531.944
308 0 73.0784 13.7797 1007 102.146 101.953 528.888
309 0 77.0836 14.5686 1123 98.8175 99.886 530.081
310 0 80.1211 13.879 1112 100.608 96.8732 530.787
311 1 43.0983 11.6014 500 102.312 96.784 546.676
312 0 44.0353 11.4681 505 103.786 95.4812 545.285
313 0 47.0191 11.2082 527 103.565 93.8084 545.953
314 0 48.0828 11.8753 571 103.504 90.31 545.466
315 0 50.0609 12.5847 630 102.967 90.0095 542.5
316 0 49.0238 11.3414 556 103.426 87.5953 540.491
317 0 52.0362 13.8365 720 96.7028 87.2472 538.833
318 0 54.0547 13.6713 739 96.2706 84.6468 536.723
319 0 53.0378 11.7463 623 102.737 84.7753 536.934
320 0 56.07 13.5367 759 99.7352 84.9038 532.813
321 0 58.1172 13.0426 758 101.799 84.4815 531.542
322 0 62.101 14.5891 906 97.628 84.5916 528.321
323 0 64.1016 12.7298 816 101.814 84.8566 526.362
324 0 65.2138 13.0647 852 101.809 85.7758 524.036
325 0 67.1033 12.9055 866 102.387 86.8014 522.054
326 0 71.091 15.2059 1081 97.4172 87.703 521.302
327 0 72.1736 13.9386 1006 101.879 90.2952 518.784
328 1 38.0253 10.756 409 102.756 93.4425 537.665
329 0 38.0259 9.51984 362 106.644 96.1575 537.61
330 0 41.0318 11.747 482 103.384 98.4606 535.739
331 0 42.1114 12.1582 512 102.824 100.932 534.922
332 0 43.042 12.7085 547 98.3346 102.644 538.272
333 0 44.0655 13.6388 601 96.8386 101.181 536.829
334 0 45.1359 14.7776 667 93.5232 105.637 541.522
335 0 47.1186 13.1795 621 98.4606 105.525 538.908
336 0 47.3603 12.6266 598 100.916 107.538 538.1
337 0 49.2839 13.7367 677 98.8168 106.956 539.405
338 0 49.2839 13.6961 675 141.384 105.979 539.404
339 0 52.1484 14.9957 782 96.4207 105.169 539.729
340 0 53.1317 13.8147 734 99.5749 103.572 539.962
341 0 54.1498 13.4626 729 100.798 102.198 539.859
342 0 55.1573 13.3799 738 101.098 101.06 541.415
343 0 57.1891 12.3625 707 103.816 99.4993 539.477
344 0 60.245 13.6941 825 99.8109 96.7721 538.567
345 0 63.1818 13.3741 845 99.1515 94.7006 538.453
346 0 65.1066 13.7774 897 97.6165 94.8227 538.047
347 0 65.0995 13.1491 856 100.842 93.111 533.175
348 0 67.2255 14.0125 942 99.5594 91.4713 533.9
349 0 69.115 13.4992 933 100.564 89.8875 534.059
350 0 70.1832 12.6384 887 103.559 88.336 530.599
351 0 73.1878 13.7455 1006 102.474 86.7863 526.544
352 1 39.0508 10.0382 392 106.559 86.6964 541.855
353 0 40.075 11.229 450 104.056 85.4822 541.316
354 0 40.029 11.2169 449 104.71 85.2428 539.216
355 0 44.0446 11.8516 522 100.446 85.546 538.904
356 0 44.0467 11.397 502 103.197 84.9821 536.803
357 0 45.0605 12.2724 553 97.0181 85.0036 534.812
358 0 44.0465 11.5333 508 100.317 86.3878 534.679
359 0 47.0409 12.3722 582 97.5378 87.0773 534.696
360 0 48.0848 12.3532 594 96.899 88.7424 532.081
361 0 50.0591 13.3043 666 94.9264 90.8258 531.731
362 0 51.1514 12.6878 649 96.4376 93.3267 528.983
363 0 52.0977 12.1502 633 95.951 95.9747 529.33
364 0 55.0778 13.3992 738 92.2317 99.0366 530.644
365 0 57.1363 12.829 733 92.382 101.452 529.495
366 0 58.1443 12.5206 728 93.2088 103.604 529.076
367 0 59.1194 12.7708 755 92.3417 105.155 530.26
368 0 61.1789 13.7956 844 90.5853 106.172 531.333
369 0 64.0644 12.5343 803 92.2167 106.95 530.39
370 0 65.0821 12.2153 795 93.7283 106.923 531.12
371 0 66.125 11.7807 779 95.2811 107.166 531.253
372 0 69.0846 11.2037 774 96.5904 105.231 532.695
373 0 72.1377 12.5039 902 94.5721 103.739 530.132
374 1 38.0274 10.8606 413 96.5593 102.596 546.968
375 0 40.027 11.1675 447 94.7875 101.546 548.025
376 0 41.0382 8.4799 348 100.043 98.1006 549.276
377 0 41.073 8.91097 366 126.008 95.0765 549.76
378 0 44.0333 11.5594 509 95.5265 93.0452 547.91
379 0 45.0557 12.8286 578 94.8356 91.4879 548.08
380 0 47.1636 13.0397 615 94.4829 91.052 545.468
381 0 48.0815 12.1044 582 96.2955 91.2835 542.418
382 0 49.0628 13.4521 660 95.3364 90.2606 539.803
383 0 51.1239 11.7558 601 97.8602 87.9118 542.05
384 0 50.0593 12.9247 647 95.0247 85.374 542.947
385 0 52.0967 12.4 646 95.8065 84.0573 539.649
386 0 55.1405 12.3865 683 95.7716 82.9253 538.814
387 0 56.0806 12.8208 719 95.9722 82.2392 536.592
388 0 55.1563 11.9841 661 99.3601 81.053 532.287
389 0 58.0922 12.8244 745 96.3396 80.9785 531.859
390 0 60.1287 12.6894 763 97.4771 81.5478 530.042
391 0 62.254 11.951 744 98.7621 81.6062 529.81
392 0 65.4502 12.605 825 99.217 83.1842 525.202
393 0 67.2194 14.8915 1001 96.1848 84.964 524.177
394 0 69.2631 13.1383 910 99.9681 85.8912 524.363
395 0 69.2811 13.9143 964 100.794 88.8029 522.36
396 0 73.4263 14.3545 1054 99.9953 91.4962 522.025
397 0 79.5375 14.4963 1153 99.752 94.974 519.58
398 0 79.5492 14.0039 1114 102.913 96.8429 516.434
399 0 84.5327 15.0593 1273 100.734 100.127 516.976
400 0 86.5015 16.1616 1398 98.2647 103.56 518.121
401 0 88.5975 14.3571 1272 102.67 104.612 515.259
402 0 94.5494 15.6638 1481 99.6408 105.744 517.321
403 1 51.4891 13.4786 694 104.986 105.95 537.193
404 0 52.0604 12.8697 670 100.522 105.1 533.693
405 0 52.2411 11.5618 604 101.917 103.099 535.455
406 0 56.212 12.0437 677 100.015 102.674 537.307
407 0 59.1982 13.2943 787 96.9759 101.142 536.455
408 0 59.1322 13.4952 798 98.7218 99.8571 535.574
409 0 60.1261 12.191 733 100.491 97.2688 537.049
410 0 63.1596 12.3497 780 99.7949 95.1436 535.288
411 0 65.1338 13.3571 870 99.7402 93.1322 535.093
412 0 66.0982 13.374 884 100.552 91.7048 532.171
413 0 69.082 14.4611 999 105.486 90.1942 536.102
414 0 69.082 14.4176 996 162.466 89.1978 535.965
415 0 74.0569 14.6374 1084 103.967 87.8035 532.925
416 0 74.0444 13.6134 1008 106.496 86.4772 534.43
417 0 80.1255 12.5553 1006 107.478 85.0855 530.661
418 0 80.1156 13.7676 1103 106.743 84.3119 526.461
419 1 41.0069 9.87638 405 108.541 83.0642 543.104
420 0 44.0273 9.88024 435 107.395 81.7816 543.559
421 0 46.0679 10.8318 499 106.066 82.2365 541.373
422 0 44.0134 11.292 497 108.125 80.6881 539.692
423 0 47.0695 12.046 567 105.869 82.6384 540.956
424 0 48.0511 11.134 535 102.721 82.1271 533.213
425 0 47.0425 11.2664 530 108.294 85.2264 535.149
426 0 51.1072 12.8945 659 106.015 84.5918 531.58
427 0 53.099 14.5765 774 102.652 86.5388 529.882
428 0 53.099 14.6142 776 153.545 88.5168 529.902
429 0 56.1602 15.7585 885 101.749 92.1006 529.924
430 0 58.0318 15.1469 879 103.262 93.8055 530.003
431 0 60.1684 14.9913 902 104.701 96.2106 529.997
432 0 63.0942 15.4055 972 103.613 99.644 528.453
433 0 63.0661 14.8892 939 106.215 102.281 527.772
434 0 65.0781 15.6888 1021 104.709 103.537 528.702
435 0 67.0802 14.2218 954 108.204 104.622 528.281
436 0 73.0685 15.8344 1157 103.763 105.738 530.897
437 0 75.0978 14.9538 1123 106.319 105.186 528.206
438 0 76.0565 15.3044 1164 106.956 105.101 528.503
439 0 79.1624 15.7777 1249 106.21 105.404 528.911
440 0 80.0757 14.3115 1146 110.42 103.853 528.714
441 0 82.1743 14.165 1164 112.356 102.15 526.176
442 0 89.1895 15.4502 1378 107.7 99.7315 525.335
443 1 44.0384 10.4454 460 117.567 98.6826 546.683
444 0 49.0606 12.4744 612 113.507 96.518 545.538
445 0 51.0988 10.8809 556 116.522 95.2662 545.698
446 0 52.0402 13.3358 694 113.032 92.536 544.648
447 0 52.0968 12.0545 628 116.71 90.2054 543.377
448 0 53.0817 13.8278 734 116.237 88.8147 540.429
449 0 58.1213 14.1944 825 113.427 87.4036 539.722
450 0 58.0749 13.3621 776 115.265 86.3247 535.76
451 0 60.067 14.5005 871 111.751 85.4811 535.507
452 0 63.1393 14.4284 911 110.943 84.6904 533.304
453 0 64.1552 15.0884 968 111.705 83.6426 530.78
454 0 66.0672 14.7123 972 111.121 82.7274 529.414
455 0 70.0609 14.987 1050 110.234 82.3305 527.854
456 0 71.0971 15.2468 1084 109.282 81.9299 523.267
457 0 74.0358 14.8442 1099 110.435 81.8044 521.788
458 0 77.0972 14.5401 1121 110.963 83.1133 519.881
459 0 80.2657 13.4553 1080 112.863 83.4796 517.506
460 0 84.173 14.6365 1232 110.166 85.2719 513.147
461 0 84.173 14.7316 1240 150.7 87.2637 513.08
462 1 47.0786 12.0224 566 112.049 89.0353 532.32
463 0 46.0412 11.7069 539 113.518 92.1391 534.738
464 0 50.0652 11.2853 565 114.308 95.7664 534.89
465 0 51.0237 12.7392 650 111.772 98.4492 531.197
466 0 52.1454 12.5994 657 110.154 101.419 534.225
467 0 55.137 14.2191 784 102.506 104.381 531.497
468 0 59.2237 14.2173 842 100.919 106.671 535.228
469 0 57.1398 12.4957 714 107.381 107.462 533.706
470 0 59.147 13.4242 794 104.432 108.176 532.304
471 0 63.2046 13.9547 882 102.579 107.844 533.263
472 0 67.195 14.3761 966 100.328 106.998 532.84
473 0 68.2481 14.0663 960 102.081 105.716 532.005
474 0 72.215 14.7338 1064 99.6212 104.453 531.598
475 0 76.2015 14.7372 1123 98.7346 102.021 529.13
476 0 76.2336 13.7603 1049 101.98 101.051 531.531
477 1 39.0931 10.8203 423 102.014 99.6123 549.723
478 0 40.0685 10.5819 424 100.781 96.658 552.142
479 0 43.0245 9.92458 427 102.204 94.1897 552.262
480 0 44.1577 11.2098 495 98.5758 93.9212 547.438
481 0 45.0409 11.4563 516 99.7519 91.1124 547.855
482 0 47.0515 12.5394 590 98.4932 89.2644 548.175
483 0 47.0587 12.6438 595 98.0874 84.9076 544.509
484 0 51.0841 14.0748 719 96.1029 83.8428 541.73
485 0 51.0695 12.7669 652 106.147 84.1886 542.612
486 0 52.0983 13.2826 692 104.379 83.5723 542.649
487 0 54.0185 13.2177 714 103.703 81.8669 539.539
488 0 54.0161 13.6811 739 103.399 81.9269 536.26
489 0 55.0567 13.1682 725 105.359 81.4841 534.788
490 0 57.0769 14.3666 820 102.254 80.9256 532.378
491 0 58.0406 13.6284 791 103.643 81.1922 532.501
492 0 60.0384 13.5413 813 104.781 81.7761 529.802
493 0 61.1915 13.6294 834 104.95 82.9904 528.433
494 0 64.0891 14.6359 938 104.35 85.726 525.824
495 0 65.021 13.6725 889 107.319 86.6502 527.198
496 0 68.0522 13.6219 927 107.699 90.1338 526.129
497 0 72.1121 16.3218 1177 100.529 92.9635 526.678
498 0 73.0342 14.2399 1040 106.377 95.7962 527.33
499 0 74.0914 15.0625 1116 105.569 98.6532 527.012
500 0 76.3816 15.8808 1213 105.402 102.439 525.101
501 0 79.2295 14.6915 1164 108.459 103.333 526.687
502 0 81.2807 16.1662 1314 105.257 105.184 528.833
503 0 85.4176 14.8447 1268 108.768 105.913 527.277
504 1 46.208 11.9676 553 113.642 105.655 546.136
505 0 44.2073 11.6044 513 112.113 106.115 547.164
506 0 47.1791 11.5517 545 113.563 104.191 546.862
507 0 49.2115 11.0543 544 113.368 102.789 548.331
508 0 51.1837 12.5431 642 112.491 101.156 546.358
509 0 52.0928 13.092 682 110.644 100.264 545.462
510 0 55.036 14.3906 792 104.117 98.1604 544.092
511 0 55.1398 13.0396 719 112.267 97.4506 544.695
512 0 57.0203 13.2584 756 110.673 94.91 544.69
513 0 60.044 14.4894 870 106.814 91.7563 542.556
514 0 61.0476 13.6123 831 108.853 91.1119 538.629
515 0 63.0718 14.3804 907 107.579 89.4057 540.484
516 0 64.0959 13.6046 872 109.702 88.1514 539.812
517 0 67.0511 14.571 977 107.917 87.3245 538.354
518 0 68.0908 13.4379 915 110.149 85.2557 535.79
519 0 69.0915 14.242 984 109.957 83.997 533
520 0 71.1006 12.8831 916 112.371 83.4105 532.479
521 0 73.2286 13.9153 1019 111.812 83.739 531.052
522 0 75.0731 15.5182 1165 108.681 81.9837 522.799
523 0 80.0802 14.91 1194 108.838 82.2278 524.652
524 0 82.3487 15.7744 1299 107.467 82.3087 519.758
525 0 83.0906 14.5865 1212 111.336 83.1535 519.908
526 1 41.1287 12.3029 506 112.156 84.2846 541.85
527 0 43.0449 10.1754 438 114.128 85.984 541.194
528 0 45.0889 12.2203 551 112.875 87.7822 538.483
529 0 45.0206 11.4614 516 113.143 89.3798 538.903
530 0 47.1825 12.0808 570 113.686 92.3421 536.212
531 0 49.1384 12.9023 634 103.632 94.5836 537.058
532 0 51.1181 13.2047 675 106.031 98.9007 538.282
533 0 53.2162 14.8263 789 101.635 100.982 538.188
534 0 57.0598 16.176 923 99.623 102.626 539.016
535 0 57.1246 15.615 892 101.499 103.705 536.012
536 0 59.1732 15.1589 897 75.6466 104.342 540.378
537 0 60.1378 15.215 915 102.754 105.328 537.251
538 0 64.1452 15.6988 1007 101.433 105.075 536.69
539 0 67.1893 16.5651 1113 99.8401 103.548 537.827
540 0 69.1956 14.4373 999 105.644 101.652 538.553
541 0 73.1727 16.3859 1199 100.966 101.203 536.69
542 0 72.1354 14.958 1079 106.596 99.0306 536.26
543 0 77.1938 15.8951 1227 104.43 96.6667 534.812
544 0 78.1511 15.4572 1208 106.985 95.9743 533.341
545 0 81.2448 15.4718 1257 107.398 93.576 531.79
546 0 86.1434 14.5919 1257 108.511 92.1074 532.836
547 0 87.1897 15.6785 1367 107.129 90.959 529.773
548 1 45.2041 11.3043 511 115.824 88.8591 548.198
549 0 47.2411 12.5526 593 112.926 87.0843 548.214
550 0 48.0774 12.5423 603 113.466 85.7114 545.388
551 0 50.1669 12.5581 630 113.921 83.5111 543.268
552 0 52.1754 12.8221 669 112.933 84.0419 542.619
553 0 56.1113 15.5762 874 104.883 82.976 540.003
554 0 53.121 13.761 731 111.929 81.9877 537.287
555 0 55.0752 13.3817 737 104.87 82.3853 536.235
556 0 58.1375 15.0677 876 100.912 81.6495 532.349
557 0 58.116 13.5935 790 102.933 82.324 532.272
558 0 63.0709 15.0307 948 97.5411 82.4304 530.726
559 0 64.0893 14.0897 903 100.667 83.5592 528.395
560 0 66.1797 13.3122 881 101.928 84.4211 525.916
561 0 69.1354 14.6235 1011 99.6429 86.7369 524.425
562 0 71.1172 13.3582 950 101.102 88.5842 521.298
563 1 35.0632 12.6343 443 99.377 91.9661 540.28
564 0 37.0665 12.2752 455 98.5978 95.3692 541.268
565 0 36.0391 10.0169 361 103.452 97.2493 542.169
566 0 39.0462 10.9358 427 101.061 100.852 540.475
567 0 40.0617 11.4573 459 95.7647 103.525 538.619
568 0 42.0661 12.9796 546 97.3956 103.896 544.227
569 0 44.0781 13.8845 612 95.1095 106.373 541.469
570 0 45.0551 12.629 569 97.4833 106.26 544.264
571 0 47.0236 12.4406 585 97.6444 106.403 544.162
572 0 49.1296 13.21 649 95.4468 106.541 543.219
573 0 50.1991 13.3668 671 95.5574 104.528 544.577
574 0 52.1188 15.2344 794 91.699 103.006 543.479
575 0 53.0192 16.3148 865 89.8543 100.946 544.632
576 0 54.0624 14.3168 774 95.6279 99.7855 546.41
577 0 57.1206 12.9375 739 97.8877 97.1394 539.307
578 0 59.1018 13.8744 820 95.372 95.5524 544.333
579 0 59.1933 13.3968 793 96.652 94.3354 542.956
580 0 64.1398 14.2501 914 94.6258 92.1291 539.942
581 0 66.0867 14.4658 956 94.3441 90.6642 539.255
582 0 68.1422 14.7779 1007 94.6792 89.3674 537.975
583 0 71.1506 15.0104 1068 93.7022 87.6957 534.523
584 0 72.3106 15.2122 1100 93.7855 87.0364 531.885
585 1 37.0249 9.56113 354 102.424 87.9209 550.316
586 0 39.04 10.2971 402 101.047 87.107 549.478
587 0 36.0313 11.1292 401 103.738 85.4015 548.337
588 0 40.0587 10.7342 430 103.519 85.1535 545.979
589 0 41.0306 13.2584 544 101.259 84.9007 544.693
590 0 42.0202 14.2551 599 98.3656 84.4825 542.294
591 0 45.0684 13.1356 592 96.4662 84.2686 541.304
592 0 46.1194 13.7469 634 97.612 82.3375 537.368
593 0 46.054 12.6156 581 102.869 83.3907 538.244
594 0 48.0246 14.326 688 99.4317 84.5407 536.5
595 0 49.0424 13.5801 666 100.155 86.5931 536.829
596 0 50.032 13.2715 664 102.922 87.9578 534.515
597 0 54.1801 13.8796 752 99.2633 90.8537 536.149
598 0 54.0378 13.8051 746 102.012 93.8472 534.879
599 0 58.0843 13.9969 813 97.8782 96.5154 536.945
600 0 59.0373 13.3306 787 100.418 98.9428 534.881
601 0 59.0725 13.0348 770 101.639 102.055 537.365
602 0 63.0593 14.0186 884 100.46 102.949 534.742
603 0 66.0918 14.8127 979 94.9632 104.236 532.303
604 0 68.0894 13.7907 939 97.5186 104.763 533.797
605 0 71.0879 13.0965 931 99.1557 105.749 535.866
606 0 75.2516 14.4316 1086 96.6372 104.558 534.5
607 0 77.1796 14.2654 1101 99.4305 102.175 531.64
608 1 41.1816 11.8742 489 105.802 101.372 552.215
609 0 42.1689 13.7542 580 102.769 99.7759 550.793
610 0 43.1888 13.5452 585 107.362 97.7675 548.405
611 0 46.3505 15.7711 731 105.458 95.7305 550.729
612 0 45.1353 15.6197 705 102.309 93.2227 551.119
613 0 48.1071 14.1559 681 104.571 91.5301 549.709
614 0 49.1434 15.2818 751 103.583 90.0453 549.35
615 0 52.245 15.9058 831 102.231 89.8869 550.993
616 0 51.1254 14.8458 759 107.134 87.4269 545.813
617 0 54.0682 15.9428 862 104.586 86.5777 543.933
618 0 56.1394 15.319 860 106.72 85.3977 541.054
619 0 58.2609 14.847 865 109.449 84.6185 539.008
620 0 60.2975 16.2527 980 105.066 84.3031 536.1
621 0 62.0893 16.734 1039 106.147 83.0828 533.579
622 0 62.2438 15.7124 978 109.714 83.0061 530.611
623 0 65.1756 16.3558 1066 107.122 83.4372 529.984
624 0 67.168 16.2726 1093 107.911 82.6377 527.845
625 0 71.6049 18.2809 1309 102.44 82.9771 525.827
626 0 71.5044 15.3977 1101 112.082 84.0718 526.76
627 1 35.2385 14.2458 502 118.386 84.4861 538.968
628 0 37.1565 13.5912 505 120.4 86.5861 538.943
629 0 38.1007 14.5404 554 117.635 89.1697 536.754
630 0 40.1172 15.1307 607 116.703 91.3377 536.124
631 0 41.1163 15.2251 626 115.681 94.6837 536.219
632 0 40.1604 14.3425 576 120.885 96.8819 538.79
633 0 44.2934 16.8648 747 111.855 101.149 538.637
634 0 45.1607 15.9209 719 114.408 103.586 539.93
635 0 47.1462 16.1413 761 114.682 104.763 540.628
636 0 49.2427 16.7334 824 112.167 105.989 540.01
637 0 51.2974 17.0964 877 111.101 106.735 539.465
638 0 53.2507 17.0326 907 111.314 106.213 538.55
639 0 53.3685 17.2386 920 111.803 105.364 540.268
640 0 55.324 16.1413 893 114.554 104.674 540.318
641 0 59.2785 17.2069 1020 110.743 103.541 540.557
642 0 62.2 18.8103 1170 105.803 102.791 540.663
643 0 64.2676 17.8006 1144 109.736 100.946 536.27
644 0 67.3871 17.3475 1169 110.597 97.6416 537.99
645 0 69.2655 16.0686 1113 114.608 96.3908 536.436
646 0 70.1434 17.0793 1198 113.048 93.929 538.093
647 0 75.3212 16.7682 1263 112.262 93.4228 539.239
648 0 74.4378 17.4105 1296 112.377 92.1829 534.188
649 0 78.4691 16.4651 1292 114.372 89.9373 534.379
650 0 80.4611 16.5422 1331 115.461 87.6792 530.736
651 0 83.2776 17.3756 1447 113.71 87.152 526.975
652 0 85.4282 17.3128 1479 115.644 85.0825 525.456
653 0 88.5301 16.3673 1449 119.426 84.334 523.049
654 1 41.1668 12.3158 507 132.294 84.4753 543.876
655 0 43.1533 12.6526 546 129.949 84.2143 542.088
656 0 43.1533 12.7221 549 184.348 86.2605 542.129
657 0 46.1535 14.3434 662 128.903 83.5423 537.85
658 0 48.2404 14.6143 705 127.062 83.5475 536.194
659 0 51.1395 15.9172 814 123.924 84.2654 533.892
660 0 53.5254 16.0671 860 124.659 84.9663 531.756
661 0 55.2822 16.4791 911 124.179 85.7728 530.699
662 0 55.2822 16.4972 912 161.416 85.807 530.708
663 0 61.4454 17.1209 1052 121.414 90.7795 530.564
664 0 64.3801 17.1015 1101 121.835 92.6094 529.299
665 0 64.4414 17.4112 1122 123.443 96.4234 525.135
666 0 66.345 17.3939 1154 124.961 98.5251 528.755
667 0 70.3015 17.112 1203 125.93 100.788 525.781
668 0 73.4337 16.9541 1245 125.89 103.074 526.837
669 0 75.3076 17.4219 1312 126.599 104.719 523.492
670 0 80.2162 17.2783 1386 125.997 105.198 524.472
671 0 80.2758 16.3437 1312 129.989 105.396 526.644
672 0 84.297 16.9164 1426 127.91 105.121 525.071
673 0 89.3348 17.7199 1583 125.616 104.325 522.714
674 0 91.264 17.422 1590 126.426 103.214 520.954
675 0 97.2821 18.2253 1773 124.222 101.307 520.795
676 0 100.373 17.1561 1722 126.75 99.6417 519.348
677 0 105.325 18.0964 1906 122.09 98.341 520.586
678 0 106.219 16.8426 1789 126.445 95.4701 516.357
679 1 59.2526 12.4045 735 131.414 94.1905 541.471
680 0 59.1864 13.4152 794 131.447 92.9169 541.237
681 0 60.2014 14.3684 865 132.517 90.3642 536.187
682 0 63.1778 14.4671 914 132.34 88.3687 535.733
683 0 63.1858 14.8134 936 134.006 87.5086 533.446
684 0 69.1528 15.8056 1093 127.949 86.8289 533.505
685 0 69.3185 14.0944 977 133.455 84.9253 531.71
686 0 73.1661 15.089 1104 129.768 83.5335 528.751
687 0 74.1032 15.168 1124 129.549 83.2518 527.343
688 0 75.2346 14.8602 1118 131.736 83.2853 523.842
689 0 81.17 16.4223 1333 122.536 82.6699 522.379
690 0 85.4508 18.771 1604 114.335 81.4807 517.721
691 0 86.236 18.7045 1613 115.141 82.4482 517.073
692 0 84.3801 15.2524 1287 125.844 82.7615 517.936
693 0 87.3061 15.5087 1354 124.697 83.2105 516.106
694 0 90.2665 15.8309 1429 123.39 83.4416 513.892
695 0 92.2136 16.5268 1524 121.795 84.8734 513.096
696 0 96.4 15.8402 1527 121.857 86.5409 510.862
697 0 99.2619 15.3936 1528 123.771 88.6839 505.717
698 0 102.326 14.9816 1533 124.414 90.4423 505.145
699 0 109.203 16.4556 1797 119.466 93.5036 504.39
700 0 111.389 15.5941 1737 123.259 95.6252 501.063
701 0 111.392 15.6115 1739 158.434 97.6285 501.029
702 0 119.437 15.9164 1901 121.451 100.387 500.568
703 0 122.475 15.1867 1860 125.256 102.473 497.935
704 0 128.37 14.7931 1899 126.286 103.192 497.794
705 1 74.2357 11.706 869 122.823 104.629 527.926
706 0 77.3177 11.5886 896 123.636 104.511 527.523
707 0 79.2807 11.844 939 122.772 103.07 526.433
708 0 79.2807 11.7935 935 153.396 101.067 526.54
709 0 83.3001 12.7611 1063 122.925 99.477 524.651
710 0 87.3484 13.3946 1170 122.512 98.0863 522.073
711 0 89.2272 11.9246 1064 125.554 96.3947 522.788
712 1 50.3743 6.88843 347 106.124 93.8328 550.905
713 0 51.3813 6.98697 359 106.582 92.3287 550.708
714 0 52.2354 10.0315 524 104.903 90.4046 545.872
715 0 54.2928 9.81715 533 104.777 88.666 543.223
716 0 57.0691 9.97036 569 101.111 86.659 545.617
717 0 60.1068 9.43321 567 101.035 84.254 545.22
718 0 59.1633 9.82028 581 101.179 83.0344 542.747
719 0 60.2382 10.3091 621 99.6554 81.781 539.383
720 0 62.3141 13.4319 837 94.135 81.4074 537.714
721 0 59.2354 9.69015 574 102.071 80.2666 538.392
722 0 67.384 10.9225 736 99.4076 79.7174 533.625
723 0 69.2676 9.91805 687 100.627 79.7686 530.202
724 0 66.3267 9.27228 615 102.127 79.4992 527.119
725 1 36.2227 8.69619 315 99.7746 79.8254 544.625
726 0 38.0295 10.5707 402 94.893 79.8408 543.679
727 0 38.0832 10.6084 404 95.901 81.3589 540.54
728 0 37.0043 9.37728 347 101.334 79.6052 540.066
729 0 39.0694 9.47033 370 101.641 82.4838 540.103
730 0 40.0904 10.4015 417 99.4436 84.6835 538.767
731 0 41.0814 9.73678 400 100.388 86.8175 539.28
732 0 43.1009 9.48937 409 100.479 89.6699 540.198
733 0 45.096 10.267 463 98.6134 92.4665 541.251
734 0 45.0481 9.32337 420 101.376 94.4881 538.155
735 0 47.0711 11.0684 521 97.2015 97.6929 539.161
736 0 49.0417 9.62446 472 99.4788 99.125 538.905
737 0 50.1118 10.2172 512 98.9219 100.84 538.93
738 0 52.1004 10.0959 526 99.4049 101.186 539.352
739 0 52.0405 9.83848 512 99.252 101.332 540.496
740 0 57.0518 9.86823 563 100.028 101.712 542.698
741 0 58.0214 10.048 583 102.643 99.8336 537.197
742 0 60.1143 9.798 589 103.078 98.3599 540.487
743 1 31.008 7.70768 239 102 97.9665 559.36
744 0 33.0161 8.66244 286 104.315 96.7937 555.636
745 0 32.0122 7.84077 251 106.347 94.0797 555.359
746 0 37.0298 10.046 372 102.234 91.6129 554.374
747 0 37.0253 10.8304 401 101.88 89.6958 553.623
748 0 38.0546 10.1959 388 103.979 89.2113 553.325
749 0 38.1076 11.1789 426 102.589 88.8803 551.27
750 0 36.1205 8.94228 323 105.152 85.5851 555.858
751 0 34.0337 6.25851 213 76.4225 83.2676 555.052
752 0 33.049 9.41027 311 107.132 83.209 552.711
753 0 31.0316 8.99082 279 107.971 80.9857 552.584
754 0 38.0105 8.83967 336 109.821 80.2857 547.128
755 0 41.0668 9.39933 386 107.394 80.4974 548.091
756 0 41.1011 8.6129 354 110.734 79.8757 546.274
757 0 42.0313 9.06468 381 109.299 79.6457 544.391
758 0 43.0421 10.4781 451 108.038 79.0643 541.725
759 0 44.0563 10.6001 467 107.557 79.3812 543.471
760 0 40.092 9.82741 394 108.931 80.0305 540.728
761 0 45.1106 9.04444 408 110.574 80.0662 538.728
762 0 47.1576 10.9844 518 106.93 81.4865 536.612
763 0 49.1048 8.5735 421 110.019 83.3468 538.311
764 0 54.0494 10.1389 548 110.038 84.7482 535.693
765 0 57.0794 11.6329 664 105.94 86.5994 537.291
766 0 58.0596 12.7455 740 103.946 88.4446 535.143
767 0 59.0482 11.4483 676 106.996 90.9497 535.802
768 0 58.103 11.8755 690 107.019 93.6348 534.596
769 0 62.0805 12.3066 764 104.548 96.2461 535.395
770 0 64.0701 13.2511 849 102.012 98.04 534.318
771 0 66.1148 12.1002 800 104.666 99.8525 534.018
772 0 66.0469 11.0225 728 107.261 100.352 535.335
773 0 71.2017 12.4295 885 104.94 100.992 535.723
774 0 74.1756 14.1826 1052 100.978 100.592 535.148
775 0 76.2032 13.5296 1031 101.907 99.192 534.904
776 0 79.3078 12.3191 977 104.959 98.0481 535.78
777 1 41.1893 9.73553 401 108.96 97.4165 552.214
778 0 44.2595 12.2234 541 103.19 95.0425 552.767
779 0 44.2597 10.5062 465 107.673 93.8215 551.783
780 0 45.1781 11.2444 508 108.872 91.2047 551.118
781 0 48.3324 13.9037 672 103.403 89.7872 545.594
782 0 50.503 11.6825 590 108.093 88.0695 546.734
783 0 51.254 13.9696 716 104.034 85.4651 547.17
784 0 53.2614 14.457 770 103.071 84.1416 546.265
785 0 55.1333 13.7122 756 105.311 83.0463 545.451
786 0 56.0965 15.3129 859 101.709 82.9395 544.531
787 0 58.1713 13.8728 807 104.575 80.5056 541.378
788 0 58.116 13.7828 801 106.28 80.4769 537.481
789 0 60.1473 14.2484 857 104.35 80.0618 535.98
790 0 60.1365 13.8851 835 106.824 79.2252 535.896
791 0 63.1324 15.4437 975 102.386 78.9385 531.598
792 0 64.1771 14.1951 911 104.82 79.1932 531.4
793 0 67.1722 15.2742 1026 101.96 78.9376 527.67
794 0 68.0635 14.9419 1017 103.413 79.5103 527.409
795 0 70.1197 14.518 1018 103.261 80.39 526.87
796 0 72.118 13.5334 976 104.618 81.29 526.804
797 0 74.1381 14.6618 1087 103.155 83.3027 523.575
798 1 38.0679 8.30096 316 109.212 85.0918 542.117
799 0 39.0542 10.4726 409 105.682 87.1443 540.9
800 0 43.0351 11.5022 495 104.281 90.2828 539.816
801 0 42.0628 11.887 500 104.946 92.306 540.566
802 0 44.1568 12.9765 573 101.152 95.3438 540.476
803 0 48.4702 15.0608 730 97.5027 98.2589 540.612
804 0 46.0724 13.8695 639 101.806 99.1581 540.679
805 0 47.1042 12.9075 608 105.15 100.066 540.806
806 0 50.1236 13.9455 699 102.724 101.622 540.707
807 0 52.0711 13.9617 727 102.03 101.711 543.948
808 0 53.158 13.5069 718 102.486 101.345 544.531
809 0 55.131 14.003 772 102.247 100.534 543.118
810 0 56.165 15.0806 847 101.251 98.5856 541.052
811 0 60.1348 16.0805 967 98.0879 97.4571 541.676
812 0 61.2227 16.3828 1003 97.9581 95.658 541.828
813 0 61.2657 13.9556 855 104.253 93.5801 540.532
814 0 64.144 14.4675 928 103.806 90.7317 539.942
815 0 66.1076 14.8697 983 103.045 89.2411 537.363
816 0 69.1595 14.2569 986 102.996 87.858 537.757
817 0 71.1639 16.2161 1154 97.9333 87.3995 538.463
818 1 38.2237 13.5256 517 100.522 85.9304 555.408
819 0 39.1762 11.6652 457 103.963 84.8818 552.074
820 0 38.1788 11.5247 440 107.273 83.4545 547.195
821 0 41.2703 12.6968 524 102.084 82.8626 549.746
822 0 41.2521 12.2176 504 104.982 81.375 546.806
823 0 44.2156 13.5246 598 102.179 80.1388 541.978
824 0 46.0846 14.3649 662 97.6193 80.1284 543.363
825 0 45.1208 13.0095 587 99.632 79.6252 542.38
826 0 47.1571 15.0773 711 95.8186 78.9325 541.654
827 0 49.1414 14.0411 690 97.5072 80.5507 536.596
828 0 50.1813 14.4476 725 95.7572 80.6979 536.639
829 0 51.1253 13.9266 712 97.0716 81.441 535.183
830 0 53.091 14.5034 770 94.0273 82.9831 534.969
831 0 54.0863 13.8298 748 93.8797 84.3636 535.099
832 0 55.0452 13.6433 751 94.7097 86.1465 534.866
833 0 56.1308 13.4329 754 96.0305 89.5504 532.626
834 0 59.073 15.557 919 91.2437 92.173 531.096
835 0 60.0948 13.512 812 95.2081 95.2759 533.103
836 0 61.0684 13.8533 846 96.63 97.7801 532.363
837 0 66.1611 14.4798 958 94.9071 101.337 531.348
838 0 67.1985 14.8962 1001 93.6154 102.098 530.598
839 0 69.2805 14.2176 985 96.1096 103.298 530.941
840 0 69.089 12.8819 890 100.216 103.434 531.926
841 0 75.1147 14.4845 1088 96.7831 103.256 532.441
842 1 36.0513 9.90254 357 105.936 103.35 551.95
843 0 40.1048 11.7941 473 106.292 101.554 548.397
844 0 43.0324 12.6184 543 103.411 99.9816 548.622
845 0 44.0581 13.0282 574 104.739 98.3206 548.981
846 0 43.0306 13.2232 569 106.55 96.2847 548.341
847 0 46.0595 14.0905 649 105.076 93.2881 548.787
848 0 51.0694 16.1937 827 98.942 91.4317 548.86
849 0 48.0897 15.4295 742 105.513 88.9852 546.635
850 0 54.1148 16.0585 869 102.181 88.4994 547.795
851 0 54.2278 15.5087 841 104.561 87.3401 544.227
852 0 54.1851 15.3917 834 105.77 84.7038 543.704
853 0 59.2181 15.1812 899 104.062 83.4405 542.951
854 0 59.1095 15.5474 919 105.518 82.8498 539.329
855 0 61.1335 15.7197 961 104.066 81.0229 539.417
856 0 62.2794 15.2378 949 106.438 81.4457 536.38
857 0 63.1255 15.5563 982 105.485 79.5967 533.734
858 0 68.1228 16.2647 1108 102.596 80.8448 534.275
859 0 69.0748 15.9393 1101 98.6394 81.5014 531.647
860 0 71.0858 16.0088 1138 99.4297 81.0518 528.201
861 0 74.1037 14.7361 1092 101.797 81.1712 526.504
862 0 75.1672 14.7006 1105 102.144 82.5285 525.266
863 0 77.164 16.3289 1260 98.7976 82.7714 521.644
864 1 41.122 11.7942 485 104.416 86.0495 541.355
865 0 43.1069 11.1119 479 106.296 86.8747 541.985
866 0 45.0761 12.3125 555 105.526 88.645 538.267
867 0 46.0844 10.394 479 106.027 91.8998 540.674
868 0 48.194 13.5702 654 101.373 94.922 539.757
869 0 49.1345 12.5574 617 103 97.6272 541.78
870 0 51.1108 14.1653 724 100.203 99.884 541.934
871 0 52.1436 14.0957 735 100.83 100.186 535.237
872 0 55.0953 14.1391 779 98.8935 100.474 538.361
873 0 58.1666 15.5072 902 97.2672 102.034 538.83
874 0 58.1008 15.7657 916 98.3035 101.752 539.353
875 0 61.1136 15.4139 942 98.4766 102.03 539.55
876 0 63.2111 14.9974 948 99.3787 100.949 538.775
877 0 68.0641 16.2788 1108 98.0514 99.9359 536.349
878 0 69.1682 15.1659 1049 101.835 98.7989 538.031
879 0 72.0594 15.2097 1096 101.671 96.5119 538.688
880 0 74.0686 15.4721 1146 102.682 93.8281 538.029
881 0 75.0991 15.1799 1140 104.965 91.7421 534.844
882 0 78.112 15.5034 1211 104.481 90.1858 534.008
883 1 43.0288 11.3413 488 108.994 88.543 549.727
884 0 44.0532 11.7358 517 108.18 86.2456 549.652
885 0 45.0398 11.723 528 108.519 85.125 546.989
886 0 46.0539 13.0933 603 106.657 84.0696 546.861
887 0 47.0297 13.9061 654 105.743 82.7339 542.737
888 0 51.0621 15.2559 779 100.716 81.9538 543.793
889 0 52.1649 14.6842 766 103.43 80.4008 538.864
890 0 54.0996 15.9705 864 102.067 79.5914 538.124
891 0 55.1893 14.6224 807 104.13 79.9814 534.736
892 0 58.1034 15.2143 884 102.015 79.6561 535.942
893 0 58.144 13.9997 814 105.072 80.0884 533.858
894 0 61.1212 14.7412 901 103.835 80.1554 530.376
895 0 62.1302 15.4836 962 103.338 81.3368 528.135
896 0 65.0938 16.2228 1056 100.348 81.8059 526.989
897 0 67.0717 13.2097 886 105.955 84.0621 526.607
898 0 68.1414 13.9269 949 104.829 85.0211 526.308
899 0 72.064 14.7785 1065 103.069 86.7944 523.561
900 0 74.0597 13.4486 996 106.406 88.0171 521.355
901 0 77.1516 14.0373 1083 104.668 90.9095 522.173
902 0 79.2058 14.2414 1128 104.85 95.4894 520.739
903 1 41.102 8.97766 369 104.42 97.8862 542.477
904 0 42.0206 8.44823 355 106.039 99.9352 544.803
905 0 47.0159 11.1239 523 99.3786 101.996 543.696
906 0 45.0394 11.279 508 104.024 102.474 539.171
907 0 48.0164 12.3708 594 102.165 103.138 541.712
908 0 51.0464 12.8902 658 100.745 103.064 542.152
909 0 51.0581 13.5728 693 95.3059 100.968 543.922
910 0 54.0533 11.9142 644 98.8183 100.057 543.665
911 0 55.0911 11.7442 647 100.309 98.2349 541.719
912 0 60.146 13.4506 809 96.377 97.9209 541.768
913 0 61.0922 12.4566 761 99 95.7096 539.888
914 0 62.0869 11.7416 729 101.594 94.0261 539.898
915 0 65.0344 12.7163 827 100.729 91.734 536.311
916 0 69.1392 13.1329 908 98.6134 90.8271 535.19
917 0 72.1591 13.3178 961 99.6514 88.8626 533.943
918 0 75.1184 12.1408 912 101.852 86.9452 533.021
919 1 38.0249 10.2038 388 101.253 87.0954 550.575
920 0 41.0422 10.5257 432 98.7824 85.0463 551.183
921 0 41.0282 11.0656 454 98.4471 84.9846 550.262
922 0 40.031 10.4419 418 103.208 84.2464 546.543
923 0 42.0559 11.8414 498 100.406 81.7249 544.986
924 0 44.0082 11.7705 518 98.4228 80.8707 543.365
925 0 46.0542 12.5939 580 94.7672 80.7259 539.062
926 0 47.0907 12.4653 587 101.964 80.7223 538.404
927 0 46.0976 7.20211 332 78.6506 81.2861 538.581
928 0 50.0479 12.0085 601 102.584 82.8652 536.556
929 0 50.1362 10.9502 549 103.621 82.5464 535.226
930 0 51.0327 12.3646 631 101.718 84.5721 531.764
931 0 53.0627 12.0989 642 102.445 85.7975 531.547
932 0 52.0909 11.288 588 104.76 87.4218 532.024
933 0 56.1046 11.7459 659 102.129 89.956 531.052
934 0 56.0816 12.25 687 102.531 92.5109 529.148
935 0 58.0852 11.9307 693 102.283 93.8009 531.203
936 0 60.1221 12.0921 727 102.221 97.5364 530.776
937 0 64.0378 14.101 903 97.8638 100.017 528.431
938 0 66.1262 13.5347 895 99.6279 100.968 527.636
939 0 66.1428 12.5033 827 102.706 101.428 528.594
940 0 71.1232 11.6137 826 103.416 103.326 530.504
941 0 76.1937 13.9119 1060 99.8934 102.245 531.077
942 0 78.2203 12.7972 1001 104.217 101.936 527.959
943 0 81.2409 14.1924 1153 100.834 100.994 525.394
944 0 82.2556 12.3882 1019 104.243 98.1521 529.183
945 0 87.2226 14.3541 1252 101.597 97.8754 523.803
946 1 47.0245 9.7396 458 105.328 94.5655 546.498
947 0 50.0892 10.7009 536 102.493 91.8153 547.328
948 0 49.2538 10.6794 526 100.458 91.9848 544.536
949 0 51.0704 12.4926 638 97.2069 88.7994 545.563
950 0 54.1399 12.5416 679 93.2209 87.3918 540.203
951 0 54.1292 12.1561 658 95.3268 86.4377 539.474
952 0 57.0992 12.6446 722 94.4612 84.2964 538.853
953 0 57.1391 11.5157 658 97.9909 83.0441 536.625
954 0 60.1501 12.9177 777 94.3411 81.2008 532.723
955 0 64.0945 12.9184 828 93.1135 80.9263 532.471
956 0 64.108 12.7441 817 95.6291 79.0208 529.737
957 0 65.1286 11.9149 776 98.0889 78.5966 525.671
958 0 70.1575 14.1824 995 91.6502 78.3387 524.161
959 0 70.0449 12.8775 902 96.4457 78.1585 521.819
960 0 71.0908 11.3517 807 98.171 79.0744 518.927
961 0 74.1474 13.1899 978 93.8405 79.275 513.965
962 1 39.0865 8.13581 318 94.7358 82.3239 539.453
963 0 41.009 9.80273 402 96.7388 83.505 540.609
964 0 39.0455 7.96506 311 105.312 85.7396 538.119
965 0 44.0926 11.1357 491 97.3605 86.8004 537.322
966 0 45.2884 10.9741 497 98.8833 89.3582 534.567
967 0 42.1193 10.589 446 101.094 92.3812 534.406
968 0 48.0895 11.9777 576 97.3663 95.1215 536.054
969 0 48.0512 13.9435 670 94.4045 97.603 536.233
970 0 51.1075 13.4422 687 92.7453 100.843 532.79
971 0 54.1006 14.2142 769 89.5982 102.879 535.545
972 0 53.0935 13.7117 728 93.2074 103.614 533.985
973 0 56.0885 14.1384 793 91.1677 103.828 535.968
974 0 56.1529 13.3386 749 92.3725 104.087 537.848
975 0 60.0545 13.2879 798 91.1629 103.677 538.555
976 0 62.0661 14.0979 875 90.2686 101.736 537.439
977 0 63.1126 12.343 779 93.828 101.082 533.593
978 0 68.1376 13.8543 944 90.6303 99.9534 536.2
979 0 68.0724 12.9568 882 92.8651 98.2562 536.584
980 0 71.1724 12.814 912 93.7336 95.7083 533.582
981 0 74.1903 13.2901 986 91.6613 93.3783 534.324
982 0 76.0771 12.4479 947 93.8955 91.3516 532.569
983 0 79.0842 13.6057 1076 91.6375 89.2463 531.417
984 0 81.1498 13.0992 1063 92.7244 87.8495 529.37
985 1 42.0806 8.6263 363 93.73 86.5868 548.587
986 0 44.1119 12.2189 539 91.3859 85.7495 544.688
987 0 44.0611 10.7805 475 94.8926 83.6737 542.625
988 0 44.0901 10.66 470 95.0298 83.3 539.677
989 0 45.0423 10.4124 469 93.3348 81.7996 534.328
990 0 48.1421 12.5047 602 86.7973 81.3123 531.709
991 0 50.0522 11.508 576 85.7378 78.9809 530.434
992 0 51.0518 11.6352 594 85.7576 78.6027 527.364
993 0 53.04 13.1599 698 83.1934 79.5659 527.557
994 0 56.1291 12.5425 704 84.5966 79.8835 526.842
995 0 54.1803 14.2672 773 87.6636 82.3079 529.181
996 0 59.181 14.2106 841 85.9358 84.4625 528.139
997 0 59.1336 13.7485 813 87.508 85.7515 528.51
998 0 63.1526 14.7421 931 86.1568 88.1762 525.724
999 0 62.0898 12.7879 794 91.5202 90.6121 525.442
1000 0 67.1701 15.0365 1010 87.0911 93.2495 525.973
1001 0 67.1115 13.8873 932 90.8616 95.0097 523.821
1002 0 71.1741 11.8723 845 93.9254 99.2888 526.569
1003 1 35.0321 10.2478 359 96.39 102.44 543.49
1004 0 38.0733 9.53424 363 97.1074 104.16 543.375
1005 0 37.1517 10.6859 397 97.0579 105.033 542.849
1006 0 40.1056 9.02617 362 98.6961 106.381 545.284
1007 0 41.0928 10.7318 441 98.3311 104.683 544.841
1008 0 43.0257 10.2962 443 96.246 104.309 548.835
1009 0 45.0834 11.8669 535 95.4262 102.88 545.813
1010 0 45.0952 12.0856 545 96.0936 100.747 545.415
1011 0 48.1762 13.6789 659 92.6844 98.9059 543.988
1012 0 51.2113 14.0984 722 91.7742 97.2715 545.154
1013 0 52.3074 14.5295 760 91.2829 95.1434 547.049
1014 0 54.2435 12.9785 704 94.8636 92.4205 543.52
1015 0 55.165 13.795 761 93.8555 91.5046 542.466
1016 0 57.2032 13.723 785 94.0917 89.3694 541.59
1017 0 58.2138 14.2406 829 93.0603 88.573 538.75
1018 0 59.2203 12.6477 749 96.6489 86.8865 539.979
1019 0 63.1879 14.1958 897 92.7191 85.0903 536.384
1020 0 63.2078 13.4319 849 95.1614 83.8975 535.502
1021 0 66.0974 13.7373 908 94.2885 84.587 533
1022 0 71.1971 14.7197 1048 91.6517 82.0172 530.705
1023 1 39.013 12.2267 477 95.8386 82.7379 544.503
1024 0 37.1011 10.1345 376 100.566 82.5293 543.263
1025 0 38.1159 11.7536 448 99.4821 82.3058 539.027
1026 0 41.157 11.1038 457 98.302 82.6871 538.956
1027 0 42.0576 11.508 484 98.6219 82.8285 536.417
1028 0 44.067 11.006 485 98.0804 84.2021 534.957
1029 0 43.3551 13.5163 586 94.6945 83.9556 532.736
1030 0 45.2489 13.1053 593 96.4654 85.7218 533.175
1031 0 48.0585 13.0466 627 95.1627 88.563 533.852
1032 0 49.0904 13.3224 654 94.8807 90.3807 533.005
1033 0 51.0766 14.3706 734 93.2044 93.3529 532.005
1034 0 52.07 14.5381 757 93.4293 96.1427 532.683
1035 0 55.1733 15.4785 854 90.2283 97.8525 532.911
1036 0 54.1296 14.0219 759 94.6522 99.2925 532.456
1037 0 56.1577 15.2962 859 92.5914 100.655 533.739
1038 0 60.1353 14.4674 870 93.4425 102.2 533.108
1039 0 62.1381 14.8862 925 92.6238 103.595 534.186
1040 0 64.0912 14.9943 961 91.7607 103.071 536.949
1041 0 68.1039 15.5057 1056 90.9186 102.576 535.981
1042 0 70.151 15.8373 1111 91.0675 101.212 535.82
1043 0 74.1413 15.9695 1184 91.1284 100.061 536.222
1044 0 77.1277 16.3106 1258 91.3204 98.4897 533.639
1045 0 79.2386 16.1411 1279 92.2588 96.2127 534.989
1046 1 43.1375 10.5245 454 100.729 92.6916 553.969
1047 0 43.0891 11.0701 477 102.612 91.2683 551.721
1048 0 45.0353 11.6131 523 103.115 89.4436 550.438
1049 0 47.0559 13.3033 626 99.4904 87.3594 549.559
1050 0 47.1174 12.8191 604 102.099 85.8493 545.964
1051 0 52.0756 13.2308 689 98.5356 85.8012 542.72
1052 0 55.0403 16.279 896 92.8728 84.8716 541.654
1053 0 56.0819 14.8889 835 93.3605 82.9784 535.48
1054 0 57.1272 14.8266 847 94.0248 81.7273 534.465
1055 0 59.0728 12.8485 759 96.7576 79.8617 534.826
1056 0 60.111 14.44 868 93.917 79.3664 531.318
1057 0 61.0685 13.7387 839 96.559 79.3158 528.634
1058 0 65.1717 15.5742 1015 92.0847 78.7902 526.206
1059 0 66.1899 13.6123 901 95.9212 79.6593 525.846
1060 0 68.177 12.8929 879 98.116 80.2162 523.067
1061 0 71.1713 13.8539 986 95.932 80.9189 521.417
1062 0 75.0765 15.5042 1164 97.4588 81.8308 523.071
1063 0 77.1076 15.2125 1173 97.4101 82.8107 521.023
1064 0 79.1723 15.6873 1242 95.9887 85.087 520.067
1065 1 42.0474 11.0827 466 101.569 86.6888 536.989
1066 0 42.0116 10.7589 452 101.836 89.146 536.865
1067 0 45.1616 12.0899 546 99.6758 91.2802 536.762
1068 0 45.0147 13.1957 594 97.8636 94.0724 537.005
1069 0 50.063 13.4231 672 94.4955 96.2202 538.006
1070 0 49.0631 12.1069 594 98.3333 97.3232 537.933
1071 0 50.1359 14.4607 725 94.5628 99.571 535.985
1072 0 52.1338 14.6738 765 95.617 98.5412 536.792
1073 0 53.0355 13.1044 695 99.2648 99.6345 538.188
1074 0 53.0571 12.6279 670 100.199 99.2776 538.527
1075 0 56.0779 14.4799 812 96.6576 98.6084 539.477
1076 0 58.0232 13.012 755 99.9642 97.4331 538.938
1077 0 62.117 14.8752 924 96.1418 95.3669 539.671
1078 0 64.1276 14.2372 913 99.1851 94 537.886
1079 0 68.0516 15.0915 1027 96.2502 92.0049 538.857
1080 0 69.1029 14.0949 974 99.0965 89.0164 537.882
1081 0 72.1183 15.6826 1131 97.9107 87.8585 535.76
1082 0 76.3449 15.2073 1161 99.2334 87.5866 533.989
1083 0 78.0876 14.5478 1136 100.361 86.2412 534.484
1084 0 81.1237 15.951 1294 98.4961 84.6538 531.155
1085 0 84.244 15.1702 1278 101.077 84.6009 528.201
1086 0 85.1698 15.3341 1306 101.626 82.8622 528.022
1087 0 89.244 15.3736 1372 101.278 81.8309 525.712
1088 0 92.1997 16.4209 1514 99.6255 81.5059 522.292
1089 0 93.3798 14.3928 1344 105.588 80.628 518.33
1090 0 98.3891 16.018 1576 101.489 80.8503 516.223
1091 1 52.4264 11.6544 611 107.286 81.743 536.993
1092 0 54.2926 13.4457 730 103.385 81.0836 535.681
1093 0 55.3326 12.8676 712 105.466 81.9565 533.975
1094 0 56.2844 14.1247 795 102.221 82.1623 530.008
1095 0 58.2815 14.5844 850 103.1 84.3 530.42
1096 0 60.1686 13.8777 835 105.434 85.1449 529.656
1097 0 62.1683 14.5573 905 103.355 86.2873 530.377
1098 0 63.1304 14.8264 936 104.394 89.2147 528.454
1099 0 66.2079 15.2399 1009 104.955 91.7889 526.326
1100 0 67.1615 14.8746 999 106.178 94.1762 525.858
1101 0 71.1958 15.2818 1088 103.267 96.4844 527.242
1102 1 39.1293 11.7048 458 106.991 99.9891 542.727
1103 0 38.1384 10.4095 397 108.693 101.055 544.36
1104 0 41.1098 10.9949 452 110.314 101.905 542.912
1105 0 43.1264 13.4256 579 104.133 102.152 543.525
1106 0 42.1154 11.7059 493 107.292 102.836 545.556
1107 0 46.0939 12.1491 560 105.961 101.496 544.439
1108 0 45.1519 11.4281 516 105.128 99.5698 539.771
1109 0 49.1812 13.2571 652 100.155 97.4417 540.877
1110 0 50.0986 13.4135 672 98.0982 96.6101 538.711
1111 0 51.1833 14.6337 749 96.283 93.6569 537.945
1112 0 54.1425 13.5384 733 98.4516 91.6166 538.543
1113 0 57.1583 15.7982 903 93.1285 89.3344 535.359
1114 0 58.0685 14.6034 848 97.059 87.9906 533.059
1115 0 59.1635 13.7923 816 99.9424 86.6985 530.192
1116 0 62.0871 13.5133 839 101.135 85.5948 530.046
1117 0 64.0568 15.2833 979 102.375 85.3902 531.851
1118 0 66.0351 15.5978 1030 102.718 83.0427 528.556
1119 0 69.0522 16.0603 1109 101.641 81.394 525.634
1120 0 70.084 15.7097 1101 103.328 80.8846 522.856
1121 0 74.1701 16.3543 1213 101.833 79.7716 521.021
1122 0 75.1081 14.2328 1069 108.888 80.3022 515.723
1123 0 78.1068 15.7605 1231 104.048 80.3501 514.342
1124 0 79.1729 15.4472 1223 106.563 81.0458 512.827
1125 1 40.0472 10.3128 413 120.126 82.707 530.012
1126 0 43.0334 12.6181 543 115.899 83.8471 528.584
1127 0 45.0259 12.3929 558 116.568 85.6165 527.83
1128 0 45.085 11.8887 536 118.92 87.6511 526.196
1129 0 46.0645 13.0035 599 115.691 88.4307 526.286
1130 0 49.0577 14.1058 692 114.225 90.2789 525.48
1131 0 52.15 14.4008 751 107.224 92.9174 524.899
1132 0 50.0284 14.112 706 111.497 95.245 526.123
1133 0 54.1617 14.9183 808 108.608 96.9802 527.993
1134 0 56.0807 16.2979 914 111.454 99.5646 529.356
1135 0 59.1148 15.2585 902 113.522 101.826 529.633
1136 0 60.0779 15.7462 946 113.34 103.158 528.704
1137 0 66.2439 15.926 1055 110.442 103.493 528.995
1138 0 66.0952 16.3249 1079 111.295 103.401 527.386
1139 0 70.0845 17.2363 1208 108.859 102.842 526.858
1140 0 74.1895 16.3365 1212 110.804 101.43 524.402
1141 0 75.2336 16.9073 1272 111.702 98.7091 525.194
1142 1 45.0548 12.5403 565 117.614 97.6566 542.743
1143 0 43.0545 11.4274 492 121.593 96.2703 543.872
1144 0 47.0962 12.6762 597 117.358 92.4874 544.335
1145 0 48.1376 12.7759 615 120.611 89.8146 542.782
1146 0 51.0506 12.086 617 122.24 88.2139 541.295
1147 0 53.0401 12.4811 662 120.838 86.3671 539.763
1148 0 54.1461 14.2208 770 118.699 85.4636 535.832
1149 0 57.0673 14.2639 814 114.791 84.4189 536.511
1150 0 59.1332 15.4059 911 112.319 82.9572 534.156
1151 0 62.0912 15.284 949 112.469 81.9631 530.607
1152 0 62.1182 14.8427 922 115.361 80.2755 528.87
1153 0 66.1869 15.0483 996 114.243 79.6827 525.754
1154 0 67.1677 14.8881 1000 114.991 79.146 523.66
1155 0 68.119 14.9591 1019 115.829 79.0049 524.301
1156 0 71.1411 15.3638 1093 114.119 78.7173 521.13
1157 0 73.0995 15.8414 1158 112.573 79.3765 519.048
1158 0 75.2206 15.0092 1129 115.402 80.9247 517.534
1159 0 79.2296 15.2216 1206 113.666 81.7612 515.2
1160 0 80.1671 15.5301 1245 114.39 82.7116 512.668
1161 0 85.3271 15.2706 1303 113.71 84.9593 512.635
1162 0 85.1774 14.9805 1276 115.879 86.2837 510.487
1163 0 88.1975 16.5538 1460 112.89 88.663 508.455
1164 0 92.1389 15.9542 1470 113.981 91.7932 509.401
1165 0 97.1719 16.7229 1625 111.295 93.8357 509.337
1166 0 97.1424 14.9677 1454 117.917 96.3838 506.92
1167 0 102.105 16.5712 1692 113.046 98.6761 509.728
1168 0 105.075 14.9798 1574 118.499 99.08 507.106
1169 0 108.165 15.3747 1663 117.753 99.9302 505.49
1170 0 114.439 16.6202 1902 114.073 100.065 505.382
1171 0 119.281 16.3144 1946 115.617 99.0771 504.636
1172 0 123.357 15.905 1962 117.541 98.0204 503.535
1173 0 128.416 15.9948 2054 117.597 96.6899 501.708
1174 0 134.26 17.2575 2317 114.069 95.2253 503.124
1175 0 139.141 16.5085 2297 116.865 92.8459 499.311
1176 1 70.1758 11.3429 796 129.025 90.2475 534.425
1177 0 74.1522 12.8654 954 125.41 88.1866 530.792
1178 0 76.2021 14.1072 1075 121.875 86.1674 528.32
1179 0 80.2108 15.0354 1206 119.943 83.6575 524.755
1180 0 82.3321 14.065 1158 122.942 82.4922 525.513
1181 0 87.3373 14.9535 1306 119.751 81.8415 522.397
1182 0 90.2114 15.641 1411 117.529 79.9057 520.503
1183 0 93.115 14.3693 1338 121.552 79.2818 517.248
1184 0 96.2418 14.3493 1381 121.91 77.887 514.453
1185 0 100.191 14.7818 1481 120.878 77.1458 511.994
1186 0 105.349 15.6147 1645 117.764 77.2596 507.946
1187 0 106.233 15.2589 1621 120.543 78.1283 504.115
1188 0 110.291 14.498 1599 122.861 77.0325 502.879
1189 0 114.149 14.7088 1679 120.995 77.642 498.41
1190 0 118.175 14.6223 1728 121.18 78.11 498.035
1191 0 122.229 15.5937 1906 119.621 79.9759 493.836
1192 0 125.139 14.9274 1868 122.028 80.1627 493.693
1193 1 78.1237 11.5842 905 127.842 82.4663 516.714
1194 0 83.2031 10.5164 875 129.151 83.9451 513.893
1195 0 84.154 10.3501 871 128.144 87.1079 515.746
1196 0 89.2056 11.1428 994 127.801 89.0684 512.959
1197 0 89.1162 10.2114 910 131.503 91.8791 510.224
1198 0 95.105 11.7239 1115 129.838 94.2771 509.917
1199 0 100.087 12.4992 1251 128.795 96.7298 508.191
1200 0 103.177 13.4332 1386 127.219 97.9971 504.658
1201 0 110.137 16.2253 1787 118.477 99.31 501.819
1202 0 113.238 14.5534 1648 122.141 99.4484 500.147
1203 0 119.284 14.805 1766 122.007 99.855 502.271
1204 0 122.193 15.0008 1833 122.762 99.2313 496.629
1205 0 126.271 14.7698 1865 123.152 98.2113 497.397
1206 0 134.165 15.4809 2077 119.659 96.9432 495.545
1207 0 140.149 15.4978 2172 119.471 95.6745 492.131
1208 0 146.334 15.3348 2244 121.732 92.6979 491.124
1209 0 152.275 14.6314 2228 124.452 90.7756 486.727
1210 0 159.214 15.3378 2442 122.268 88.7682 485.735
1211 1 89.2893 10.0796 900 119.044 86.2389 522.446
1212 0 90.1446 10.9713 989 119.47 85.5136 517.194
1213 0 93.195 10.7731 1004 119.492 83.9223 517.272
1214 0 98.3037 11.8612 1166 117.671 83.7719 516.14
1215 0 101.315 11.6271 1178 117.515 83.2267 508.362
1216 0 106.316 14.043 1493 111.75 81.1125 508.159
1217 0 109.308 12.6615 1384 114.863 81.5462 502.4
1218 0 115.311 12.4967 1441 113.894 80.8203 501.436
1219 0 119.171 14.0303 1672 110.365 81.0365 500.844
1220 0 124.225 14.6348 1818 109.466 80.995 495.815
1221 1 68.0873 9.60532 654 106.313 81.763 524.263
1222 0 69.0489 10.6736 737 100.988 79.6852 523.262
1223 0 70.0486 9.99307 700 100.643 80.0686 517.536
1224 0 71.0346 9.85436 700 102.641 81.7557 515.841
1225 0 74.055 11.1809 828 105.099 83.8901 519.598
1226 0 77.0356 12.8512 990 101.787 85.2929 517.526
1227 0 79.0976 10.4554 827 108.167 88.0484 518.305
1228 0 81.133 12.535 1017 104.61 90.7748 516.449
1229 0 85.1593 12.412 1057 103.956 93.3605 514.245
1230 0 85.1655 11.2487 958 108.092 95.3758 514.722
1231 0 89.267 13.0843 1168 103.753 97.3065 513.967
1232 0 90.2366 11.0487 997 108.979 98.9218 511.924
1233 0 97.3285 12.915 1257 102.644 100.742 515.274
1234 0 99.1355 12.1248 1202 100.594 101.955 515.803
1235 0 101.281 11.1669 1131 102.203 102.752 514.972
1236 0 105.122 12.1288 1275 101.311 102.29 514.086
1237 0 109.2 13.5715 1482 102.57 101.061 511.97
1238 0 111.365 13.3346 1485 103.661 99.5488 507.733
1239 0 114.491 12.6473 1448 104.655 98.6927 509.823
1240 0 118.308 11.5884 1371 103.635 95.9205 510.001
1241 0 123.433 12.1847 1504 101.86 94.4867 511.253
1242 1 67.2355 10.8722 731 100.267 92.8906 536.516
1243 0 66.1759 11.8925 787 99.5705 91.0368 532.278
1244 0 69.1422 11.5848 801 93.7778 89.2921 534.707
1245 0 71.1185 11.4457 814 93.7617 87.8194 531.69
1246 0 72.0978 9.41776 679 97.8601 87.0353 532.554
1247 0 74.074 10.746 796 95.3744 85.0465 530.776
1248 0 77.1153 10.8928 840 94.5417 83.7024 530.396
1249 0 77.1203 9.49166 732 98.485 83.1762 524.428
1250 0 79.1392 10.8669 860 95.5872 82.0454 524.358
1251 0 80.1087 9.67436 775 97.5394 81.3174 522.446
1252 0 82.0998 10.4507 858 96.4825 80.8625 517.958
1253 0 86.1894 10.0128 863 96.0742 81.2352 517.34
1254 0 85.0427 9.9597 847 98.366 80.7816 513.975
1255 0 88.1391 9.29213 819 98.3687 81.3956 514.201
1256 0 88.3212 8.69554 768 99.0573 82.1706 508.422
1257 0 92.3242 10.8964 1006 94.0765 84.0318 509.672
1258 1 47.1277 8.21173 387 97.261 83.2713 530.811
1259 0 51.0857 11.7058 598 87.8779 85.2592 531.946
1260 0 52.0925 9.17599 478 88.6632 87.2134 530.734
1261 0 54.0973 9.74171 527 84.4232 90.2562 527.782
1262 0 52.0516 9.74034 507 84.7909 93.3432 527.74
1263 0 52.1354 10.396 542 83.9982 98.5295 529.382
1264 0 54.0708 10.3383 559 83.8086 100.356 530.54
1265 0 52.2363 11.4097 596 84.1997 101.604 528.034
1266 0 52.0813 9.52358 496 89.5585 103.845 527.653
1267 0 55.223 10.8107 597 86.928 103.382 531.63
1268 0 54.1027 10.2952 557 89.8456 103.72 529.912
1269 0 52.0362 8.85921 461 93.8221 102.993 531.085
1270 0 55.0767 10.0769 555 90.3658 101.505 532.914
1271 0 59.0976 11.8448 700 85.5729 100.113 534.756
1272 0 60.0546 11.6394 699 86.1502 99.6252 534.405
1273 0 58.0248 11.6674 677 87.4609 97.5761 534.594
1274 0 59.0624 11.4625 677 89.7105 95.5968 534.823
1275 0 59.126 14.0547 831 86.1745 92.7918 534.035
1276 0 60.1135 12.5263 753 88.6282 90.8619 535.142
