 	0	4.895961926	2.921875	44379.37968	129671
	0.05	5.461472303	3.265625	40774.43062	133154
	0.1	6.005984607	3.6015625	42614.55965	153479
	0.15	2.996673215	1.94921875	40527.51904	78997
	0.2	3.103542488	1.89453125	41123.10103	77909
	0.25	3.30297824	2.16796875	39965.52072	86644
	0.3	3.233836243	2.05078125	41526.12571	85161
	0.35	3.590793791	2.26953125	40253.24613	91356
	0.4	3.90507597	2.453125	40934.31847	100417
	0.45	4.486644616	2.8515625	39547.09041	112771
	0.5	4.985259665	3.25390625	39383.7407	128151
	0.55	5.394408801	3.43359375	37724.61433	129531
	0.6	6.14748139	3.9296875	37817.51093	148611
	0.65	2.699702172	1.66015625	34687.09647	57586
	0.7	2.916729089	1.6796875	38376.7814	64461
	0.75	2.962455203	1.796875	37217.94783	66876
	0.8	3.685467955	2.08984375	35894.54953	75014
	0.85	4.212007076	2.6015625	35319.54354	91886
	0.9	4.659946681	2.453125	33461.80892	82086
	0.95	2.234784802	1.16796875	33100.20067	38660
	1	2.442354848	1.21875	32278.97436	39340
	1.05	2.828238695	1.42578125	31201.8411	44487
	1.1	3.142498353	1.49609375	31290.81984	46814
	1.15	3.574847123	1.58984375	30957.75921	49218
	1.2	4.33699826	2.1328125	31401.72894	66974
	1.25	1.877518434	0.79296875	30071.80296	23846
	1.3	2.0689898	1.01171875	30604.35521	30963
	1.35	2.117320068	1.09375	31175.31429	34098
	1.4	2.683637369	1.36328125	31425.65043	42842
	1.45	2.911215059	1.5	31318	46977
	1.5	3.28805465	1.65234375	30401.6643	50234
	1.55	3.598752885	1.8359375	30949.85532	56822
	1.6	4.000787071	2.078125	30799.8797	64006
	1.65	4.331728562	2.23828125	30665.04712	68637
	1.7	1.841423614	1.015625	29770.83077	30236
	1.75	2.359129516	1.3125	31735.61905	41653
	1.8	2.633762835	1.4765625	31613.29101	46679
	1.85	2.761523027	1.390625	30524.40449	42448
	1.9	3.291181193	1.6328125	31299.98086	51107
	1.95	3.576033191	1.671875	28496.74766	47643
	2	4.171495976	1.9453125	30598.16867	59523
	2.05	1.460407542	0.6796875	28947.12644	19675
	2.1	2.1042287	1.03515625	32066.6566	33194
	2.15	2.081203985	0.98828125	29429.88142	29085
	2.2	2.76720074	1.4453125	31891.37297	46093
	2.25	2.982307271	1.6328125	31484.9378	51409
	2.3	3.548066276	1.9453125	31783.58233	61829
	2.35	3.839873875	2	32844	65688
	2.4	4.322760093	2.23046875	32101.32399	71601
	2.45	2.298135948	1.078125	31944.34783	34440
	2.5	2.340545898	1.18359375	32232.34323	38150
	2.55	2.663280397	1.4609375	31819.29412	46486
	2.6	2.723990191	1.51953125	32021.71722	48658
	2.65	3.09395551	1.73828125	31368.91685	54528
	2.7	3.683999493	1.90234375	31868.05749	60624
	2.75	4.100963921	2.21875	31346.92958	69551
	2.8	4.754964145	2.48046875	32537.80157	80709
	2.85	2.283881944	0.98828125	30614.7668	30256
	2.9	2.636792361	1.33203125	31801.05572	42360
	2.95	2.920228042	1.4765625	31614.6455	46681
	3	3.22388932	1.640625	30687.08571	50346
	3.05	3.720775675	1.796875	31156.31304	55984
	3.1	4.21299802	1.9296875	30392.48583	58648
	3.15	2.149910949	0.953125	24465.83607	23319
	3.2	2.193672902	1	29193	29193
	3.25	2.122021802	0.90234375	28943.51515	26117
	3.3	2.372089249	1.08203125	28859.61011	31227
	3.35	2.864957814	1.39453125	29827.94398	41596
	3.4	3.280979586	1.5	29593.33333	44390
	3.45	3.344461742	1.50390625	29469.25714	44319
	3.5	4.212688781	1.91796875	29242.39511	56086
	3.55	4.439960567	2	28735	57470
	3.6	2.460347764	1.0546875	28123.97037	29662
	3.65	2.703959963	1.1171875	27697.23077	30943
	3.7	2.710036837	1.02734375	27941.96198	28706
	3.75	2.975491488	1.25390625	26449.34579	33165
	3.8	3.777104593	1.46484375	27196.07467	39838
	3.85	4.01838853	1.53125	25888.65306	39642
	3.9	1.902110889	0.65625	26561.52381	17431
	3.95	2.135233924	0.76953125	26678.57868	20530
	4	2.38756507	0.96875	26551.74194	25722
	4.05	2.966892182	1.31640625	26999.26409	35542
	4.1	3.343800949	1.21875	26677.33333	32513
	4.15	3.636822128	1.4140625	26649.45856	37684
	4.2	4.174891269	1.7265625	27069.97285	46738
	4.25	1.569358272	0.7109375	27242.9011	19368
	4.3	2.135153524	1.07421875	28751.12727	30885
	4.35	2.370856805	1.16015625	29155.55556	33825
	4.4	2.492990005	1.26953125	29729.87077	37743
	4.45	2.836851486	1.515625	30476.53608	46191
	4.5	3.126548696	1.77734375	30813.3978	54766
	4.55	3.556920519	1.9453125	32996.24096	64188
	4.6	4.078054689	2.3203125	32377.96633	75127
	4.65	4.678020318	2.60546875	33423.92804	87085
	4.7	5.19231725	2.7265625	33393.32951	91049
	4.75	2.385385766	1.390625	34122.06742	47451
	4.8	2.596757169	1.57421875	34852.20844	54865
	4.85	2.938379362	1.79296875	34869.54248	62520
	4.9	3.323132477	2.0625	35026.90909	72243
	4.95	3.719960359	2.1328125	35434.9011	75576
	5	4.334250685	2.59375	35014.55422	90819
	5.05	2.09508506	1.30859375	34754.10149	45479
	5.1	2.365311406	1.43359375	35607.71662	51047
	5.15	2.731985826	1.59765625	36094.74817	57667
	5.2	2.779423617	1.71484375	37362.5877	64071
	5.25	3.150121361	2.046875	37227.48092	76200
	5.3	3.314079043	2.12109375	31889.2081	67640
	5.35	3.926989124	2.28515625	37484.08889	85657
	5.4	4.441811071	2.5390625	39129.79692	99353
	5.45	1.883712276	1.25	40058.4	50073
	5.5	1.993864415	1.26171875	40559.75232	51175
	5.55	2.228308386	1.453125	41764.47312	60689
	5.6	2.594728759	1.78515625	41078.75711	73332
	5.65	2.74384734	1.796875	41932.24348	75347
	5.7	3.074721547	2.02734375	41362.99037	83857
	5.75	3.494313687	2.171875	39999.07914	86873
	5.8	4.161317137	2.60546875	39409.7991	102681
	5.85	1.697902128	1.0546875	39127.22963	41267
	5.9	1.883502854	1.23828125	37519.74763	46460
	5.95	2.159947594	1.34375	37755.53488	50734
	6	2.327160795	1.47265625	36131.98939	53210
	6.05	2.555106416	1.6171875	36714.35749	59374
	6.1	2.949566338	1.76953125	35605.47461	63005
	6.15	3.481931828	2.1015625	34663.73234	72848
	6.2	3.881201381	2.26953125	34101.31497	77394
	6.25	1.809360336	1.109375	32890.59155	36488
	6.3	1.969687356	1.02734375	30711.23954	31551
	6.35	2.37019316	1.49609375	30461.32637	45573
	6.4	2.550177738	1.53515625	32620.13232	50077
	6.45	2.901681535	1.71875	32375.85455	55646
	6.5	3.108538827	1.65625	31297.81132	51837
	6.55	3.897333068	2.19921875	32502.90586	71481
	6.6	4.402480257	2.30078125	33579.89813	77260
	6.65	1.981588746	1.0078125	32358.20155	32611
	6.7	2.481389696	1.359375	33997.24138	46215
	6.75	2.679943899	1.41015625	34442.99169	48570
	6.8	2.786381698	1.5625	33766.4	52760
	6.85	3.292555612	1.70703125	32884.57666	56135
	6.9	4.14923321	2.31640625	31838.9747	73752
	6.95	4.457444237	2.28125	32193.75342	73442
	7	1.841802599	0.87109375	29731.58744	25899
	7.05	2.192571876	1.125	30898.66667	34761
	7.1	2.120574533	1.0234375	31661.92366	32404
	7.15	2.898722166	1.1953125	30927.47712	36968
	7.2	3.286552389	1.515625	30190.18557	45757
	7.25	3.534154516	1.37109375	29685.05983	40701
	7.3	1.472230015	0.53125	27634.82353	14681
	7.35	2.433174528	1.62890625	23621.3717	38477
	7.4	2.604629028	1.734375	24369.00901	42265
	7.45	2.931853706	1.82421875	25047.98287	45693
	7.5	3.16074646	2.09765625	23808.47672	49942
	7.55	3.607340634	2.3515625	23463.97342	55177
	7.6	4.198056286	2.76171875	22455.58133	62016
	7.65	4.771434044	3.08984375	22341.58281	69032
	7.7	5.301530808	3.37109375	22082.44728	74442
	7.75	5.756940452	3.4765625	22175.35281	77094
	7.8	2.64084436	1.71484375	22299.40774	38240
	7.85	2.997314707	2.0234375	22303.13514	45129
	7.9	3.426586789	2.171875	22535.82734	48945
	7.95	3.718182117	2.55078125	22339.82236	56984
	8	4.011233482	2.7578125	22822.79887	62941
	8.05	4.428623268	2.94921875	22887.41722	67500
	8.1	4.914186247	3.40625	22510.6789	76677
	8.15	5.575922918	3.7734375	22484.00828	84842
	8.2	6.370147821	4.1484375	22542.94539	93518
	8.25	3.309346768	2.34375	22671.36	53136
	8.3	3.241531582	2.11328125	21330.80961	45078
	8.35	3.964102289	2.8984375	22789.86523	66055
	8.4	4.162626652	3.01171875	23582.2153	71023
	8.45	4.704510187	3.34375	23739.51402	79379
	8.5	5.279306936	3.59765625	24179.90879	86991
	8.55	6.112868286	4.08984375	23855.92359	97567
	8.6	7.022776419	4.3359375	24351.82703	105588
	8.65	3.201084067	2.26171875	24707.7582	55882
	8.7	3.739473216	2.65234375	24525.10162	65049
	8.75	4.228855269	3.14453125	23866.8323	75050
	8.8	4.791329717	3.3203125	24131.76471	80125
	8.85	5.303546293	3.75390625	24404.97815	91614
	8.9	6.179131307	4.40625	23549.2766	103764
	8.95	2.641114189	1.8125	24109.7931	43699
	9	3.067465543	2.2421875	24352.55749	54603
	9.05	3.32741467	2.44921875	24354.70494	59650
	9.1	3.879574846	3.01953125	24632.63131	74379
	9.15	4.469870852	3.24609375	24671.19134	80085
	9.2	5.223137697	3.4453125	25744.54422	88698
	9.25	2.461116622	1.796875	24961.11304	44852
	9.3	2.801043466	2.1328125	25530.60806	54452
	9.35	2.977473425	2.265625	24000.44138	54376
	9.4	3.757562115	2.76953125	25410.79831	70376
	9.45	4.178842164	2.88671875	25866.39242	74669
	9.5	1.641483443	0.87109375	26842.11659	23382
	9.55	1.710206077	0.890625	28231.85965	25144
	9.6	1.903601684	1.06640625	28490.08059	30382
	9.65	2.089541104	1.16796875	28275.58528	33025
	9.7	2.569869378	1.2578125	27968.39752	35179
	9.75	2.928917711	1.46875	27239.48936	40008
	9.8	3.375020555	1.625	27632	44902
	9.85	4.111253402	1.87109375	27261.59499	51009
	9.9	1.427503942	0.80859375	28000.46377	22641
	9.95	1.732112827	0.9140625	28072.47863	25660
	10	1.801920727	0.953125	27635.40984	26340
	10.05	1.654155929	0.89453125	27482.55022	24584
	10.1	2.067271569	1.0859375	28016.34532	30424
	10.15	2.320995693	0.9765625	27452.416	26809
	10.2	2.611463106	1.09375	26342.4	28812
	10.25	3.78462312	2.95703125	23247.97886	68745
	10.3	4.301675251	3.11328125	23625.55583	73553
	10.35	4.972454465	3.3984375	23011.16322	78202
	10.4	2.496318753	1.81640625	22443.2172	40766
	10.45	2.864682043	2.15234375	22177.2196	47733
	10.5	3.190709163	2.37890625	22083.67816	52535
	10.55	3.637454767	2.66796875	21947.03367	58554
	10.6	4.195910897	3.109375	22081.60804	68660
	10.65	4.657451484	3.40234375	22021.8783	74926
	10.7	5.435738104	3.89453125	22696.69809	88393
	10.75	2.301950056	1.640625	23119.2381	37930
	10.8	2.679515461	2.0859375	22890.42697	47748
	10.85	2.855127196	2.2578125	22647.14187	51133
	10.9	3.264600724	2.65234375	22081.22533	58567
	10.95	3.56307379	2.76171875	22368.31683	61775
	11	3.97490075	3.16015625	21912.20766	69246
	11.05	4.395831298	3.2578125	21859.14628	71213
	11.1	4.832251913	3.56640625	21149.02081	75426
	11.15	5.580848489	3.78515625	21602.80702	81770
	11.2	2.681909339	2.015625	20708.21705	41740
	11.25	3.175424443	2.19921875	20852.85968	45860
	11.3	3.548249168	2.55078125	20414.52986	52073
	11.35	4.068714627	2.90234375	20544.43069	59627
	11.4	4.658618363	3.39453125	19891.9954	67524
	11.45	5.478638117	3.58984375	20544.06964	73750
	11.5	6.171096733	4.16015625	20017.99812	83278
	11.55	2.779980646	1.8828125	18838.83817	35470
	11.6	3.302066522	2.36328125	18844.13884	44534
	11.65	3.637006876	2.47265625	18868.77725	46656
	11.7	4.1216476	2.47265625	18391.55766	45476
	11.75	4.445390037	2.11328125	19323.03142	40835
	11.8	5.440847928	3.04296875	18707.38896	56926
	11.85	6.034042621	3.671875	19313.8383	70918
	11.9	2.887451281	1.80859375	19279.06695	34868
	11.95	3.09017594	1.77734375	19827.9033	35241
	12	3.757863946	2.66015625	19319.16593	51392
	12.05	4.079156695	2.7421875	20575.17949	56421
	12.1	3.879612143	2.09765625	19994.21974	41941
	12.15	5.232472265	3.57421875	21236.24918	75903
	12.2	6.110558477	3.98046875	21467.06968	85449
	12.25	2.905525679	1.96875	22107.42857	43524
	12.3	3.34364154	2.44921875	22412.04466	54892
	12.35	3.809627166	2.7265625	23208.7106	63280
	12.4	4.059790661	2.8984375	23568.90566	68313
	12.45	4.502260751	3.2890625	23815.90499	78332
	12.5	5.122206214	3.79296875	22230.87127	84321
	12.55	5.552806234	4.00390625	24191.12585	96859
	12.6	6.191444737	4.53515625	24021.22308	108940
	12.65	6.951276991	4.91796875	26608.34313	130859
	12.7	7.469008917	5.42578125	27313.67027	148198
	12.75	8.034739825	5.8984375	24228.61987	142911
	12.8	4.773344058	3.51171875	27170.1713	95414
	12.85	5.407320213	3.7734375	27111.35404	102303
	12.9	6.189083785	4.30859375	27960.39891	120470
	12.95	6.932544508	4.77734375	27060.435	129277
	13	3.229185778	2.23828125	25313.17277	56658
	13.05	3.562356103	2.35546875	25861.09453	60915
	13.1	3.987459496	2.84765625	25436.35665	72434
	13.15	4.359233606	3.03515625	25433.94595	77196
	13.2	4.976780642	3.625	24780.41379	89829
	13.25	5.708380713	3.97265625	25665.95084	101962
	13.3	6.457906986	4.28125	25560.05839	109429
	13.35	3.200746046	2.2421875	25233.83972	56579
	13.4	3.520215776	2.53125	25771.85185	65235
	13.45	3.711990447	2.62109375	26765.92548	70156
	13.5	4.203622726	3.07421875	26610.01271	81805
	13.55	4.644818123	3.27734375	26784.80095	87783
	13.6	5.357253574	3.796875	28045.69547	106486
	13.65	6.107863888	4.23828125	27971.95207	118553
	13.7	2.937241454	2.125	29543.05882	62779
	13.75	3.057533772	2.2421875	28740.23693	64441
	13.8	3.498131464	2.66796875	30541.58712	81484
	13.85	3.747478648	2.83984375	30099.1912	85477
	13.9	4.3213558	3.07421875	31103.83736	95620
	13.95	4.885962116	3.44921875	29595.10759	102080
	14	5.483134003	4.01953125	29222.31293	117460
	14.05	6.428519628	4.13671875	30260.69877	125180
	14.1	3.003492833	2.31640625	29851.41315	69148
	14.15	3.462895599	2.484375	29776.50314	73976
	14.2	3.711219933	2.67578125	30814.92555	82454
	14.25	4.125981256	3.02734375	30680.69161	92881
	14.3	4.622959846	3.5	30452.28571	106583
	14.35	5.214289298	3.734375	29898.7113	111653
	14.4	6.105392556	4.15234375	30444.9746	126418
	14.45	2.799856147	2.08984375	30565.9215	63878
	14.5	3.048475639	2.234375	28893.53846	64559
	14.55	3.446953153	2.67578125	30366.83212	81255
	14.6	3.876192234	2.84765625	28740.82853	81844
	14.65	4.197477916	3.09375	31147.9596	96364
	14.7	4.980896566	3.46875	30094.99099	104392
	14.75	5.720217734	3.90234375	30768.43243	120069
	14.8	2.574478887	1.86328125	31425.74423	58555
	14.85	2.900696921	2.19921875	31358.86323	68965
	14.9	3.22434114	2.55078125	31816.91884	81158
	14.95	3.441442477	2.69921875	31907.75109	86126
	15	3.572646867	2.1875	34755.2	76027
	15.05	4.045376536	2.4140625	33605.17799	81125
	15.1	4.905601661	2.71875	33217.47126	90310
	15.15	2.606716107	1.4765625	33747.97884	49831
	15.2	2.689041898	1.51953125	34238.84833	52027
	15.25	3.166248449	1.87109375	34603.82463	64747
	15.3	3.726073196	2.234375	34500.92308	77088
	15.35	3.762449512	2.16796875	31732.92973	68796
	15.4	4.53775991	2.40234375	33103.50569	79526
	15.45	2.495966246	1.171875	31295.14667	36674
	15.5	2.464937268	1.25390625	33422.75389	41909
	15.55	2.895653815	1.51953125	32846.31362	49911
	15.6	2.882727578	1.51171875	30668.4031	46362
	15.65	3.656925056	1.8671875	32603.04603	60876
	15.7	4.169198486	2.05078125	32077.04381	65783
	15.75	4.825391391	2.265625	31522.42759	71418
	15.8	2.303306719	1.04296875	30374.83146	31680
	15.85	2.227715105	0.9921875	30479.11811	30241
	15.9	2.93451249	1.5078125	32340.89119	48764
	15.95	3.212243947	1.66796875	31291.95316	52194
	16	3.72550337	2.0546875	31700.68441	65135
	16.05	4.004278207	2.140625	29955.27007	64123
	16.1	4.670154743	2.35546875	31616.21227	74471
	16.15	5.126015803	2.37109375	31427.26853	74517
	16.2	2.273350758	1.12109375	30488.08362	34180
	16.25	2.327568819	1.1171875	29632.44755	33105
	16.3	2.738442533	1.35546875	28928	39211
	16.35	2.757744718	1.21484375	27567.33119	33490
	16.4	3.148402631	1.6875	29885.03704	50431
	16.45	3.408013566	1.546875	28912.48485	44724
	16.5	3.794229954	1.90625	28706.62295	54722
	16.55	4.349219288	2.046875	28396.45802	58124
	16.6	2.27994701	0.9375	28514.13333	26732
	16.65	2.287323933	1.0546875	28371.43704	29923
	16.7	3.028596403	1.40234375	28625.64903	40143
	16.75	3.407413058	1.640625	28568.38095	46870
	16.8	3.382296309	1.640625	28440.99048	46661
	16.85	1.535130765	0.578125	26587.67568	15371
	16.9	2.193443075	0.828125	27236.22642	22555
	16.95	2.290342302	1.07421875	25127.09818	26992
	17	2.581984607	0.98828125	26780.83794	26467
	17.05	2.932680058	1.26171875	25989.94427	32792
	17.1	4.382599814	2.91015625	22949.97047	66788
	17.15	4.763658242	3.16796875	22292.83354	70623
	17.2	5.246561713	3.47265625	22183.30709	77035
	17.25	5.707180608	3.60546875	22289.75081	80365
	17.3	6.615272985	4.421875	22061.45583	97553
	17.35	3.431642748	2.203125	21577.53191	47538
	17.4	3.890756272	2.4921875	21456.65204	53474
	17.45	4.446744837	3.0859375	21116.11139	65163
	17.5	4.780598305	3.25390625	22339.30372	72690
	17.55	5.253402439	3.546875	21833.02203	77439
	17.6	5.95565515	4.04296875	22025.64638	89049
	17.65	6.820312265	4.67578125	22107.53551	103370
	17.7	7.582497069	4.9921875	21502.59781	107345
	17.75	4.165553468	2.7734375	22021.04789	61074
	17.8	4.40919732	3.04296875	21599.6303	65727
	17.85	5.087217912	3.40625	22462.82569	76514
	17.9	5.875551346	4.05078125	22483.31726	91075
	17.95	6.585509233	4.44921875	21906.31782	97466
	18	7.443693408	4.796875	22885.7329	109780
	18.05	3.734608516	2.66015625	22063.36564	58692
	18.1	3.928226558	2.71875	23527.72414	63966
	18.15	4.55091451	3.15625	23447.12871	74005
	18.2	5.075048072	3.51171875	23986.82981	84235
	18.25	5.847071625	3.80859375	24352.03282	92747
	18.3	2.921706822	2.09375	24554.98507	51412
	18.35	3.280748063	2.4296875	24832	60334
	18.4	3.468814473	2.4453125	25809.78914	63113
	18.45	3.797749938	2.66015625	26365.36858	70136
	18.5	4.125448106	2.953125	26946.03175	79575
	18.55	4.487128063	3.2109375	27814.618	89311
	18.6	5.196719988	3.7578125	28501.42204	107103
	18.65	5.829055189	3.79296875	29013.15757	110046
	18.7	2.952392285	2.2109375	29942.50177	66201
	18.75	3.119650922	2.2421875	30198.63415	67711
	18.8	3.500554156	2.7265625	30699.82808	83705
	18.85	3.896441219	2.89453125	30913.12281	89479
	18.9	4.177662107	3.1796875	27417.7887	87180
	18.95	4.912092588	3.5625	31883.78947	113586
	19	5.52804416	3.78515625	31689.0485	119948
	19.05	6.322943805	4.21875	34028.8	143559
	19.1	2.665177131	2.046875	35461.8626	72586
	19.15	2.875884387	2.33984375	36879.81302	86293
	19.2	3.085039928	2.46875	36854.68354	90985
	19.25	3.420428787	2.6640625	37020.52786	98625
	19.3	3.785610814	3.05078125	38660.2612	117944
	19.35	4.237226307	3.23828125	39549.37515	128072
	19.4	4.698184921	3.57421875	40347.83825	144212
	19.45	5.418981893	3.93359375	39608.30983	155803
	19.5	6.218868152	4.25	39494.11765	167850
	19.55	6.858495628	4.92578125	38211.60349	188222
	19.6	2.839154723	2.4453125	36830.46645	90062
	19.65	3.470817433	2.796875	37733.18436	105535
	19.7	3.630314599	2.93359375	35730.91877	104820
	19.75	4.385280954	3.43359375	36701.19681	126017
	19.8	5.060561224	3.85546875	36985.64539	142597
	19.85	5.760425791	4.1875	36118.92537	151248
	19.9	3.044245578	2.03515625	33575.80038	68332
	19.95	3.321206446	2.359375	31730.43709	74864
	20	3.542477494	2.09375	35024.71642	73333
	20.05	3.893688529	2.15625	34527.07246	74449
	20.1	4.286033174	2.4453125	35353.35463	86450
	20.15	2.200792171	1.03515625	33127.36604	34292
	20.2	2.254854986	1.08203125	31466.74368	34048
	20.25	2.515278535	1.29296875	32946.65861	42599
	20.3	2.760022193	1.45703125	32120.10724	46800
	20.35	3.305590662	1.6875	31829.92593	53713
	20.4	3.77282886	1.79296875	30363.05011	54440
	20.45	1.653975418	0.74609375	30512.25131	22765
	20.5	1.718403834	0.78515625	29643.78109	23275
	20.55	1.998108747	0.88671875	30618.5022	27150
	20.6	1.90996234	0.828125	29968.90566	24818
	20.65	3.413478536	2.1953125	25169.08185	55254
	20.7	3.423303273	1.96484375	23970.86282	47099
	20.75	3.971314147	1.97265625	23736.52277	46824
	20.8	4.712670788	2.4765625	23955.3817	59327
	20.85	4.811744473	2.4140625	23984.05178	57899
	20.9	2.679134682	1.45703125	22955.58177	33447
	20.95	2.506271026	1.38671875	23118.60282	32059
	21	2.892878252	1.8125	24100.96552	43683
	21.05	3.093168507	1.83984375	24323.80467	44752
	21.1	3.359974555	2.09765625	25908.9162	54348
	21.15	3.60822915	2.16796875	25458.85405	55194
	21.2	4.087526544	2.44921875	26566.83892	65068
	21.25	4.65263807	2.69921875	26336.87988	71089
	21.3	2.166097482	1.34375	27104	36421
	21.35	2.541907881	1.5546875	26144.80402	40647
	21.4	2.750498052	1.79296875	27064.61002	48526
	21.45	2.809093622	1.9375	26775.22581	51877
	21.5	3.267699395	2.09765625	29245.97393	61348
	21.55	3.351334798	2.13671875	27131.78793	57973
	21.6	3.659543857	2.3671875	31902.41584	75519
	21.65	4.137863732	2.6875	32079.62791	86214
	21.7	4.574649037	3.046875	31491.61026	95951
	21.75	2.342479951	1.5625	33097.6	51715
	21.8	2.447537049	1.71875	33989.23636	58419
	21.85	2.790026592	1.9921875	34028.92549	67792
	21.9	2.969689905	2.1484375	33959.09818	72959
	21.95	3.203750451	2.33203125	35331.43049	82394
	22	3.50658132	2.546875	35835.28834	91268
	22.05	3.896965819	2.8515625	35439.16712	101057
	22.1	4.509702914	3.1875	37707.29412	120192
	22.15	5.143368846	3.59765625	38066.72747	136951
	22.2	2.333542099	1.82421875	38638.45824	70485
	22.25	2.642884972	2.08984375	39257.48037	82042
	22.3	2.736135993	2.08203125	36015.30957	74985
	22.35	3.04308417	2.44921875	41046.14992	100531
	22.4	3.321264531	2.74609375	40688.34139	111734
	22.45	3.63411687	2.9921875	39981.4517	119632
	22.5	4.3194465	3.30078125	41960.67219	138503
	22.55	4.974056156	3.81640625	41207.61515	157265
	22.6	5.425811892	3.9140625	40593.37325	158885
	22.65	2.879947502	2.1875	37681.82857	82429
	22.7	3.128361959	2.453125	37429.80892	91820
	22.75	3.689816904	2.76171875	37773.94059	104321
	22.8	3.956456049	2.8671875	36745.06812	105355
	22.85	4.638462631	3.2265625	37539.64165	121124
	22.9	5.26289672	3.4140625	37566.97483	128256
	22.95	2.913218053	2.0234375	37426.90347	75731
	23	2.763138523	2.109375	30945.18519	65275
	23.05	3.674176467	2.5625	36504.19512	93542
	23.1	3.983249948	2.9453125	36855.85146	108552
	23.15	4.504026554	3.18359375	36283.83804	115513
	23.2	5.237697184	3.5703125	36849.99562	131566
	23.25	5.989935061	3.83984375	34804.80163	133645
	23.3	2.965169292	2.03515625	35409.07486	72063
	23.35	3.297299346	2.1875	35595.88571	77866
	23.4	3.661505487	2.4609375	33262.12063	81856
	23.45	4.088104301	2.7578125	34915.71671	96291
	23.5	4.583656887	3.05859375	34164.39336	104495
	23.55	5.187945798	3.234375	33230.84058	107481
	23.6	2.654337374	1.734375	32691.31532	56699
	23.65	2.90045611	1.796875	28277.42609	50811
	23.7	3.208334626	2.0234375	31711.38224	64166
	23.75	3.451918925	2.328125	29711.46309	69172
	23.8	3.705227123	2.5390625	31291.47077	79451
	23.85	4.160803485	2.8203125	33350.20499	94058
	23.9	4.536206044	3.015625	33697.82383	101620
	23.95	5.056911044	3.34375	33222.28037	111087
	24	5.624084548	3.53515625	33074.35138	116923
	24.05	2.877276246	1.81640625	33112.08602	60145
	24.1	3.032542312	1.96875	32173.20635	63341
	24.15	3.391996315	2.26171875	32372.72539	73218
	24.2	3.517415551	2.35546875	32201.23383	75849
	24.25	3.965847879	2.57421875	32793.25038	84417
	24.3	4.279976521	2.84375	32525.01099	92493
	24.35	4.705597268	3.16015625	32325.30037	102153
	24.4	5.251635483	3.34765625	32369.81097	108363
	24.45	5.997350711	3.890625	32256	125496
	24.5	2.608780986	1.6015625	31670.32195	50722
	24.55	2.783218787	1.74609375	28553.44966	49857
	24.6	3.270970334	2.140625	30974.13139	66304
	24.65	3.709325249	2.390625	31023.26797	74165
	24.7	3.906674737	2.453125	29133.04459	71467
	24.75	4.736603016	3.046875	30548.02051	93076
	24.8	5.320697327	2.86328125	29555.95089	84627
	24.85	6.019838134	3.45703125	29410.78418	101674
	24.9	6.571576924	3.81640625	29989.99386	114454
	24.95	3.188546018	1.98046875	28794.69822	57027
	25	3.5481307	2.26953125	28805.94836	65376
	25.05	3.971910036	2.5859375	29066.44109	75164
	25.1	4.35888154	2.6953125	28447.90725	76676
	25.15	5.035679056	3.1171875	28367.2381	88426
	25.2	2.511919149	1.390625	27683.95506	38498
	25.25	2.695232914	1.82421875	29095.74304	53077
	25.3	2.888000395	1.9609375	29440	57730
	25.35	3.162357555	2.16015625	30050.60398	64914
	25.4	3.401467994	2.375	28832	68476
	25.45	3.805669119	2.62109375	31491.43368	82542
	25.5	4.021711255	2.8203125	29858.39335	84210
	25.55	4.713180136	3.20703125	32176.1754	103190
	25.6	5.359741075	3.63671875	32184.50698	117046
	25.65	6.074753651	3.734375	32026.51046	119599
	25.7	2.913107592	2.03125	32345.6	65702
	25.75	3.203171509	2.17578125	33879.78456	73715
	25.8	3.369627443	2.46484375	32817.90174	80891
	25.85	3.92705288	2.7265625	33667.66762	91797
	25.9	4.277276486	3.0078125	34208.58182	102893
	25.95	4.828901971	3.34375	32477.00935	108595
	26	5.509660291	3.6171875	33570.55724	121431
	26.05	2.697412499	1.8359375	30578.38298	56140
	26.1	3.081986094	2.046875	32285.80153	66085
	26.15	3.351768586	2.1953125	31782.71886	69773
	26.2	3.39363212	2.140625	24631.12409	52726
	26.25	4.15863246	2.68359375	29615.51092	79476
	26.3	4.749462548	3.01171875	31048.71595	93510
	26.35	2.355549776	1.50390625	28177.28831	42376
	26.4	2.433340701	1.56640625	30149.90524	47227
	26.45	2.762136311	1.85546875	28929.61684	53678
	26.5	3.122975693	1.98828125	28193.1945	56056
	26.55	3.415703471	2.19140625	28786.99465	63084
	26.6	3.59701046	2.30078125	27648.86927	63614
	26.65	4.113141733	2.5546875	27474.59327	70189
	26.7	4.802796597	2.76171875	26903.89816	74301
	26.75	2.114954242	1.39453125	27257.18768	38011
	26.8	2.146593358	1.3828125	27102.0113	37477
	26.85	2.562169436	1.60546875	27240.64234	43734
	26.9	2.885756683	1.859375	25368.20168	47169
	26.95	3.260836263	1.90234375	26202.94045	49847
	27	3.44099816	2.10546875	26037.43228	54821
	27.05	3.844808333	2.359375	25730.54305	60708
	27.1	4.06872148	2.58984375	25544.01207	66155
	27.15	5.053503059	3.10546875	25368.79497	78782
	27.2	1.963440297	1.265625	25088.79012	31753
	27.25	2.422785451	1.48828125	24737.93176	36817
	27.3	2.586451582	1.53515625	25065.85242	38480
	27.35	2.845631855	1.8125	24827.58621	45000
	27.4	3.168151034	1.9921875	25359.56078	50521
	27.45	3.636764971	2.33984375	25305.10851	59210
	27.5	4.121116383	2.5625	25112.97561	64352
	27.55	1.885659288	1.08984375	25525.67742	27819
	27.6	2.226727554	1.2734375	24078.13497	30662
	27.65	2.692895567	1.53515625	24688.69211	37901
	27.7	3.005892259	1.7734375	24460.40529	43379
	27.75	3.408688315	1.984375	24717.10236	49048
	27.8	3.93357354	2.24609375	24206.91478	54371
	27.85	4.716996252	2.51171875	23837.4619	59873
	27.9	2.110906786	1.0078125	23098.54264	23279
	27.95	2.2211486	1.125	23174.22222	26071
	28	2.615107561	1.2734375	22597.10429	28776
	28.05	2.889983206	1.2890625	22602.47273	29136
	28.1	3.38183361	1.8828125	21381.3112	40257
	28.15	3.759603792	2.00390625	22783.50097	45656
	28.2	4.340366631	2.42578125	22507.80032	54599
	28.25	5.077763992	2.84765625	22181.04801	63164
	28.3	2.534495907	1.2734375	20646.47853	26292
	28.35	2.708133241	1.3515625	21252.43931	28724
	28.4	3.152881922	1.64453125	20584.58907	33852
	28.45	3.279716022	1.81640625	21900.93763	39781
	28.5	3.69234062	2.1015625	21425.48699	45027
	28.55	4.097039722	2.3671875	22303.26073	52796
	28.6	4.541992866	2.65234375	21743.4109	57671
	28.65	5.067320431	2.85546875	22832.32832	65197
	28.7	2.614314246	1.296875	21271.13253	27586
	28.75	2.964505668	1.609375	23474.3301	37779
	28.8	3.19834762	1.9140625	24376.94694	46659
	28.85	3.626826452	2.26171875	24236.87737	54817
	28.9	3.824594421	2.1484375	23801.48364	51136
	28.95	4.605302081	2.8359375	24175.07438	68559
	29	2.014571649	1.1171875	24080.11189	26902
	29.05	2.346920886	1.5390625	25114.63959	38653
	29.1	2.292689656	1.5	24978	37467
	29.15	2.854096243	1.8828125	26127.40249	49193
	29.2	3.027710017	1.97265625	26432.3802	52142
	29.25	3.549906346	2.4296875	27729.90354	67375
	29.3	3.788384537	2.59375	27392.38554	71049
	29.35	4.315720284	2.74609375	28028.17639	76968
	29.4	4.8683704	3.00390625	23298.3303	69986
	29.45	5.622483471	3.3828125	29902.04157	101153
	29.5	2.728274491	1.91015625	30690.15951	58623
	29.55	3.022973115	2.12109375	30340.00737	64354
	29.6	3.30163796	2.34375	31112.96	72921
	29.65	3.609594058	2.60546875	31780.07796	82802
	29.7	4.070572686	2.86328125	32396.39836	92760
	29.75	4.690226867	3.30859375	31546.0307	104373
	29.8	5.410910488	3.38671875	33717.29642	114191
	29.85	2.459082565	1.75	34801.71429	60903
	29.9	2.607801736	1.8828125	35071.46888	66033
	29.95	2.899392548	2.19921875	36056.8952	79297
	30	3.359818158	2.5625	35795.5122	91726
	30.05	3.650454791	2.7265625	35254.64756	96124
	30.1	4.196428507	2.84375	36670.59341	104282
	30.15	4.771972381	3.33203125	34580.10785	115222
	30.2	5.646824041	3.77734375	36065.82006	136233
	30.25	2.52337883	1.84375	35381.15254	65234
	30.3	2.740033407	2.01171875	36010.99806	72444
	30.35	3.014745165	2.2734375	35016.13746	79607
	30.4	3.383924017	2.5546875	36194.25076	92465
	30.45	3.75262693	2.8515625	34813.54521	99273
	30.5	4.401163159	3.15625	35878.65347	113242
	30.55	4.627206074	3.14453125	33860.69068	106476
	30.6	5.636180946	3.44921875	35063.5923	120942
	30.65	2.636635703	1.875	35111.46667	65834
	30.7	2.744346858	1.97265625	34667.46931	68387
	30.75	3.037803686	2.30859375	33780.73773	77986
	30.8	3.61555663	2.60546875	33580.13793	87492
	30.85	4.032548431	2.78125	32584.26966	90625
	30.9	4.331688252	2.828125	32347.22652	91482
	30.95	2.414554842	1.57421875	31070.01489	48911
	31	2.563165415	1.67578125	31069.68765	52066
	31.05	2.510189015	1.625	28329.23077	46035
	31.1	3.25821708	2.15625	29974.72464	64633
	31.15	3.226557682	2.0703125	26928.30189	55750
	31.2	4.085254352	2.6015625	28649.32132	74533
	31.25	4.550402155	2.74609375	27450.26458	75381
	31.3	2.034551635	1.22265625	26072.74121	31878
	31.35	2.305175036	1.41015625	26670.80332	37610
	31.4	2.313311544	1.359375	26469.51724	35982
	31.45	2.623176851	1.6328125	26025.64593	42495
	31.5	2.99339766	1.66015625	26185.48706	43472
	31.55	3.510388423	1.90625	24994.62295	47646
	31.6	1.864635366	0.8125	23662.76923	19226
	31.65	1.925651777	0.98046875	23571.37849	23111
	31.7	2.3287894	1.2421875	19951.09434	24783
	31.75	2.374673899	1.1953125	22800.73203	27254
	31.8	2.553302218	1.26171875	22793.51084	28759
	31.85	3.040243786	1.65625	23122.71698	38297
	31.9	3.129011945	1.6953125	21209.06912	35956
	31.95	3.531979821	2.0546875	22998.63118	47255
	32	4.096542854	2.25390625	23056.41594	51967
	32.05	4.877483744	2.734375	23213.71429	63475
	32.1	2.012381211	1.01171875	23280.18533	23553
	32.15	2.447003523	1.4375	24301.21739	34933
	32.2	2.590717955	1.453125	24019.95699	34904
	32.25	2.905796474	1.6640625	25169.12676	41883
	32.3	3.201942728	1.8359375	25016.10213	45928
	32.35	3.73962514	2.26171875	25238.77029	57083
	32.4	4.260804344	2.4375	25553.64103	62287
	32.45	4.560158018	2.64453125	26107.08419	69041
	32.5	2.111981276	1.21875	23025.23077	28062
	32.55	2.444206663	1.41796875	24477.26722	34708
	32.6	2.990307067	1.7890625	26223.23144	46915
	32.65	3.15476676	1.89453125	25585.74845	48473
	32.7	3.606610387	2.2578125	25712.05536	58053
	32.75	4.015857614	2.38671875	26258.22586	62671
	32.8	4.258580728	2.5546875	25265.71254	64546
	32.85	4.687733275	2.82421875	25089.41632	70858
	32.9	5.003404606	2.70703125	25457.40837	68914
	32.95	5.667862576	3.12890625	25473.1186	79703
	33	6.099176122	3.44140625	26334.29285	90627
	33.05	2.874243458	1.6484375	24053.6872	39651
	33.1	3.374381226	2.01171875	25901.23495	52106
	33.15	3.901489916	2.375	24465.68421	58106
	33.2	3.772520843	2.42578125	26946.78261	65367
	33.25	4.249613718	2.828125	27658.96133	78223
	33.3	4.400764556	2.8671875	28452.27248	81578
	33.35	4.880657402	3.05859375	29525.98723	90308
	33.4	5.356445963	3.36328125	27971.49361	94076
	33.45	5.861169442	3.90234375	30698.98699	119798
	33.5	6.356499638	4.01171875	31466.81207	126236
	33.55	7.301997054	4.6875	32802.13333	153760
	33.6	3.705017815	2.51171875	32506.82426	81648
	33.65	4.136857671	2.8515625	32475.17808	92605
	33.7	4.548134423	2.96484375	32209.11726	95495
	33.75	5.213531906	3.4609375	32065.8781	110978
	33.8	5.951668499	3.671875	32691.2	120038
	33.85	6.877216725	4.4765625	31176.37696	139563
	33.9	2.821208976	1.890625	29190.87603	55189
	33.95	3.155527087	2.06640625	30160.09074	62323
	34	3.398047291	2.11328125	29130.52865	61561
	34.05	3.773250652	2.42578125	30610.34461	74254
	34.1	4.092599626	2.7109375	30824.76081	83564
	34.15	4.562187372	2.96875	31553.68421	93675
	34.2	5.198962746	3.05078125	33653.67478	102670
	34.25	2.598615538	1.66015625	31754.24	52717
	34.3	2.424732315	1.546875	33670.46465	52084
	34.35	2.755913403	1.796875	33298.92174	59834
	34.4	2.787155764	1.84375	33906.98305	62516
	34.45	3.191590455	2.21875	33717.1831	74810
	34.5	3.415548513	2.41015625	33524.79741	80800
	34.55	3.878876698	2.63671875	32782.41185	86438
	34.6	3.991113973	2.609375	31992.71856	83481
	34.65	4.565965336	2.83984375	31851.40028	90453
	34.7	5.309546133	3.11328125	31626.76035	98463
	34.75	2.418420817	1.54296875	30029.12405	46334
	34.8	2.671500062	1.7109375	30897.68037	52864
	34.85	2.953200215	2.08984375	29154.33271	60928
	34.9	3.371718717	2.140625	30080	64390
	34.95	3.95137929	2.58203125	28810.26324	74389
	35	4.215896898	2.578125	29668.07273	76488
	35.05	5.03817071	3.00390625	29550.85566	88768
	35.1	2.154111577	1.28515625	28135.1003	36158
	35.15	2.506747717	1.515625	28414.02062	43065
	35.2	2.688273353	1.65234375	27213.46572	44966
	35.25	3.065233095	1.8203125	27452.42918	49972
	35.3	3.612403685	2.23828125	26175.88831	58589
	35.35	4.224813249	2.48046875	25813.26614	64029
	35.4	1.968481686	1.1171875	24728.16783	27626
	35.45	1.886465469	1.05859375	23309.22509	24675
	35.5	2.001010496	1.1796875	25332.98013	29885
	35.55	2.419086029	1.3671875	24926.35429	34079
	35.6	2.557602798	1.5078125	24082.56995	36312
	35.65	2.892654349	1.62109375	24105.94699	39078
	35.7	3.30763501	1.78515625	23944.68271	42745
	35.75	3.651515094	2.15234375	23613.32849	50824
	35.8	4.258446725	2.48046875	23051.28819	57178
	35.85	5.056683288	2.73828125	23123.99429	63320
	35.9	2.015679878	1.19921875	23449.43322	28121
	35.95	2.663943989	1.58984375	23358.89926	37137
	36	3.057911618	1.69921875	23510.8046	39950
	36.05	3.334442954	1.81640625	21261.2129	38619
	36.1	4.355220346	2.2265625	22524.40702	50152
	36.15	2.046293574	1.1328125	22149.29655	25091
	36.2	2.235256917	1.13671875	21171.46392	24066
	36.25	2.613327008	1.16015625	21263.51515	24669
	36.3	2.880909078	1.40625	21535.28889	30284
	36.35	3.053829016	1.45703125	21705.09383	31625
	36.4	3.712574726	2.03125	21616.73846	43909
	36.45	4.284211543	2.0234375	21061.6834	42617
	36.5	1.836329847	0.921875	20552.67797	18947
	36.55	1.981085502	1.0234375	20717.43511	21203
	36.6	2.300272642	1.07421875	20305.92	21813
	36.65	2.579239173	1.25390625	19505.44548	24458
	36.7	2.816278042	1.70703125	18303.12128	31244
	36.75	3.39938371	2.2421875	18479.27526	41434
	36.8	3.112649047	1.41796875	18120.2865	25694
	36.85	4.229494448	2.76953125	17728.2708	49099
	36.9	4.375903188	2.0703125	17863.96981	36984
	36.95	2.591948714	1.58203125	16835.95062	26635
	37	2.097525399	0.89453125	18296.73362	16367
	37.05	2.204589057	0.6875	17787.63636	12229
	37.1	3.179473217	1.578125	16925.14851	26710
	37.15	3.099198099	1.1953125	16664.26144	19919
	37.2	4.347622	3.18359375	15024.53006	47832
	37.25	4.856902829	3.3671875	15621.04872	52599
	37.3	5.533264399	3.9375	15195.68254	59833
	37.35	6.134415713	4.28125	14112.70073	60420
	37.4	7.158798459	4.94140625	14814.20395	73203
	37.45	3.286174108	2.75	14171.63636	38972
	37.5	3.96064423	3.125	15416.32	48176
	37.55	4.565338809	3.5625	15571.36842	55473
	37.6	5.136098773	3.89453125	15808.06419	61565
	37.65	6.018313205	4.47265625	16206.47686	72486
	37.7	7.02207524	4.7890625	15623.30832	74821
	37.75	3.13405825	2.51171875	17923.5832	45019
	37.8	3.370426374	2.75	17440.36364	47961
	37.85	3.801616961	3.0546875	17848.63427	54522
	37.9	4.315169602	3.390625	18315.79724	62102
	37.95	4.715856225	3.7734375	18064.43064	68165
	38	5.552267336	3.94140625	19250.99703	75876
	38.05	6.257728687	4.32421875	19632.2168	84894
	38.1	7.172021476	5.0859375	19627.45315	99824
	38.15	3.70685878	2.74609375	19769.90043	54290
	38.2	4.271433366	3.28125	20342.55238	66749
	38.25	4.399475427	3.15234375	20894.61214	65867
	38.3	5.203946783	4.09765625	21497.41087	88089
	38.35	5.927036575	4.69921875	21834.05486	102603
	38.4	6.424918851	4.890625	22417.99361	109638
	38.45	7.125859291	5.41015625	23346.64549	126309
	38.5	3.320357694	2.2265625	23867.28421	53142
	38.55	3.75404458	2.4609375	23960.38095	58965
	38.6	4.210087159	2.73828125	24379.1612	66757
	38.65	5.067496625	3.27734375	23990.46484	78625
	38.7	5.492054481	3.4609375	23015.15124	79654
	38.75	5.933766963	3.69140625	24131.45397	89079
	38.8	6.872955888	4.30078125	24339.76385	104680
	38.85	7.581563422	4.17578125	22984.68101	95979
	38.9	3.611641435	2.265625	22880.66207	51839
	38.95	3.64920106	1.94140625	21470.00402	41682
	39	4.682462438	2.86328125	22570.95771	64627
	39.05	5.446446924	3.109375	22676.26131	70509
	39.1	2.428247603	1.08203125	21333.94946	23084
	39.15	2.807738819	1.5234375	20659.2	31473
	39.2	3.358907712	1.92578125	20908.39757	40265
	39.25	3.727750845	2.1484375	20835.14182	44763
	39.3	3.840261201	2.03515625	20712.41459	42153
	39.35	4.533338873	2.6484375	21447.74041	56803
	39.4	5.115820624	2.625	21208	55671
	39.45	5.77292547	3.20703125	22516.77467	72212
	39.5	3.046020295	1.48046875	20753.56201	30725
	39.55	3.26921386	1.828125	22412.03419	40972
	39.6	3.222953044	1.71484375	21074.22323	36139
	39.65	3.893678443	2.3515625	22847.78738	53728
	39.7	4.453523203	2.59375	19066.98795	49455
	39.75	4.852330762	2.82421875	22922.79945	64739
	39.8	2.511733976	1.25	19507.2	24384
	39.85	2.752099608	1.6015625	21542.0878	34501
	39.9	3.220349245	1.59375	21424.94118	34146
	39.95	3.231573977	1.48828125	21138.47769	31460
	40	3.854998254	2.1953125	21606.4911	47433
	40.05	4.520717182	2.484375	20706.61635	51443
	40.1	4.995714817	2.65234375	22371.91163	59338
	40.15	2.280043039	1.2265625	20654.47134	25334
	40.2	2.864242595	1.49609375	22239.24804	33272
	40.25	3.124028476	1.81640625	22772.43871	41364
	40.3	3.215587825	1.8515625	23512.57384	43535
	40.35	3.793934103	2.2890625	23377.69283	53513
	40.4	4.412231098	2.515625	23045.56522	57974
	40.45	4.716620505	2.875	23814.6087	68467
	40.5	5.39023843	3.1796875	23320.53071	74152
	40.55	2.253975317	1.3828125	25827.79661	35715
	40.6	2.661345756	1.72265625	25344	43659
	40.65	2.866393807	1.87890625	25235.95842	47416
	40.7	3.260055181	2.26953125	24798.07229	56280
	40.75	3.541403754	2.32421875	25810.39328	59989
	40.8	4.006558258	2.62890625	23265.56909	61163
	40.85	4.438252508	2.81640625	26141.11512	73624
	40.9	2.392495703	1.59375	25359.05882	40416
	40.95	2.821080774	1.83984375	26626.71762	48989
	41	2.900187156	2.0078125	26021.35409	52246
	41.05	3.403217002	2.2578125	27067.34948	61113
	41.1	3.706849081	2.453125	27722.19108	68006
	41.15	3.863763771	2.61328125	27786.14051	72613
	41.2	4.386840085	2.8359375	28481.23416	80771
	41.25	5.135156279	3.046875	28484.92308	86790
	41.3	5.861258352	3.5390625	28320.77704	100229
	41.35	3.135845154	1.87890625	26951.31809	50639
	41.4	3.018598028	2.0703125	26739.92453	55360
	41.45	3.520962481	2.29296875	27785.37649	63711
	41.5	3.812223485	2.5625	27850.53659	71367
	41.55	4.226133696	2.75390625	28326.67234	78009
	41.6	4.784881298	3.08203125	27969.54119	86203
	41.65	5.572843623	3.4609375	29240.92099	101201
	41.7	6.271004304	3.3828125	29707.23326	100494
	41.75	3.234071002	2	31035.5	62071
	41.8	3.117253676	2.078125	28427.54887	59076
	41.85	3.860507131	2.546875	31813.88957	81026
	41.9	4.231682085	2.74609375	30712.35277	84339
	41.95	4.680340922	3.01953125	29566.17853	89276
	42	2.245595023	1.38671875	29738.54648	41239
	42.05	2.165581187	1.375	31800	43725
	42.1	2.646224951	1.765625	32713.06195	57759
	42.15	2.671148377	1.9140625	28970.31837	55451
	42.2	3.181215748	2.1796875	33891.55556	73873
	42.25	3.438264389	2.36328125	32430.75702	76643
	42.3	3.852012371	2.640625	33517.06509	88506
	42.35	4.254523442	2.93359375	34521.48069	101272
	42.4	4.869577834	3.1640625	33067.29877	104627
	42.45	5.686887297	3.34375	34311.7757	114730
	42.5	2.345766023	1.6796875	36398.43721	61138
	42.55	2.816383725	2.06640625	35362.8431	73074
	42.6	2.99736773	2.2109375	36378.68551	80431
	42.65	3.10777636	2.4765625	32857.64038	81374
	42.7	3.522587059	2.703125	34926.24277	94410
	42.75	4.171109216	3.03125	36547.62887	110785
	42.8	4.805472161	3.41796875	35681.13371	121957
	42.85	5.33388155	3.59765625	34625.59826	124571
	42.9	2.589845538	1.9765625	34181.56522	67562
	42.95	2.943762821	2.19140625	33459.79323	73324
	43	3.368079191	2.57421875	33878.23976	87210
	43.05	3.644626544	2.69140625	34710.47896	93420
	43.1	4.098392451	3.05078125	34549.1831	105402
	43.15	4.729411015	3.3984375	35253.84828	119808
	43.2	4.975224827	3.67578125	31789.70457	116852
	43.25	6.172492644	4.1328125	35428.89981	146421
	43.3	3.038916693	2.22265625	33491.90861	74441
	43.35	3.529211925	2.48828125	34321.281	85401
	43.4	3.983008931	2.9140625	32572.39678	94918
	43.45	4.350674952	3.10546875	32239.89937	100120
	43.5	5.146595545	3.40625	34767.85321	118428
	43.55	2.571750226	1.75	33433.71429	58509
	43.6	2.813493412	2.04296875	33579.56405	68602
	43.65	3.236953892	2.25390625	35386.12132	79757
	43.7	3.722559542	2.7578125	35754.06232	98603
	43.75	4.107802214	2.85546875	36095.29959	103069
	43.8	4.808730348	3.19921875	35933.14774	114958
	43.85	5.468099705	3.546875	35750.62555	126803
	43.9	2.481145375	1.76953125	35762.57837	63283
	43.95	2.883255847	2.07421875	35593.16008	73828
	44	3.118558685	2.2890625	35788.45051	81922
	44.05	3.463486789	2.453125	34475.21019	84572
	44.1	4.067948282	2.8359375	34545.5427	97969
	44.15	4.529901158	3.15625	33983.68317	107261
	44.2	5.186931266	3.43359375	33035.35836	113430
	44.25	5.943255623	3.8359375	32666.59063	125307
	44.3	2.583991697	1.7421875	32582.6009	56765
	44.35	2.90265667	2.1640625	34265.64621	74153
	44.4	3.19165755	2.32421875	34389.18992	79928
	44.45	3.590682062	2.73046875	33293.91702	90908
	44.5	3.991257406	2.921875	32629.04813	95338
	44.55	4.522188984	3.296875	32730.38863	107908
	44.6	5.246345529	3.46484375	32722.68771	113379
	44.65	6.063819782	3.9375	32132.06349	126520
	44.7	2.620998301	2.0390625	32045.6092	65343
	44.75	2.94905383	2.2578125	30256.27682	68313
	44.8	3.187706856	2.51171875	31481.62986	79073
	44.85	3.810285844	2.8671875	30954.7248	88753
	44.9	4.266594793	3.03125	30681.73196	93004
	44.95	4.765371849	3.4375	31371.34545	107839
	45	5.738982753	4.02734375	31998.75849	128870
	45.05	2.698391267	2.05859375	31662.39089	65180
	45.1	3.088563527	2.3125	29479.35135	68171
	45.15	3.752534256	2.85546875	29982.46785	85614
	45.2	4.476130612	3.015625	31314.23834	94432
	45.25	5.286150206	3.37890625	30283.17225	102324
	45.3	2.845575753	1.7734375	28688.35242	50877
	45.35	3.255355598	2.1484375	28880.05818	62047
	45.4	3.459361741	2.29296875	29337.07666	67269
	45.45	4.097770756	2.6796875	27699.49854	74226
	45.5	4.56558821	2.8359375	28693.50964	81373
	45.55	2.162199683	1.16015625	26441.26599	30676
	45.6	2.494669906	1.578125	24659.64356	38916
	45.65	2.830832559	1.609375	26014.4466	41867
	45.7	3.081462003	1.796875	25925.0087	46584
	45.75	3.36371635	1.9453125	25416.48193	49443
	45.8	3.660149718	2.203125	26933.56028	59338
	45.85	4.163491493	2.5546875	27005.25994	68990
	45.9	4.435173768	2.65234375	27224.60088	72209
	45.95	5.215600575	2.83203125	26477.46207	74985
	46	2.319820751	1.40234375	26178.31755	36711
	46.05	2.792786411	1.66015625	26297.52471	43658
	46.1	2.864108313	1.67578125	26831.0676	44963
	46.15	3.066255842	1.84375	25581.55932	47166
	46.2	3.360852443	2.03515625	27560.53743	56090
	46.25	3.689119797	2.4140625	26481.08738	63927
	46.3	4.219682059	2.70703125	27048.45022	73221
	46.35	4.494609002	2.65625	27451.85882	72919
	46.4	2.321138168	1.49609375	26331.2376	39394
	46.45	2.484247254	1.66796875	26086.22014	43511
	46.5	2.619241691	1.60546875	27817.42092	44660
	46.55	3.075337405	1.8515625	26780.08439	49585
	46.6	3.347433667	2.07421875	26169.371	54281
	46.65	3.868465839	2.33203125	29039.9196	67722
	46.7	3.974388817	2.54296875	26988.53456	68631
	46.75	4.692807898	2.890625	26552.04324	76752
	46.8	2.135247475	1.26171875	25336.0743	31967
	46.85	2.64059912	1.53515625	25652.11196	39380
	46.9	2.535455566	1.578125	25210.93069	39786
	46.95	3.199984621	2.015625	25546.91473	51493
	47	3.35310755	2.125	25876.23529	54987
	47.05	3.900881377	2.41796875	26625.65428	64380
	47.1	4.496299196	2.8359375	26575.33884	75366
	47.15	4.982804552	2.9453125	25915.07692	76328
	47.2	2.649537834	1.64453125	24789.43468	40767
	47.25	2.81125443	1.75	26847.42857	46983
	47.3	2.930472975	1.8828125	26612.31535	50106
	47.35	3.329630472	2.23828125	26379.61606	59045
	47.4	3.605243873	2.44921875	28015.46411	68616
	47.45	4.036470578	2.671875	27039.06433	72245
	47.5	4.686146961	2.984375	27814.19895	83008
	47.55	5.132061747	3.15625	27281.42574	86107
	47.6	2.443984749	1.59375	28834.5098	45955
	47.65	2.726278076	1.875	28197.33333	52870
	47.7	2.817795396	2.01953125	27946.08897	56438
	47.75	3.104913185	2.1875	31468.8	68838
	47.8	3.405693441	2.46484375	32704.30428	80611
	47.85	3.766424596	2.68359375	33903.41776	90983
	47.9	4.079058112	3	33046.66667	99140
	47.95	4.593891449	3.17578125	35634.69619	113168
	48	5.244900185	3.71484375	33533.57729	124572
	48.05	2.773146653	1.953125	36549.12	71385
	48.1	3.112144177	2.3671875	34567.60396	81828
	48.15	3.513282257	2.49609375	36503.43662	91116
	48.2	3.765466014	2.75390625	35937.67943	98969
	48.25	4.094458186	2.86328125	36862.603	105548
	48.3	4.647403616	3.17578125	37618.46002	119468
	48.35	5.271533093	3.69140625	36070.53545	133151
	48.4	5.927737639	4.1953125	37163.14339	155911
	48.45	2.8744887	2.10546875	38465.5436	80988
	48.5	3.255785292	2.4921875	36736	91553
	48.55	3.434367065	2.54296875	36088.52842	91772
	48.6	3.826181546	2.796875	36212.55866	101282
	48.65	4.107818423	2.9765625	37702.55118	112224
	48.7	4.612937354	3.17578125	38544.21648	122408
	48.75	5.449424009	3.5	38128	133448
	48.8	2.672088798	2.03515625	40181.68138	81776
	48.85	2.826243647	2.171875	40225.61151	87365
	48.9	3.216206155	2.55859375	38980.00611	99734
	48.95	3.528123512	2.7109375	41767.10086	113228
	49	3.961370017	3.17578125	39594.66667	125744
	49.05	4.537712014	3.484375	41783.39013	145589
	49.1	5.173555074	3.65234375	42387.57647	154814
	49.15	5.897869048	4.2578125	39940.46239	170059
	49.2	2.982018357	2.1484375	41622.80727	89424
	49.25	3.078268013	2.27734375	42153.0566	95997
	49.3	3.474331849	2.65625	42106.35294	111845
	49.35	3.956448483	3.046875	39976.36923	121803
	49.4	4.351788018	3.33203125	39705.20985	132299
	49.45	4.95670922	3.47265625	40816.30596	141741
	49.5	5.538054226	3.7890625	40790.56495	154558
	49.55	2.772390419	2.01171875	40774.08932	82026
	49.6	2.935088183	2.1328125	41023.2967	87495
	49.65	3.386573981	2.4375	41156.51282	100319
	49.7	3.728898398	2.59375	42229.9759	109534
	49.75	4.077105274	3.05859375	35935.79566	109913
	49.8	4.6365715	3.078125	41517.80711	127797
	49.85	5.389654217	3.5234375	41584.10643	146519
	49.9	2.194130205	1.62109375	41995.10361	68078
	49.95	2.516294555	1.77734375	40954.37363	72790
	50	2.486076469	1.8359375	41900.11915	76926
	50.05	2.792637567	2.03515625	39167.50864	79712
	50.1	3.040537552	2.171875	40579.68345	88134
	50.15	3.369205646	2.42578125	39275.5942	95274
	50.2	3.940309173	2.7578125	39072.27195	107754
	50.25	4.585928917	3.03515625	36826.11068	111773
	50.3	5.329681124	3.2265625	36002.40194	116164
	50.35	2.317440979	1.49609375	36627.38381	54798
	50.4	2.814559021	1.9296875	35352.35628	68219
	50.45	2.894963588	2	34684.5	69369
	50.5	3.273749772	2.1875	35024	76615
	50.55	3.831515228	2.46484375	34712.95087	85562
	50.6	4.330671021	2.8359375	32491.54821	92144
	50.65	5.199446076	2.75	32565.45455	89555
	50.7	2.045550466	1.2734375	30747.48466	39155
	50.75	2.37982523	1.54296875	31759.55443	49004
	50.8	2.591947475	1.7421875	31148.19731	54266
	50.85	2.822791972	1.87109375	31665.97077	59250
	50.9	3.197831648	2.25	29521.77778	66424
	50.95	3.523100056	2.32421875	30419.68403	70702
	51	3.95775139	2.67578125	30006.93723	80292
	51.05	4.271337691	2.59375	26631.3253	69075
	51.1	5.244199204	2.82421875	28566.13001	80677
	51.15	2.417411229	1.48828125	27943.64304	41588
	51.2	2.707145095	1.82421875	28417.09636	51839
	51.25	3.056269728	1.984375	29050.96063	57648
	51.3	3.324211217	2.28125	28022.79452	63927
	51.35	3.644940119	2.6015625	28864.57658	75093
	51.4	3.86048874	2.6796875	29083.61516	77935
	51.45	4.42039844	2.99609375	30471.34289	91295
	51.5	5.277125304	3.3359375	31264.37471	104296
	51.55	5.626227121	3.76171875	27448.62305	103254
	51.6	2.75963237	1.796875	31112.90435	55906
	51.65	2.968098665	2.0625	30909.57576	63751
	51.7	3.402314166	2.546875	29795.73006	75886
	51.75	3.786817385	2.58984375	30960.16893	80182
	51.8	4.266334243	2.9921875	29635.50914	88675
	51.85	4.815328865	3.1171875	30354.60652	94621
	51.9	5.397924119	3.578125	29537.81659	105690
	51.95	6.056991604	3.86328125	30711.71689	118648
	52	2.905956049	2.12890625	29392.08807	62573
	52.05	3.147424146	2.35546875	29366.97844	69173
	52.1	3.642220165	2.69140625	30022.22351	80802
	52.15	3.907731225	2.66796875	30294.95754	80826
	52.2	4.401460792	3.25390625	28908.02401	94064
	52.25	5.044104933	3.4375	29572.07273	101654
	52.3	5.683332629	3.91796875	28803.19043	112850
	52.35	2.723847263	1.94140625	30315.65392	58855
	52.4	3.101650381	2.30078125	29629.50085	68171
	52.45	3.485181888	2.6484375	30012.79056	79487
	52.5	3.758987635	2.74609375	32197.73542	88418
	52.55	4.227933541	2.84765625	32193.49246	91676
	52.6	4.90756461	3.3671875	28914.04176	97359
	52.65	2.483150609	1.75390625	32283.93764	56623
	52.7	2.777103187	2.015625	30609.86047	61698
	52.75	2.96909767	2.14453125	32752.14572	70238
	52.8	3.350496842	2.50390625	31036.30577	77712
	52.85	3.661184019	2.69921875	33137.73661	89446
	52.9	4.063291666	3.04296875	32515.94352	98945
	52.95	4.538125559	3.19921875	35121.38706	112361
	53	5.020319436	3.58984375	33752.1654	121165
	53.05	2.390959498	1.76953125	36496.67108	64582
	53.1	2.581473859	1.94921875	35156.6493	68528
	53.15	2.900716266	2.17578125	37320.38779	81201
	53.2	3.17470925	2.4296875	37638.17363	91449
	53.25	3.445137135	2.7578125	36609.45042	100962
	53.3	3.897710061	2.953125	39031.87302	115266
	53.35	4.393601736	3.15234375	39563.57869	124718
	53.4	4.991762505	3.5625	37609.82456	133985
	53.45	5.827569062	3.85546875	38240.48632	147435
	53.5	2.775880769	2.21875	39611.94366	87889
	53.55	2.964374304	2.38671875	39339.36498	93892
	53.6	3.311189315	2.60546875	39689.5952	103410
	53.65	3.704190539	2.9140625	39078.09115	113876
	53.7	4.215673758	3.2109375	38356.08759	123159
	53.75	4.691826818	3.5078125	39368.12472	138096
	53.8	5.335566916	3.79296875	38549.48713	146217
	53.85	2.147492662	1.75390625	39351.5902	69019
	53.9	2.401502568	1.92578125	39002.87221	75111
	53.95	2.736679709	2.24609375	38844.77217	87249
	54	3.080682388	2.47265625	38691.58926	95671
	54.05	3.380270886	2.703125	37986.77457	102683
	54.1	3.757769652	3.01953125	38732.17076	116953
	54.15	4.113756301	3.25390625	37637.83914	122470
	54.2	4.79037426	3.78515625	36923.70691	139762
	54.25	5.469168581	4.140625	37615.81887	155753
	54.3	5.995984788	4.5625	36662.79452	167274
	54.35	6.796411303	4.84765625	37150.32393	180092
	54.4	3.56821203	2.6953125	36980.49855	99674
	54.45	3.88072439	2.8671875	37323.33515	107013
	54.5	4.500675298	3.2734375	36357.49881	119014
	54.55	5.008108361	3.6953125	34704.77801	128245
	54.6	5.841206009	3.93359375	35579.67825	139956
	54.65	2.555223661	1.7734375	34421.85022	61045
	54.7	2.724026128	1.96875	34249.14286	67428
	54.75	3.021574792	2.17578125	32993.66607	71787
	54.8	3.063695624	2.3359375	28596.65552	66800
	54.85	4.248690336	2.90234375	32100.95289	93168
	54.9	4.889356159	3.08984375	31377.31479	96951
	54.95	2.450195504	1.62109375	29964.33735	48575
	55	2.656725424	1.78515625	30143.01969	53810
	55.05	3.073748325	2.015625	28700.27907	57849
	55.1	3.319189549	2.24609375	27977.01565	62839
	55.15	3.749693637	2.46875	29388.96203	72554
	55.2	4.147501036	2.609375	28220.16766	73637
	55.25	4.990870572	2.9375	29080.85106	85425
	55.3	2.220966486	1.25	27768	34710
	55.35	2.843651209	1.5859375	26455.01478	41956
	55.4	3.177246073	1.81640625	24741.16129	44940
	55.45	3.439448427	2.00390625	24152.82651	48400
	55.5	3.847166728	1.75	19785.14286	34624
	55.55	3.883584059	2.19921875	23620.66075	51947
	55.6	4.809386565	2.48046875	23349.21575	57917
	55.65	1.857122827	0.8984375	24837.56522	22315
	55.7	2.378342074	1.47265625	23872.50928	35156
	55.75	2.375225913	1.3828125	24419.07345	33767
	55.8	2.752955505	1.55078125	24654.02519	38233
	55.85	2.740477063	1.640625	25271.46667	41461
	55.9	3.351662148	2.0703125	23872.72453	49424
	55.95	3.6459895	2.1796875	27000.6595	58853
	56	4.087023231	2.5	26484.4	66211
	56.05	4.809934312	3.0234375	25769.34367	77912
	56.1	4.959390167	2.8671875	26472.98093	75903
	56.15	2.47233706	1.51171875	26818.48062	40542
	56.2	2.767182703	1.7109375	26106.15525	44666
	56.25	3.054843739	1.92578125	27324.49493	52621
	56.3	3.296896873	2.05859375	27754.3833	57135
	56.35	3.524404303	2.296875	25236.46259	57965
	56.4	4.185462708	2.75390625	27191.92057	74884
	56.45	4.683019743	2.86328125	28564.43111	81788
	56.5	5.237153197	3.12109375	27727.13892	86539
	56.55	2.372489233	1.3984375	25411.21788	35536
	56.6	2.737674282	1.65625	25682.11321	42536
	56.65	2.899496578	1.7578125	24446.86222	42973
	56.7	3.160573578	2.06640625	25603.38752	52907
	56.75	3.54082669	2.0859375	25714.09738	53638
	56.8	4.214893788	2.421875	25020.69677	60597
	56.85	4.59777381	2.546875	24334.92025	61978
	56.9	2.092204152	1.04296875	24243.29588	25285
	56.95	2.509501648	1.34765625	24472.11594	32980
	57	2.784852257	1.6171875	23908.17391	38664
	57.05	3.080303396	1.76953125	23759.39956	42043
	57.1	3.353959819	2.0703125	23928.2717	49539
	57.15	4.005172923	2.20703125	23895.44779	52738
	57.2	4.592132305	2.3984375	24324.58632	58341
	57.25	2.002304221	1.0234375	23248.12214	23793
	57.3	2.04759575	1.19921875	23560.33876	28254
	57.35	2.518537612	1.46484375	24045.568	35223
	57.4	2.935660284	1.63671875	22452.23866	36748
	57.45	3.211036402	1.69140625	22149.61663	37464
	57.5	3.520565573	1.92578125	22007.69168	42382
	57.55	3.83352253	2.29296875	23424.21806	53711
	57.6	4.053061119	2.328125	23472.10738	54646
	57.65	4.837099495	2.5703125	23311.17325	59917
	57.7	2.018928255	1.19921875	23339.36156	27989
	57.75	2.600343062	1.5390625	24683.85787	37990
	57.8	2.713049718	1.7109375	25328.21918	43335
	57.85	3.062471794	1.984375	25722.96063	51044
	57.9	3.357143981	2.2734375	25756.1512	58555
	57.95	3.550783026	2.38671875	27785.84615	66317
	58	3.638284808	2.50390625	29419.23245	73663
	58.05	4.217606947	2.91015625	28826.9745	83891
	58.1	4.610826978	3.08203125	30330.32193	93479
	58.15	5.549095884	3.515625	30704.35556	107945
	58.2	2.413554339	1.78515625	32152.36761	57397
	58.25	2.747482797	2.046875	33109.00763	67770
	58.3	2.978259574	2.10546875	34787.97774	73245
	58.35	3.325744418	2.40625	34594.07792	83242
	58.4	3.518700953	2.5703125	36326.32219	93370
	58.45	4.056336133	2.86328125	35649.65894	102075
	58.5	4.540795235	3.0390625	35104.90488	106686
	58.55	5.312381862	3.44140625	34575.40068	118988
	58.6	2.508067857	1.76953125	34864.03532	61693
	58.65	2.698818373	1.90625	35665.31148	67987
	58.7	2.953396043	2.1875	36381.25714	79584
	58.75	3.250531144	2.42578125	35867.20773	87006
	58.8	3.548836666	2.671875	36843.78947	98442
	58.85	4.011977854	2.95703125	38191.00661	112932
	58.9	4.575267712	3.3515625	36933.81818	123786
	58.95	5.238693934	3.73046875	37584.55288	140208
	59	6.062236239	4.28125	38127.41606	163233
	59.05	7.024214387	5.01171875	37802.79969	189457
	59.1	3.561956111	2.59375	36073.63855	93566
	59.15	4.146080461	2.99609375	36703.45763	109967
	59.2	4.512102141	3.23828125	31433.34138	101790
	59.25	5.448388764	3.640625	34959.38197	127274
	59.3	2.782444898	1.921875	32189.9187	61865
	59.35	3.11597279	2.109375	33110.28148	69842
	59.4	3.472470285	2.48828125	31137.5573	77479
	59.45	4.078709963	2.80078125	31690.08647	88757
	59.5	4.438183593	3.125	27881.28	87129
	59.55	5.245534423	3.1171875	31500.83208	98194
	59.6	2.535556227	1.59765625	29955.12958	47858
	59.65	2.530835845	1.44140625	26923.01355	38807
	59.7	3.035380751	2.08984375	29484.50093	61618
	59.75	3.377392247	2.203125	28151.37589	62021
	59.8	3.740262091	2.46484375	28909.74326	71258
	59.85	4.091136404	2.69140625	27834.14804	74913
	59.9	4.686949142	2.9375	29858.04255	87708
	59.95	2.163183444	1.3828125	29222.32768	40409
	60	2.415521788	1.6484375	31889.59242	52568
	60.05	2.526502608	1.80859375	30291.49028	54785
	60.1	3.020517164	2.21484375	32000	70875
	60.15	3.245206478	2.34765625	32612.09983	76562
	60.2	3.486383769	2.703125	27619.88439	74660
	60.25	4.04628354	2.77734375	32820.92827	91155
	60.3	4.822071653	3.11328125	32628.27604	101581
	60.35	2.003990713	1.48828125	34931.56955	51988
	60.4	2.161515905	1.6953125	33260.53456	56387
	60.45	2.407280135	1.81640625	35171.64731	63886
	60.5	2.32853057	1.91015625	30597.49693	58446
	60.55	3.087479373	2.3515625	33585.3289	78978
	60.6	3.536884697	2.80859375	31984.68985	89832
	60.65	3.849827118	2.75	32193.81818	88533
	60.7	4.561475728	2.9921875	32591.20627	97519
	60.75	2.269640154	1.7734375	28819.17181	51109
	60.8	2.756816132	2.046875	32341.00763	66198
	60.85	2.846950193	2.1953125	31633.30961	69445
	60.9	3.252301589	2.51171875	32422.81804	81437
	60.95	3.567043856	2.60546875	33448.10795	87148
	61	4.192723265	2.9921875	34016.58486	101784
	61.05	4.58356211	3.3359375	29297.91101	97736
	61.1	5.584911178	3.88671875	33568.1608	130470
	61.15	2.615432267	1.77734375	33587.2	59696
	61.2	3.086967728	2.28125	31538.84932	71948
	61.25	3.41796345	2.46484375	31742.37718	78240
	61.3	3.844383003	2.75	30767.27273	84610
	61.35	4.431651634	2.96484375	29828.21607	88436
	61.4	5.177876525	3.28515625	28201.70273	92647
	61.45	2.271478185	1.5	29279.33333	43919
	61.5	2.57033457	1.82421875	29682.84368	54148
	61.55	2.843702766	1.95703125	30186.53892	59076
	61.6	3.147142289	2.2265625	28506.72281	63472
	61.65	3.546504035	2.3828125	29752.23607	70894
	61.7	4.142958626	2.734375	29446.94857	80519
	61.75	4.664385716	2.83984375	28326.55846	80443
	61.8	2.00534509	1.4140625	27445.03867	38809
	61.85	2.064951772	1.46875	28957.95745	42532
	61.9	2.258106737	1.59765625	28672	45808
	61.95	2.55901527	1.796875	29397.70435	52824
	62	2.732810989	1.94921875	28991.61523	56511
	62.05	3.11693349	2.23828125	29106.26178	65148
	62.1	3.349733333	2.44921875	28455.60447	69694
	62.15	4.042168725	2.8359375	27594.04959	78255
	62.2	4.266175505	2.77734375	27959.08861	77652
	62.25	5.119869668	3.23046875	27128.88029	87639
	62.3	2.425621502	1.703125	27529.3945	46886
	62.35	2.605380615	1.890625	27842.1157	52639
	62.4	2.876730188	2.0546875	27234.79848	55959
	62.45	3.379355745	2.41015625	26854.27553	64723
	62.5	3.746242976	2.484375	27367.04403	67990
	62.55	4.636522826	2.95703125	26090.69485	77151
	62.6	2.640905475	1.36328125	24818.79656	33835
	62.65	2.74203845	1.27734375	24258.93578	30987
	62.7	3.046218292	1.8515625	25547.07173	47302
	62.75	3.298131931	2.09375	24371.58209	51028
	62.8	3.688544813	2.26171875	25534.56304	57752
	62.85	4.486918043	2.47265625	23388.20853	57831
	62.9	2.389338767	1.34765625	23379.84928	31508
	62.95	2.50755578	1.4765625	22007.19577	32495
	63	3.116431136	1.8125	23330.2069	42286
	63.05	3.063122035	1.5	20343.33333	30515
	63.1	4.01915393	2.51171875	22798.73095	57264
	63.15	4.53586817	2.6015625	23356.34835	60763
	63.2	2.281672286	1.13671875	22269.36082	25314
	63.25	2.443428778	1.40234375	22576.49025	31660
	63.3	3.042880811	1.6796875	23072.14884	38754
	63.35	3.0485936	1.57421875	21983.60298	34607
	63.4	3.768599246	2.3125	22535.78378	52114
	63.45	4.253542145	2.546875	21677.93865	55211
	63.5	5.303527367	3.046875	23719.38462	72270
	63.55	2.074244188	1.21484375	21569.02894	26203
	63.6	2.636744169	1.77734375	25395.76264	45137
	63.65	2.824107549	1.84765625	22463.59408	41505
	63.7	3.256671751	2.3046875	26723.36271	61589
	63.75	3.501804094	2.4765625	27273.28707	67544
	63.8	4.006713482	2.94921875	26430.3894	77949
	63.85	4.334225507	3.00390625	28710.28349	86243
	63.9	5.03132722	3.4609375	27897.93228	96553
	63.95	2.429745625	1.70703125	30742.84668	52479
	64	2.792895454	2.10546875	26842.00371	56515
	64.05	2.995818432	2.21484375	30000.7619	66447
	64.1	3.621489225	2.72265625	29582.87518	80544
	64.15	3.889298601	2.81640625	30205.1595	85070
	64.2	4.459041961	3.078125	30485.44162	93838
	64.25	5.136814774	3.60546875	29217.00542	105341
	64.3	2.269984222	1.640625	32167.61905	52775
	64.35	2.558995456	1.80859375	31122.52268	56288
	64.4	2.817547908	2.08203125	31844.38274	66301
	64.45	3.036731822	2.19921875	32190.5222	70794
	64.5	3.511275683	2.640625	29935.71598	79049
	64.55	3.795126332	2.71875	30877.42529	83948
	64.6	4.466215611	3.15625	28824.71287	90978
	64.65	5.337492359	3.42578125	29566.68643	101289
	64.7	2.624539549	1.68359375	27254.7935	45886
	64.75	2.832622105	1.8828125	26108.81328	49158
	64.8	3.368073527	2.1796875	26767.13978	58344
	64.85	3.592950327	2.23046875	25480.29422	56833
	64.9	4.372599725	2.5546875	26077.94495	66621
	64.95	4.46594393	2.28515625	23752.42393	54278
	65	2.523714206	1.375	23573.09091	32413
	65.05	2.710053539	1.58984375	22525.48403	35812
	65.1	3.171451238	2.0078125	21486.07004	43140
	65.15	3.61197305	2.27734375	21555.37564	49089
	65.2	3.718543895	2.15625	21598.14493	46571
	65.25	4.309934003	2.328125	21249.71812	49472
	65.3	4.703658383	2.1875	20739.65714	45368
	65.35	5.69864505	2.67578125	19710.50511	52741
	65.4	3.028837262	1.86328125	17164.8805	31983
	65.45	3.562358366	2.1875	17820.34286	38982
	65.5	4.086272583	3.11328125	16522.43915	51439
	65.55	4.57391549	3.12109375	16487.80976	51460
	65.6	5.415948453	3.9765625	15945.9332	63410
	65.65	6.221836469	4.37890625	15530.59054	68007
	65.7	7.091990951	5.01171875	15152.68589	75941
	65.75	3.641424422	2.71875	15293.7931	41580
	65.8	4.125951872	2.96484375	15517.17523	46006
	65.85	4.571741297	3.1953125	15624.13692	49924
	65.9	5.450726834	4.07421875	15318.7651	62412
	65.95	6.005448544	4.2265625	15668.52495	66224
	66	6.844277667	5.171875	14632.60423	75678
	66.05	3.120042043	2.5703125	14833.21581	38126
	66.1	3.58221532	2.84375	15318.50549	43562
	66.15	4.201865981	3.0625	15383.18367	47111
	66.2	4.834531906	3.484375	15671.39013	54605
	66.25	5.127070255	3.69140625	15624.66878	57677
	66.3	5.789610925	4.35546875	15735.39013	68535
	66.35	6.841118122	5.078125	15691.42154	79683
	66.4	7.454283987	5.32421875	16075.78577	85591
	66.45	3.505854851	2.609375	16229.17365	42348
	66.5	3.81275544	3.0859375	15531.74684	47930
	66.55	4.176779792	3.13671875	16250.10212	50972
	66.6	4.566912668	3.37109375	16843.49479	56781
	66.65	5.276886895	3.78125	17142.7438	64821
	66.7	5.750740634	4.19921875	16554.03163	69514
	66.75	6.352241233	4.640625	16844.7138	78170
	66.8	3.003225403	2.18359375	15785.44544	34469
	66.85	3.327698477	2.3984375	16708.79479	40075
	66.9	3.812923161	2.76171875	16468.72984	45482
	66.95	3.805047926	2.9609375	15764.93931	46679
	67	4.47912226	3.15234375	16989.58116	53557
	67.05	4.902636355	3.2421875	17120.53976	55508
	67.1	5.212948392	3.45703125	16980.7548	58703
	67.15	6.044127964	4.2578125	17320.39633	73747
	67.2	6.91840593	4.66015625	16931.40654	78903
	67.25	3.696159124	2.6796875	17198.27405	46086
	67.3	3.639179212	3.21484375	14706.78007	47280
	67.35	4.637678383	3.1953125	16538.28851	52845
	67.4	5.115348276	3.43359375	16849.40159	57854
	67.45	6.102007994	3.6796875	16884.58599	62130
	67.5	2.875294376	2.078125	16381.11278	34042
	67.55	3.097837258	2.38671875	15722.84124	37526
	67.6	3.662114315	2.8515625	15553.92877	44353
	67.65	3.928549477	3.06640625	15160.41783	46488
	67.7	4.248969512	3.5859375	13377.2549	47970
	67.75	5.131335737	3.69140625	14583.06032	53832
	67.8	5.794926425	4.25390625	14121.60882	60072
	67.85	6.751397726	4.6484375	14324.81345	66588
	67.9	3.347581754	2.81640625	13536.04438	38123
	67.95	3.52009012	2.7421875	14733.49288	40402
	68	4.10621882	3.47265625	14144.50394	49119
	68.05	4.339623916	3.24609375	15747.54272	51118
	68.1	4.753030026	3.5703125	15276.814	54543
	68.15	5.543579014	4.1484375	15902.13183	65969
	68.2	2.565073666	2.03515625	15937.84261	32436
	68.25	2.987206167	2.30859375	15972.92724	36875
	68.3	3.27711122	2.73828125	15649.23252	42852
	68.35	3.510666675	2.8203125	17074.34903	48155
	68.4	3.903331084	3.08984375	17077.88622	52768
	68.45	4.349580208	3.22265625	17857.00848	57547
	68.5	5.177885251	3.7109375	18543.83158	68815
	68.55	5.871982198	4.22265625	18897.11008	79796
	68.6	2.568820295	1.96484375	19461.08946	38238
	68.65	2.905871955	2.20703125	19587.85133	43231
	68.7	3.071146014	2.390625	20249.93464	48410
	68.75	3.411226509	2.78125	19393.79775	53939
	68.8	3.820774885	2.97265625	20468.56242	60846
	68.85	4.261345635	3.01953125	20690.29754	62475
	68.9	4.924511835	3.44140625	20555.25993	70739
	68.95	2.318509054	1.89453125	20533.83918	38902
	69	2.434274142	1.98828125	20349.23379	40460
	69.05	2.630497055	2.17578125	19696.83303	42856
	69.1	3.014065844	2.41015625	20010.32091	48228
	69.15	3.336244691	2.73046875	19844.94421	54186
	69.2	3.645063067	2.91796875	19613.98661	57233
	69.25	3.936765028	3.2421875	18879.84578	61212
	69.3	4.610389229	3.28125	20645.79048	67744
	69.35	2.37177546	1.8046875	20246.71861	36539
	69.4	2.573698956	2.0078125	20255.87549	40670
	69.45	2.789037006	2.1328125	19990.50549	42636
	69.5	3.145860968	2.38671875	20697.45336	49399
	69.55	3.436141218	2.87109375	20519.35782	58913
	69.6	3.932196287	3.03515625	21811.39768	66201
	69.65	4.088254729	3.04296875	23142.53145	70422
	69.7	4.565348913	3.1875	23740.23529	75672
	69.75	5.161930976	3.55859375	24482.1427	87122
	69.8	5.782906663	4.12109375	24913.53175	102671
	69.85	3.004080379	2.4140625	21505.24272	51915
	69.9	3.629795936	2.70703125	25013.0101	67711
	69.95	3.761031189	2.94921875	24243.36954	71499
	70	4.111876934	2.6171875	26897.95821	70397
	70.05	4.94146573	3.05859375	26174.12005	80056
	70.1	5.524895293	3.38671875	28144.05536	95316
	70.15	2.612618316	1.87890625	28408.01663	53376
	70.2	2.77350727	1.9921875	30754.13333	61268
	70.25	3.195236616	2.3359375	31017.95318	72456
	70.3	3.41693407	2.41015625	32557.64019	78469
	70.35	3.710731282	2.84765625	29107.44582	82888
	70.4	3.974009309	3.02734375	30084.12903	91075
	70.45	4.621555184	3.33203125	33943.25909	113100
	70.5	4.942032628	3.58203125	33565.31298	120232
	70.55	5.881046577	4.05859375	35742.92204	145066
	70.6	2.574793732	1.90234375	38166.07803	72605
	70.65	2.702303633	2.140625	39042.33577	83575
	70.7	3.093031561	2.4765625	38951.16719	96465
	70.75	3.309831601	2.48828125	40151.40973	99908
	70.8	3.717313512	2.91796875	39618.65596	115606
	70.85	3.937083239	2.87109375	40650.7102	116712
	70.9	4.506878708	3.44921875	38927.94564	134271
	70.95	4.999681055	3.55078125	40169.75138	142634
	71	5.765636532	4.17578125	39961.86342	166872
	71.05	2.81457579	2.171875	41935.65468	91079
	71.1	3.133137416	2.4375	42198.97436	102860
	71.15	3.313747113	2.65234375	40651.21649	107821
	71.2	3.666832559	2.83984375	42447.75791	120545
	71.25	4.16985298	3.2421875	41552.80964	134722
	71.3	4.525815845	3.47265625	41375.82002	143684
	71.35	5.424404379	4.1328125	40920.31758	169116
	71.4	5.363215185	4.09375	36594.07634	149807
	71.45	2.918117512	2.11328125	39633.15342	83756
	71.5	2.949933468	2.13671875	39968.76051	85402
	71.55	3.564686848	2.73046875	37813.65379	103249
	71.6	3.765428071	2.68359375	39813.77584	106844
	71.65	4.361773191	3.20703125	37526.60658	120349
	71.7	4.820451926	3.51171875	38407.11902	134875
	71.75	5.276325896	3.56640625	38543.84228	137463
	71.8	5.970798039	3.99609375	38237.09091	152799
	71.85	3.023098334	2.16015625	34836.83183	75253
	71.9	3.23972186	2.18359375	35524.92308	77572
	71.95	3.619547868	2.4453125	34524.42173	84423
	72	4.258460072	2.90625	32629.33333	94829
	72.05	4.846689142	2.72265625	33597.33716	91474
	72.1	5.280592076	3.2890625	31569.78622	103835
	72.15	5.916129039	3.75390625	31141.69407	116903
	72.2	2.747090013	1.71484375	29372.9385	50370
	72.25	3.033836706	1.96484375	28962.60835	56907
	72.3	3.372648478	2.1640625	28577.27076	61843
	72.35	3.752350521	2.15625	28741.56522	61974
	72.4	4.08505942	2.58203125	28058.14221	72447
	72.45	4.633370158	2.609375	27882.92216	72757
	72.5	2.046994497	1.203125	26848.41558	32302
	72.55	2.699667685	1.34765625	26147.61739	35238
	72.6	2.706374336	1.51171875	25835.49354	39056
	72.65	3.064013221	1.8125	26049.65517	47215
	72.7	3.498820535	2.1171875	25506.4797	54002
	72.75	3.78191596	2.4140625	24557.77346	59284
	72.8	4.225502743	2.671875	25257.91813	67486
	72.85	4.578727707	2.52734375	25366.949	64111
	72.9	2.07115472	1.2265625	25825.83439	31677
	72.95	2.326425136	1.41015625	24617.83934	34715
	73	2.610251569	1.55078125	26063.63728	40419
	73.05	3.113470854	1.88671875	25016.4472	47199
	73.1	3.560952349	2.3828125	25832.49836	61554
	73.15	3.753223923	2.51171875	27110.91757	68095
	73.2	4.36992916	2.89453125	23792.79892	68869
	73.25	4.85426336	2.984375	27774.32461	82889
	73.3	2.488008361	1.640625	28392.8381	46582
	73.35	2.913424626	1.89453125	27452.70103	52010
	73.4	2.884243018	1.9765625	28273.83399	55885
	73.45	3.257863413	2.25	29281.33333	65883
	73.5	3.386718915	2.375	30666.52632	72833
	73.55	3.799524413	2.87890625	30053.77476	86522
	73.6	4.035254072	2.87890625	31814.86024	91592
	73.65	4.481482278	3.1328125	33017.61596	103438
	73.7	5.334339045	3.5625	32940.91228	117352
	73.75	2.463868679	1.8984375	33418.00823	63442
	73.8	2.755939791	2.08203125	34677.67355	72200
	73.85	2.964682928	2.2109375	34224.84806	75669
	73.9	3.351873148	2.6015625	33711.27928	87702
	73.95	3.687302472	2.7890625	33816.7395	94317
	74	4.201436758	3.25	33086.46154	107531
	74.05	4.87117144	3.4609375	34590.04966	119714
	74.1	5.526214087	4.1171875	33575.34725	138236
	74.15	2.51963199	1.875	34165.33333	64060
	74.2	2.770619024	2.16015625	34394.27125	74297
	74.25	3.077971234	2.3125	33669.62162	77861
	74.3	3.418222617	2.5703125	33713.79939	86655
	74.35	4.060432757	3.10546875	31448.39245	97662
	74.4	4.458860892	3.2265625	32378.11138	104470
	74.45	5.224243245	3.85546875	29865.36981	115145
	74.5	5.96031396	3.95703125	31468.54097	124522
	74.55	2.592964995	2.00390625	29837.7232	59792
	74.6	2.989674381	2.265625	29055.11724	65828
	74.65	3.338271228	2.49609375	29736.46322	74225
	74.7	3.642331912	2.73046875	28645.99714	78217
	74.75	4.359642455	3.27734375	28634.46961	93845
	74.8	5.103837402	3.484375	28389.02242	98918
	74.85	6.113631237	4.13671875	27440.3475	113513
	74.9	3.053980746	2.07421875	27206.38795	56432
	74.95	3.626952842	2.33984375	26899.65943	62941
	75	3.95802931	2.4453125	27944.48562	68333
	75.05	4.580790395	2.85546875	27718.74145	79150
	75.1	5.40370493	3.359375	26805.28372	90049
	75.15	3.046396158	1.6796875	24249.15349	40731
	75.2	3.214054401	2.1015625	25123.68773	52799
	75.25	3.563763232	2.23828125	24851.21117	55624
	75.3	3.93330123	2.16015625	25235.6745	54513
	75.35	4.178756477	2.1953125	23861.75089	52384
	75.4	4.823075496	2.640625	24737.70414	65323
	75.45	5.726639853	2.57421875	23235.39909	59813
	75.5	2.974232025	1.640625	23709.86667	38899
	75.55	3.308691252	1.40234375	20752.40111	29102
	75.6	3.251023726	1.7109375	23701.62557	40552
	75.65	3.826638028	1.9765625	23624.85375	46696
	75.7	4.543711787	2.48046875	22779.56535	56504
	75.75	2.213646059	1.17578125	24661.90033	28997
	75.8	2.527069316	1.26953125	24056.91077	30541
	75.85	2.557080156	1.40234375	24156.70195	33876
	75.9	3.095671789	1.859375	24915.89916	46328
	75.95	3.522591146	2.0703125	24755.2	51251
	76	3.575502932	2.25	26305.33333	59187
	76.05	4.133215883	2.6796875	26569.88921	71199
	76.1	4.885510268	2.9765625	25115.88451	74759
	76.15	2.439149212	1.7109375	27839.70776	47632
	76.2	2.632471979	1.734375	27022.99099	46868
	76.25	3.136754108	2.171875	27975.82734	60760
	76.3	3.334863608	2.34765625	29231.70715	68626
	76.35	3.815754134	2.8203125	28339.05817	79925
	76.4	4.119364347	3.0078125	29404.42597	88443
	76.45	4.475648069	3.10546875	31512.47296	97861
	76.5	5.067136281	3.359375	32500.98605	109183
	76.55	2.449994496	1.76171875	33427.58315	58890
	76.6	2.616798369	2.015625	33914.04651	68358
	76.65	2.926318014	2.2265625	32145.06667	71573
	76.7	3.255353084	2.5	34039.6	85099
	76.75	3.501289894	2.5625	35813.46341	91772
	76.8	3.916018964	2.859375	36901.42077	105515
	76.85	4.52989505	3.171875	37107.07389	117699
	76.9	2.175683696	1.546875	38130.42424	58983
	76.95	2.285010763	1.859375	33298.28571	61914
	77	2.664023822	2.0078125	37333.16732	74958
	77.05	3.037071992	2.3046875	35576.18983	81992
	77.1	3.326806023	2.46484375	35915.46117	88526
	77.15	4.012066719	2.98046875	33751.73788	100596
	77.2	4.442053383	3.0390625	33076.97686	100523
	77.25	2.270082706	1.60546875	34467.19221	55336
	77.3	2.429182083	1.83203125	32943.76119	60354
	77.35	2.81420872	2.140625	33782.65693	72316
	77.4	3.171748562	2.328125	32626.68456	75959
	77.45	3.652380137	2.7421875	33412.0114	91622
	77.5	4.015384246	2.8203125	34255.42382	96611
	77.55	4.76684941	3.4375	32630.10909	112166
	77.6	5.421952664	3.5390625	34931.00221	123623
	77.65	6.117723381	4.16015625	34741.72394	144531
	77.7	2.725307243	2.17578125	35543.09515	77334
	77.75	3.067086296	2.390625	36398.01307	87014
	77.8	3.254137707	2.5703125	35542.37082	91355
	77.85	3.844979847	2.89453125	37125.52767	107461
	77.9	4.300859374	3.296875	36298.00948	119670
	77.95	5.099798844	3.94140625	35742.06541	140874
	78	2.322752232	1.8828125	37708.48133	70998
	78.05	2.637317622	2.12109375	37489.14917	79518
	78.1	2.940769679	2.26953125	36523.40103	82891
	78.15	3.568535596	2.9140625	35273.78016	102790
	78.2	4.019920775	2.94921875	35070.98278	103432
	78.25	4.86683601	3.546875	32784.07048	116281
	78.3	5.527399539	3.68359375	33136.39024	122061
	78.35	2.326471648	1.21875	27181.12821	33127
	78.4	3.569469832	2.296875	29146.12245	66945
	78.45	4.247994712	2.77734375	27057.86779	75149
	78.5	4.813081144	2.6328125	27772.20178	73119
	78.55	5.674438055	3.28515625	25657.83591	84290
	78.6	3.087199848	1.72265625	24950.42177	42981
	78.65	3.410863841	2.00390625	24304.53021	48704
	78.7	3.710047471	2.0859375	25032.38951	52216
	78.75	4.306354686	1.98046875	22981.42801	45514
	78.8	5.349176562	2.76953125	23546.58392	65213
	78.85	2.339632959	1.265625	23096.09877	29231
	78.9	2.666055256	1.53515625	22894.73791	35147
	78.95	2.94819957	1.56640625	22192.83791	34763
	79	3.370513073	2.05078125	22182.2781	45491
	79.05	3.813930758	2.1171875	21949.40221	46471
	79.1	4.39866567	2.50390625	21002.78315	52589
	79.15	4.877005067	2.65234375	21303.04566	56503
	79.2	2.044546312	1.2734375	21467.09202	27337
	79.25	2.203859889	1.45703125	22404.46113	32644
	79.3	2.442389939	1.65625	21538.41509	35673
	79.35	2.765290522	1.7109375	23306.52055	39876
	79.4	3.123583543	2.06640625	21737.73913	44919
	79.45	3.685560709	2.39453125	22777.31811	54541
	79.5	4.098230678	2.49609375	22254.37246	55549
	79.55	4.716448998	3.1640625	22464.79012	71080
	79.6	5.474390218	3.3203125	21694.64471	72033
	79.65	2.462062544	1.80078125	24145.63124	43481
	79.7	2.393896514	1.6484375	22760.34123	37519
	79.75	3.240614083	2.41015625	25091.7342	60475
	79.8	3.866034607	2.73046875	25371.46781	69276
	79.85	4.074026595	3.04296875	25781.4018	78452
	79.9	4.937346724	3.6171875	26446.7905	95663
	79.95	5.081222201	3.8359375	25637.53971	98344
	80	5.985592943	4.38671875	27806.43277	121979
	80.05	6.396775464	4.5625	25528.10959	116472
	80.1	3.759538893	2.6953125	27975.97681	75404
	80.15	4.03614338	2.8828125	27720.49864	79913
	80.2	4.737912764	3.23828125	29153.42823	94407
	80.25	5.500720493	3.69140625	29536.98201	109033
	80.3	2.806578068	1.8515625	27631.25738	51161
	80.35	2.861176169	1.8984375	27604.27984	52405
	80.4	3.186373816	2.22265625	29997.89104	66675
	80.45	3.757697189	2.64453125	28098.74151	74308
	80.5	4.242366388	2.87109375	29890.69932	85819
	80.55	4.638280473	3.2890625	29016.47506	95437
	80.6	5.175696767	3.44140625	29512.9353	101566
	80.65	6.077006386	3.8203125	29114.37219	111226
	80.7	2.986709436	1.99609375	27355.42857	54604
	80.75	3.424230639	2.06640625	27226.01134	56260
	80.8	3.80264827	2.28515625	28317.97607	64711
	80.85	4.320585008	2.515625	26447.50311	66532
	80.9	4.62785129	2.69921875	27604.28365	74510
	80.95	5.506575873	3.359375	26158.43721	87876
	81	5.859667979	3.234375	26672.54106	86269
	81.05	6.433135857	3.78515625	26677.63055	100979
	81.1	6.771601058	4.0703125	26339.25528	107209
	81.15	3.27993583	1.5234375	25035.48718	38140
	81.2	3.821556011	2.21875	24221.29577	53741
	81.25	4.146506101	2.3203125	24669.52189	57241
	81.3	2.255493762	1.1796875	22279.62914	26283
	81.35	2.33616956	1.2734375	23844.1227	30364
	81.4	2.723473392	1.359375	22599.35632	30721
	81.45	3.000527679	1.6796875	22805.43256	38306
	81.5	3.233252286	1.78515625	22519.0372	40200
	81.55	3.683370291	2.17578125	22216.8474	48339
	81.6	3.933158456	2.390625	23723.50327	56714
	81.65	4.150401121	2.46875	24557.77215	60627
	81.7	4.890632816	3.0234375	24502.57364	74082
	81.75	5.609981885	3.078125	24321.94924	74866
	81.8	2.842106765	1.79296875	24971.99129	44774
	81.85	3.368713632	2.15625	25550.84058	55094
	81.9	3.199085649	2.125	27014.58824	57406
	81.95	3.664833369	2.5078125	27155.93769	68102
	82	4.040452774	2.7578125	23282.94618	64210
	82.05	4.577088365	3.140625	27328.63682	85829
	82.1	5.174286398	3.37109375	27898.06721	94047
	82.15	5.940302815	4.14453125	27491.89067	113941
	82.2	3.027921255	2.0625	27478.78788	56675
	82.25	3.695187219	2.2578125	26560.66436	59969
	82.3	3.816266071	2.37109375	27899.78254	66153
	82.35	4.422776108	2.8515625	26925.58904	76780
	82.4	4.886938672	3.11328125	29732.61731	92566
	82.45	2.786427076	1.91015625	28688.75256	54800
	82.5	3.191541264	2.015625	25906.10853	52217
	82.55	3.562232536	2.3515625	29052.59801	68319
	82.6	3.779829442	2.55859375	29228.94656	74785
	82.65	4.109554132	2.765625	29109.87571	80507
	82.7	4.441832843	2.8671875	30943.21526	88720
	82.75	5.079743565	3.70703125	29737.54268	110238
	82.8	5.61863944	3.66796875	32438.38978	118983
	82.85	2.647616675	1.96484375	27263.74553	53569
	82.9	2.893792819	2.05859375	31887.30171	65643
	82.95	3.335903969	2.28515625	30561.14872	69837
	83	3.424394545	2.42578125	32163.24638	78021
	83.05	4.048837264	3.04296875	29859.9846	90863
	83.1	4.097457593	2.82421875	33367.81189	94238
	83.15	4.874918918	3.5546875	31457.61758	111822
	83.2	5.446885321	3.515625	32319.43111	113623
	83.25	6.454084047	4.40625	30754.04255	135510
	83.3	3.174216738	2.3203125	32217.6431	74755
	83.35	3.583315636	2.734375	30777.78286	84158
	83.4	3.820860351	2.63671875	31980.27852	84323
	83.45	4.275216888	3.1875	29563.60784	94234
	83.5	5.10662445	3.55859375	30630.91987	109003
	83.55	5.945420353	4.296875	27484.16	118096
	83.6	6.719842718	4.25	29784.23529	126583
	83.65	3.544090946	2.74609375	29250.27596	80324
	83.7	3.865327493	2.71875	29736.09195	80845
	83.75	4.493654365	3.3125	27548.98113	91256
	83.8	4.964818605	3.18359375	29042.3362	92459
	83.85	5.715434762	3.98046875	27077.21295	107780
	83.9	6.455386871	4.3359375	28374.71712	123031
	83.95	2.807729083	1.71484375	22513.42141	38607
	84	3.670382025	2.453125	26979.46497	66184
	84.05	4.296673178	2.8203125	26109.51801	73637
	84.1	4.700907792	3.171875	26250.71921	83264
	84.15	5.438618522	3.5546875	24925.67912	88603
	84.2	6.118342667	3.7578125	26176.39917	98366
	84.25	2.964824736	1.73828125	23210.85843	40347
	84.3	3.293278109	1.98828125	26230.19253	52153
	84.35	3.469671125	2.40625	25340.67532	60976
	84.4	4.165412719	2.578125	25504.58182	65754
	84.45	4.115924733	2.4921875	24403.86207	60819
	84.5	5.025193712	2.890625	24645.88108	71242
	84.55	4.704826201	1.9375	21782.19355	42203
	84.6	6.249329625	3.8828125	24167.01811	93836
	84.65	6.785270437	3.9609375	24658.30375	97670
	84.7	7.498722274	4.015625	24058.27237	96609
	84.75	3.100039349	1.94921875	24399.00601	47559
	84.8	4.196267674	2.69140625	23659.75036	63678
	84.85	4.764276217	2.94140625	24186.05046	71141
	84.9	4.8661896	2.7109375	21962.88184	59540
	84.95	5.815058801	3.5703125	25072.3151	89516
	85	3.429208224	2.2421875	24573.32404	55098
	85.05	3.183480794	1.97265625	25770.83564	50837
	85.1	3.921137003	2.4921875	25314.30721	63088
	85.15	3.581706713	2.33984375	23096.8414	54043
	85.2	5.416290624	3.3515625	25390.84382	85099
	85.25	6.061089932	3.5703125	25414.58206	90738
	85.3	3.164267203	1.8671875	22476.05021	41967
	85.35	3.185488914	2.05859375	23495.65085	48368
	85.4	3.447289822	2.05859375	25055.45351	51579
	85.45	3.647024756	2.25	25908.44444	58294
	85.5	4.61856113	2.7265625	25300.72206	68984
	85.55	4.608850682	2.2890625	65273.88396	149416
	85.6	4.656884686	1.92578125	27952.81136	53831
	85.65	5.831072674	2.00390625	27525.73879	55159
	85.7	2.511110586	0.953125	26756.19672	25502
	85.75	2.82958845	1.47265625	26689.18833	39304
	85.8	3.212447812	1.58203125	27156.85926	42963
	85.85	3.538888948	1.94140625	25945.62575	50371
	85.9	3.456640406	1.73046875	26932.58691	46606
	85.95	4.623820454	2.58203125	25560.49622	65998
	86	5.423461443	2.86328125	25131.65621	71959
	86.05	6.223149986	2.94921875	25036.46093	73838
	86.1	2.875331091	1.2890625	24752.87273	31908
	86.15	3.156132766	1.7578125	24862.15111	43703
	86.2	3.785939483	1.93359375	25189.88283	48707
	86.25	4.128710854	2.171875	24736.69065	53725
	86.3	4.398251349	2.1875	24381.71429	53335
	86.35	5.186045658	2.6171875	24132.77612	63160
	86.4	2.369930828	1.296875	24591.42169	31892
	86.45	2.783002793	1.64453125	23363.49644	38422
	86.5	2.892096423	1.7578125	23643.02222	41560
	86.55	3.266930551	1.8125	23489.10345	42574
	86.6	3.781410092	2.12890625	23482.48073	49992
	86.65	4.326069186	2.4140625	23042.89968	55627
	86.7	4.605934466	2.7265625	22664.43553	61796
	86.75	5.713065058	2.93359375	21870.10386	64158
	86.8	2.687856731	1.67578125	22228.43823	37250
	86.85	3.065445754	1.953125	21984.768	42939
	86.9	3.204403931	1.83984375	22348.09342	41117
	86.95	4.01362499	2.37109375	21543.64415	51082
	87	4.62511084	2.7734375	21374.19718	59280
	87.05	2.041405032	1.1328125	22103.3931	25039
	87.1	2.823622626	1.75390625	21734.91314	38121
	87.15	2.938632886	1.76171875	22196.50554	39104
	87.2	3.39753498	2.12109375	22224.85451	47141
	87.25	3.538319108	2.171875	20866.76259	45320
	87.3	4.931474541	3.015625	22171.19171	66860
	87.35	2.66036309	1.42578125	22464.17534	32029
	87.4	2.488833469	1.55859375	22701.23308	35382
	87.45	2.8640309	1.76171875	23494.102	41390
	87.5	3.455188394	2.0859375	23297.9176	48598
	87.55	3.692239147	2.1875	23570.74286	51561
	87.6	3.6480884	2.046875	23794.32061	48704
	87.65	4.226020963	2.31640625	22630.74536	52422
	87.7	2.110270241	0.8671875	20360.07207	17656
	87.75	2.422168986	1.1484375	20291.91837	23304
	87.8	2.88739059	1.2890625	19965.67273	25737
	87.85	4.059776607	3.015625	17956.14508	54149
	87.9	4.299742113	2.859375	18144.87432	51883
	87.95	5.047268664	3.56640625	17559.97371	62626
	88	5.53757568	3.84765625	16780.08528	64564
	88.05	6.281072461	4.34375	16936.51799	73568
	88.1	7.009562725	4.984375	16804.51411	83760
	88.15	7.906799939	5.77734375	16203.81339	93615
	88.2	4.551440449	2.79296875	15988.36364	44655
	88.25	5.486933631	3.88671875	15330.92663	59587
	88.3	5.873688956	3.6015625	16267.93926	58590
	88.35	6.688580977	4.4140625	16138.42124	71236
	88.4	3.613356119	2.71484375	15730.92374	42707
	88.45	4.002532891	2.96484375	16636.62714	49325
	88.5	4.467427021	3.2890625	16581.01663	54536
	88.55	4.985299718	3.78515625	17324.516	65576
	88.6	5.886299318	4.01171875	17924.73612	71909
	88.65	2.885657152	2.01953125	17947.72921	36246
	88.7	3.2070552	2.17578125	18335.94255	39895
